
1202  5

1202  13

1203  2

1203  11

1204  2

1206  8

1208  2

1208  6

1214  4

1214  12

1215  8

1216  12

1217  12

1217  14

1219  6

1219  14

1220  7

1221  2

1221  7

1221  12

1222  3

1223  12

1179  2

1179  11

1179  12

1179  13

1180  11

1181  3

1181  4

1185  1

1185  7

1185  9

1186  10

1188  11

1188  13

1189  8

1190  8

1190  13

1191  6

1191  10

1192  10

1193  2

1194  9

1194  11

1194  12

1195  12

1197  1

1197  2

1197  8

1197  10

1197  14

1199  8

1122  11

1123  7

1123  12

1124  1

1124  5

1124  13

1125  10

1126  9

1128  13

1129  13

1130  6

1130  8

1130  11

1130  14

1131  1

1131  2

1131  3

1131  4

1131  5

1131  6

1131  7

1131  8

1131  9

1131  10

1131  11

1131  12

1131  13

1131  14

1132  1

1132  2

1132  3

1132  4

1132  5

1132  6

1132  7

1132  8

1132  9

1132  10

1132  11

1132  12

1132  13

1132  14

1133  1

1133  2

1133  3

1133  4

1133  5

1133  6

1133  7

1133  8

1133  9

1133  10

1133  11

1133  12

1133  13

1133  14

1134  1

1134  2

1134  3

1134  4

1134  5

1134  6

1134  7

1134  8

1134  9

1134  10

1134  11

1134  12

1134  13

1134  14

1137  1

1137  2

1137  3

1137  4

1137  5

1137  6

1137  7

1137  8

1137  9

1137  10

1137  11

1137  12

1137  13

1137  14

1138  1

1138  2

1138  3

1138  4

1138  5

1138  6

1138  7

1138  8

1138  9

1138  10

1138  11

1138  12

1138  13

1138  14

1141  4

1144  6

1145  5

1146  9

1150  10

1150  11

1248  12

1249  14

1250  3

1251  8

1253  3

1253  7

1253  13

1254  13

1257  4

1257  10

1260  3

1260  4

1260  8

1261  2

1263  4

1263  11

1264  8

1267  4

1291  9

1292  1

1292  13

1294  10

1295  1

1296  8

1298  5

1299  3

1299  6

1299  11

1301  5

1302  8

1303  12

1305  1

1307  14

1308  5

1308  13

1309  6

1227  6

1228  3

1228  5

1233  11

1233  14

1235  1

1235  9

1235  13

1240  7

1240  14

1242  3

1242  13

1243  1

1244  5

1246  7

1246  10

1246  11

1247  1

1247  4

1247  10

1247  13

1154  5

1156  7

1157  1

1157  4

1157  5

1161  12

1162  12

1163  3

1163  14

1164  2

1164  9

1165  1

1166  4

1166  9

1167  3

1168  2

1169  11

1172  3

1172  4

1173  10
