
1051  9

1054  4

1055  1

1055  4

1056  5

1056  6

1058  6

1058  12

1058  14

1061  1

1061  14

1062  10

1062  13

1063  11

1064  6

1064  7

1064  13

1065  1

1067  3

1068  6

1068  12

1071  5

1071  7

843  2

843  14

844  2

844  11

845  6

845  9

845  11

845  12

846  4

846  13

847  7

847  8

847  13

848  3

848  5

848  10

849  2

849  13

850  3

850  6

851  12

852  1

852  3

852  4

853  5

854  8

855  3

855  5

855  6

855  11

857  4

857  5

858  3

858  4

858  9

858  12

859  2

859  3

859  5

859  6

859  9

860  1

860  4

860  5

860  6

860  9

861  12

1026  6

1027  2

1027  5

1027  6

1027  7

1029  2

1031  1

1032  5

1032  13

1033  11

1034  4

1034  5

1034  8

1035  3

1035  4

1035  8

1035  10

1036  1

1038  8

1040  7

1041  9

1043  6

1044  7

1044  13

1045  12

916  4

916  6

917  1

918  1

918  3

918  9

918  11

919  2

919  11

919  14

920  1

920  8

920  10

921  7

921  9

921  14

922  7

922  12

923  1

924  1

924  9

924  10

925  4

925  13

926  6

926  12

927  5

927  6

928  6

929  2

929  7

929  11

930  9

931  1

931  10

932  12

933  11

937  2

937  3

937  11

937  12

938  2

938  6

938  7

938  11

939  1

939  7

940  6

940  12

941  1

941  7

941  11

943  2

943  6

944  8

944  9

944  12

945  5

945  6

945  7

945  12

945  14

946  5

946  8

946  12

947  3

947  8

948  10

948  13

949  8

949  14

950  2

950  14

951  5

951  14

952  1

952  3

952  5

952  8

952  9

952  11

953  7

953  12

954  3

956  1

957  9

957  13

960  2

960  4

961  7

961  11

1087  4

1088  8

1091  1

1091  7

1093  2

1093  6

1094  11

1094  12

1096  7

1096  10

1097  1

1097  9

1098  9

1099  8

1103  5

1104  3

1105  1

1106  10

1107  3

865  2

865  6

866  7

866  9

866  10

867  1

867  9

867  10

867  14

868  1

868  2

868  3

868  7

869  4

869  12

869  14

872  2

873  4

875  1

876  2

876  3

876  4

877  3

877  7

878  9

880  1

880  8

881  2

881  8

882  2

882  7

882  10

882  11

883  4

883  9

883  10

888  9

888  13

889  3

889  8

889  14
