#Module_ID | #ASIC_ID | #ADC_To_MIP | #LowGain_To_HighGain_Transition | #LowGain_To_HighGain_Conversion | #TOT_To_LowGain_Transition | #TOT_To_LowGain_Conversion
78	0	0.020833	1733.82	9.08015	1395.59	2.88927
78	1	0.020833	1733.82	9.08015	1395.59	2.88927
78	2	0.020833	1733.82	9.08015	1395.59	2.88927
78	3	0.020833	1733.82	9.08015	1395.59	2.88927
90	0	0.020833	1733.82	9.08015	1395.59	2.88927
90	1	0.020833	1733.82	9.08015	1395.59	2.88927
90	2	0.020833	1733.82	9.08015	1395.59	2.88927
90	3	0.020833	1733.82	9.08015	1395.59	2.88927
89	0	0.020833	1733.82	9.08015	1395.59	2.88927
89	1	0.020833	1733.82	9.08015	1395.59	2.88927
89	2	0.020833	1733.82	9.08015	1395.59	2.88927
89	3	0.020833	1733.82	9.08015	1395.59	2.88927
88	0	0.020833	1733.82	9.08015	1395.59	2.88927
88	1	0.020833	1733.82	9.08015	1395.59	2.88927
88	2	0.020833	1733.82	9.08015	1395.59	2.88927
88	3	0.020833	1733.82	9.08015	1395.59	2.88927
77	0	0.020833	1733.82	9.08015	1395.59	2.88927
77	1	0.020833	1733.82	9.08015	1395.59	2.88927
77	2	0.020833	1733.82	9.08015	1395.59	2.88927
77	3	0.020833	1733.82	9.08015	1395.59	2.88927
85	0	0.020833	1733.82	9.08015	1395.59	2.88927
85	1	0.020833	1733.82	9.08015	1395.59	2.88927
85	2	0.020833	1733.82	9.08015	1395.59	2.88927
85	3	0.020833	1733.82	9.08015	1395.59	2.88927
84	0	0.020833	1733.82	9.08015	1395.59	2.88927
84	1	0.020833	1733.82	9.08015	1395.59	2.88927
84	2	0.020833	1733.82	9.08015	1395.59	2.88927
84	3	0.020833	1733.82	9.08015	1395.59	2.88927
32	0	0.020833	1733.82	9.08015	1395.59	2.88927
32	1	0.020833	1733.82	9.08015	1395.59	2.88927
32	2	0.020833	1733.82	9.08015	1395.59	2.88927
32	3	0.020833	1733.82	9.08015	1395.59	2.88927
69	0	0.020833	1733.82	9.08015	1395.59	2.88927
69	1	0.020833	1733.82	9.08015	1395.59	2.88927
69	2	0.020833	1733.82	9.08015	1395.59	2.88927
69	3	0.020833	1733.82	9.08015	1395.59	2.88927
79	0	0.020833	1733.82	9.08015	1395.59	2.88927
79	1	0.020833	1733.82	9.08015	1395.59	2.88927
79	2	0.020833	1733.82	9.08015	1395.59	2.88927
79	3	0.020833	1733.82	9.08015	1395.59	2.88927
67	0	0.020833	1733.82	9.08015	1395.59	2.88927
67	1	0.020833	1733.82	9.08015	1395.59	2.88927
67	2	0.020833	1733.82	9.08015	1395.59	2.88927
67	3	0.020833	1733.82	9.08015	1395.59	2.88927
65	0	0.020833	1733.82	9.08015	1395.59	2.88927
65	1	0.020833	1733.82	9.08015	1395.59	2.88927
65	2	0.020833	1733.82	9.08015	1395.59	2.88927
65	3	0.020833	1733.82	9.08015	1395.59	2.88927
76	0	0.020833	1733.82	9.08015	1395.59	2.88927
76	1	0.020833	1733.82	9.08015	1395.59	2.88927
76	2	0.020833	1733.82	9.08015	1395.59	2.88927
76	3	0.020833	1733.82	9.08015	1395.59	2.88927
83	0	0.020833	1733.82	9.08015	1395.59	2.88927
83	1	0.020833	1733.82	9.08015	1395.59	2.88927
83	2	0.020833	1733.82	9.08015	1395.59	2.88927
83	3	0.020833	1733.82	9.08015	1395.59	2.88927
35	0	0.020833	1733.82	9.08015	1395.59	2.88927
35	1	0.020833	1733.82	9.08015	1395.59	2.88927
35	2	0.020833	1733.82	9.08015	1395.59	2.88927
35	3	0.020833	1733.82	9.08015	1395.59	2.88927
36	0	0.020833	1733.82	9.08015	1395.59	2.88927
36	1	0.020833	1733.82	9.08015	1395.59	2.88927
36	2	0.020833	1733.82	9.08015	1395.59	2.88927
36	3	0.020833	1733.82	9.08015	1395.59	2.88927
70	0	0.020833	1733.82	9.08015	1395.59	2.88927
70	1	0.020833	1733.82	9.08015	1395.59	2.88927
70	2	0.020833	1733.82	9.08015	1395.59	2.88927
70	3	0.020833	1733.82	9.08015	1395.59	2.88927
73	0	0.020833	1733.82	9.08015	1395.59	2.88927
73	1	0.020833	1733.82	9.08015	1395.59	2.88927
73	2	0.020833	1733.82	9.08015	1395.59	2.88927
73	3	0.020833	1733.82	9.08015	1395.59	2.88927
44	0	0.020833	1733.82	9.08015	1395.59	2.88927
44	1	0.020833	1733.82	9.08015	1395.59	2.88927
44	2	0.020833	1733.82	9.08015	1395.59	2.88927
44	3	0.020833	1733.82	9.08015	1395.59	2.88927
51	0	0.020833	1733.82	9.08015	1395.59	2.88927
51	1	0.020833	1733.82	9.08015	1395.59	2.88927
51	2	0.020833	1733.82	9.08015	1395.59	2.88927
51	3	0.020833	1733.82	9.08015	1395.59	2.88927
86	0	0.020833	1733.82	9.08015	1395.59	2.88927
86	1	0.020833	1733.82	9.08015	1395.59	2.88927
86	2	0.020833	1733.82	9.08015	1395.59	2.88927
86	3	0.020833	1733.82	9.08015	1395.59	2.88927
87	0	0.020833	1733.82	9.08015	1395.59	2.88927
87	1	0.020833	1733.82	9.08015	1395.59	2.88927
87	2	0.020833	1733.82	9.08015	1395.59	2.88927
87	3	0.020833	1733.82	9.08015	1395.59	2.88927
54	0	0.020833	1733.82	9.08015	1395.59	2.88927
54	1	0.020833	1733.82	9.08015	1395.59	2.88927
54	2	0.020833	1733.82	9.08015	1395.59	2.88927
54	3	0.020833	1733.82	9.08015	1395.59	2.88927
62	0	0.020833	1733.82	9.08015	1395.59	2.88927
62	1	0.020833	1733.82	9.08015	1395.59	2.88927
62	2	0.020833	1733.82	9.08015	1395.59	2.88927
62	3	0.020833	1733.82	9.08015	1395.59	2.88927
64	0	0.020833	1733.82	9.08015	1395.59	2.88927
64	1	0.020833	1733.82	9.08015	1395.59	2.88927
64	2	0.020833	1733.82	9.08015	1395.59	2.88927
64	3	0.020833	1733.82	9.08015	1395.59	2.88927
55	0	0.020833	1733.82	9.08015	1395.59	2.88927
55	1	0.020833	1733.82	9.08015	1395.59	2.88927
55	2	0.020833	1733.82	9.08015	1395.59	2.88927
55	3	0.020833	1733.82	9.08015	1395.59	2.88927
59	0	0.020833	1733.82	9.08015	1395.59	2.88927
59	1	0.020833	1733.82	9.08015	1395.59	2.88927
59	2	0.020833	1733.82	9.08015	1395.59	2.88927
59	3	0.020833	1733.82	9.08015	1395.59	2.88927
71	0	0.020833	1733.82	9.08015	1395.59	2.88927
71	1	0.020833	1733.82	9.08015	1395.59	2.88927
71	2	0.020833	1733.82	9.08015	1395.59	2.88927
71	3	0.020833	1733.82	9.08015	1395.59	2.88927