# LAYER_ID | EE/FH | SENSOR_IX | SENSOR_IV | MODULE_ID 
0 0.0 EE 0 0 0 
1 1.0 EE 0 0 1 
2 2.0 EE 0 0 2
3 3.0 EE 0 0 3
4 4.0 EE 0 0 4
5 5.0 EE 0 0 5
6 6.0 EE 0 0 6
7 0.0 EE 0 0 7 
8 1.0 EE 0 0 8 
9 2.0 EE 0 0 9
10 3.0 EE 0 0 10
11 4.0 EE 0 0 11
12 5.0 EE 0 0 12
13 6.0 EE 0 0 13
14 0.0 EE 0 0 14 
15 1.0 EE 0 0 15 
16 2.0 EE 0 0 16
17 3.0 EE 0 0 17
18 4.0 EE 0 0 18
19 5.0 EE 0 0 19
20 6.0 EE 0 0 20
21 0.0 EE 0 0 21 
22 1.0 EE 0 0 22 
23 2.0 EE 0 0 23
24 3.0 EE 0 0 24
25 4.0 EE 0 0 25
26 5.0 EE 0 0 26
27 5.0 EE 0 0 27
