# SKIROC CHANNEL | LAYER SENSOR_IX SENSOR_IV IX IV TYPE
	1	0	1	0	0	-2	5	0
	1	2	1	0	0	-2	4	4
	1	4	1	0	0	-1	4	0
	1	6	1	0	0	-2	6	0
	1	8	1	0	0	0	3	0
	1	10	1	0	0	-1	6	2
	1	12	1	0	0	-1	5	0
	1	14	1	0	0	0	2	0
	1	16	1	0	0	-1	3	0
	1	18	1	0	0	-1	2	0
	1	20	1	0	0	-2	3	0
	1	22	1	0	0	-2	2	0
	1	24	1	0	0	-1	1	0
	1	26	1	0	0	-2	1	0
	1	28	1	0	0	-3	2	0
	1	30	1	0	0	-4	2	0
	1	32	1	0	0	-5	3	0
	1	34	1	0	0	-4	3	0
	1	36	1	0	0	-5	4	0
	1	38	1	0	0	-4	4	0
	1	40	1	0	0	-3	3	0
	1	42	1	0	0	-3	4	0
	1	44	1	0	0	-6	3	0
	1	46	1	0	0	-3	7	3
	1	48	1	0	0	-6	4	0
	1	50	1	0	0	-6	5	2
	1	52	1	0	0	-5	5	0
	1	54	1	0	0	-4	5	0
	1	56	1	0	0	-5	6	2
	1	58	1	0	0	-3	6	0
	1	60	1	0	0	-3	5	0
	1	62	1	0	0	-4	6	0
	2	0	1	0	0	-3	-2	0
	2	2	1	0	0	-4	-2	0
	2	4	1	0	0	-3	-3	0
	2	6	1	0	0	-4	-1	0
	2	8	1	0	0	-5	0	0
	2	10	1	0	0	-5	-1	2
	2	12	1	0	0	-6	1	2
	2	14	1	0	0	-4	0	0
	2	16	1	0	0	-3	-1	0
	2	18	1	0	0	-3	0	0
	2	20	1	0	0	-7	3	3
	2	22	1	0	0	-6	2	0
	2	24	1	0	0	-5	1	0
	2	26	1	0	0	-4	1	0
	2	28	1	0	0	-5	2	0
	2	30	1	0	0	-3	1	0
	2	32	1	0	0	-2	0	0
	2	34	1	0	0	-1	0	0
	2	36	1	0	0	0	-1	0
	2	38	1	0	0	-1	-1	0
	2	40	1	0	0	0	-4	0
	2	42	1	0	0	0	-3	0
	2	44	1	0	0	-1	-3	0
	2	46	1	0	0	0	-5	0
	2	48	1	0	0	-1	-5	2
	2	50	1	0	0	-1	-4	0
	2	52	1	0	0	-1	-2	0
	2	54	1	0	0	-2	-1	0
	2	56	1	0	0	-2	-2	0
	2	58	1	0	0	-2	-3	0
	2	60	1	0	0	-3	-4	3
	2	62	1	0	0	-2	-4	0
	3	0	1	0	0	3	-4	0
	3	2	1	0	0	2	-4	0
	3	4	1	0	0	3	-5	0
	3	6	1	0	0	4	-6	0
	3	8	1	0	0	1	-5	0
	3	10	1	0	0	3	-6	0
	3	12	1	0	0	4	-7	3
	3	14	1	0	0	2	-6	0
	3	16	1	0	0	1	-6	2
	3	18	1	0	0	2	-5	0
	3	20	1	0	0	1	-4	0
	3	22	1	0	0	1	-3	0
	3	24	1	0	0	2	-3	0
	3	26	1	0	0	1	-2	4
	3	28	1	0	0	0	-2	0
	3	30	1	0	0	3	-3	0
	3	32	1	0	0	3	-2	0
	3	34	1	0	0	2	-2	0
	3	36	1	0	0	0	0	0
	3	38	1	0	0	1	-1	0
	3	40	1	0	0	2	-1	0
	3	42	1	0	0	4	-2	0
	3	44	1	0	0	4	-3	0
	3	46	1	0	0	5	-3	0
	3	48	1	0	0	6	-4	0
	3	50	1	0	0	5	-4	0
	3	52	1	0	0	6	-5	2
	3	54	1	0	0	4	-5	0
	3	56	1	0	0	5	-5	0
	3	58	1	0	0	4	-4	0
	3	62	1	0	0	5	-6	2
	4	0	1	0	0	2	2	0
	4	2	1	0	0	3	1	0
	4	4	1	0	0	3	2	0
	4	6	1	0	0	4	0	0
	4	8	1	0	0	3	3	0
	4	10	1	0	0	4	-1	0
	4	12	1	0	0	5	-1	0
	4	14	1	0	0	2	4	0
	4	16	1	0	0	3	4	3
	4	18	1	0	0	4	2	0
	4	20	1	0	0	4	1	0
	4	22	1	0	0	5	1	2
	4	24	1	0	0	5	0	0
	4	26	1	0	0	6	-1	2
	4	28	1	0	0	6	-2	0
	4	30	1	0	0	5	-2	0
	4	32	1	0	0	6	-3	0
	4	34	1	0	0	7	-4	3
	4	36	1	0	0	1	0	0
	4	38	1	0	0	2	0	0
	4	40	1	0	0	3	-1	0
	4	42	1	0	0	3	0	0
	4	44	1	0	0	0	1	0
	4	46	1	0	0	1	3	0
	4	48	1	0	0	0	4	0
	4	50	1	0	0	0	5	0
	4	52	1	0	0	1	2	0
	4	54	1	0	0	1	1	0
	4	56	1	0	0	2	1	0
	4	58	1	0	0	2	3	0
	4	60	1	0	0	1	5	2
	4	62	1	0	0	1	4	0
# SKIROC CHANNEL | LAYER SENSOR_IX SENSOR_IV IX IV TYPE
	5	0	2	0	0	3	-5	0
	5	2	2	0	0	2	-4	4
	5	4	2	0	0	3	-4	0
	5	6	2	0	0	4	-6	0
	5	8	2	0	0	3	-3	0
	5	10	2	0	0	5	-6	2
	5	12	2	0	0	4	-5	0
	5	14	2	0	0	2	-2	0
	5	16	2	0	0	2	-3	0
	5	18	2	0	0	1	-2	0
	5	20	2	0	0	1	-3	0
	5	22	2	0	0	0	-2	0
	5	24	2	0	0	0	-1	0
	5	26	2	0	0	-1	-1	0
	5	28	2	0	0	-1	-2	0
	5	30	2	0	0	-2	-2	0
	5	32	2	0	0	-2	-3	0
	5	34	2	0	0	-1	-3	0
	5	36	2	0	0	-1	-4	0
	5	38	2	0	0	0	-4	0
	5	40	2	0	0	0	-3	0
	5	42	2	0	0	1	-4	0
	5	44	2	0	0	-3	-3	0
	5	46	2	0	0	4	-7	3
	5	48	2	0	0	-2	-4	0
	5	50	2	0	0	-1	-5	2
	5	52	2	0	0	0	-5	0
	5	54	2	0	0	1	-5	0
	5	56	2	0	0	1	-6	2
	5	58	2	0	0	3	-6	0
	5	60	2	0	0	2	-5	0
	5	62	2	0	0	2	-6	0
	6	0	2	0	0	-5	2	0
	6	2	2	0	0	-6	2	0
	6	4	2	0	0	-6	3	0
	6	6	2	0	0	-5	1	0
	6	8	2	0	0	-5	0	0
	6	10	2	0	0	-6	1	2
	6	12	2	0	0	-5	-1	2
	6	14	2	0	0	-4	0	0
	6	16	2	0	0	-4	1	0
	6	18	2	0	0	-3	0	0
	6	20	2	0	0	-4	-3	3
	6	22	2	0	0	-4	-2	0
	6	24	2	0	0	-4	-1	0
	6	26	2	0	0	-3	-1	0
	6	28	2	0	0	-3	-2	0
	6	30	2	0	0	-2	-1	0
	6	32	2	0	0	-2	0	0
	6	34	2	0	0	-1	0	0
	6	36	2	0	0	-1	1	0
	6	38	2	0	0	-2	1	0
	6	40	2	0	0	-4	4	0
	6	42	2	0	0	-3	3	0
	6	44	2	0	0	-4	3	0
	6	46	2	0	0	-5	5	0
	6	48	2	0	0	-6	5	2
	6	50	2	0	0	-5	4	0
	6	52	2	0	0	-3	2	0
	6	54	2	0	0	-3	1	0
	6	56	2	0	0	-4	2	0
	6	58	2	0	0	-5	3	0
	6	60	2	0	0	-7	4	3
	6	62	2	0	0	-6	4	0
	7	0	2	0	0	-1	4	0
	7	2	2	0	0	-2	4	0
	7	4	2	0	0	-2	5	0
	7	6	2	0	0	-2	6	0
	7	8	2	0	0	-4	5	0
	7	10	2	0	0	-3	6	0
	7	12	2	0	0	-3	7	3
	7	14	2	0	0	-4	6	0
	7	16	2	0	0	-5	6	2
	7	18	2	0	0	-3	5	0
	7	20	2	0	0	-3	4	0
	7	22	2	0	0	-2	3	0
	7	24	2	0	0	-1	3	0
	7	26	2	0	0	-1	2	4
	7	28	2	0	0	-2	2	0
	7	30	2	0	0	0	3	0
	7	32	2	0	0	1	2	0
	7	34	2	0	0	0	2	0
	7	36	2	0	0	0	0	0
	7	38	2	0	0	0	1	0
	7	40	2	0	0	1	1	0
	7	42	2	0	0	2	2	0
	7	44	2	0	0	1	3	0
	7	46	2	0	0	2	3	0
	7	48	2	0	0	2	4	0
	7	50	2	0	0	1	4	0
	7	52	2	0	0	1	5	2
	7	54	2	0	0	-1	5	0
	7	56	2	0	0	0	5	0
	7	58	2	0	0	0	4	0
	7	62	2	0	0	-1	6	2
	8	0	2	0	0	4	-2	0
	8	2	2	0	0	4	-1	0
	8	4	2	0	0	5	-2	0
	8	6	2	0	0	4	0	0
	8	8	2	0	0	6	-3	0
	8	10	2	0	0	3	1	0
	8	12	2	0	0	4	1	0
	8	14	2	0	0	6	-4	0
	8	16	2	0	0	7	-4	3
	8	18	2	0	0	6	-2	0
	8	20	2	0	0	5	-1	0
	8	22	2	0	0	6	-1	2
	8	24	2	0	0	5	0	0
	8	26	2	0	0	5	1	2
	8	28	2	0	0	4	2	0
	8	30	2	0	0	3	2	0
	8	32	2	0	0	3	3	0
	8	34	2	0	0	3	4	3
	8	36	2	0	0	1	0	0
	8	38	2	0	0	2	0	0
	8	40	2	0	0	2	1	0
	8	42	2	0	0	3	0	0
	8	44	2	0	0	1	-1	0
	8	46	2	0	0	4	-3	0
	8	48	2	0	0	4	-4	0
	8	50	2	0	0	5	-5	0
	8	52	2	0	0	3	-2	0
	8	54	2	0	0	2	-1	0
	8	56	2	0	0	3	-1	0
	8	58	2	0	0	5	-3	0
	8	60	2	0	0	6	-5	2
	8	62	2	0	0	5	-4	0
# SKIROC CHANNEL | LAYER SENSOR_IX SENSOR_IV IX IV TYPE
	9	0	3	0	0	-5	3	0
	9	2	3	0	0	-4	2	4
	9	4	3	0	0	-4	3	0
	9	6	3	0	0	-6	4	0
	9	8	3	0	0	-3	3	0
	9	10	3	0	0	-6	5	2
	9	12	3	0	0	-5	4	0
	9	14	3	0	0	-2	2	0
	9	16	3	0	0	-3	2	0
	9	18	3	0	0	-2	1	0
	9	20	3	0	0	-3	1	0
	9	22	3	0	0	-2	0	0
	9	24	3	0	0	-1	0	0
	9	26	3	0	0	-1	-1	0
	9	28	3	0	0	-2	-1	0
	9	30	3	0	0	-2	-2	0
	9	32	3	0	0	-3	-2	0
	9	34	3	0	0	-3	-1	0
	9	36	3	0	0	-4	-1	0
	9	38	3	0	0	-4	0	0
	9	40	3	0	0	-3	0	0
	9	42	3	0	0	-4	1	0
	9	44	3	0	0	-3	-3	0
	9	46	3	0	0	-7	4	3
	9	48	3	0	0	-4	-2	0
	9	50	3	0	0	-5	-1	2
	9	52	3	0	0	-5	0	0
	9	54	3	0	0	-5	1	0
	9	56	3	0	0	-6	1	2
	9	58	3	0	0	-6	3	0
	9	60	3	0	0	-5	2	0
	9	62	3	0	0	-6	2	0
	10	0	3	0	0	2	-5	0
	10	2	3	0	0	2	-6	0
	10	4	3	0	0	3	-6	0
	10	6	3	0	0	1	-5	0
	10	8	3	0	0	0	-5	0
	10	10	3	0	0	1	-6	2
	10	12	3	0	0	-1	-5	2
	10	14	3	0	0	0	-4	0
	10	16	3	0	0	1	-4	0
	10	18	3	0	0	0	-3	0
	10	20	3	0	0	-3	-4	3
	10	22	3	0	0	-2	-4	0
	10	24	3	0	0	-1	-4	0
	10	26	3	0	0	-1	-3	0
	10	28	3	0	0	-2	-3	0
	10	30	3	0	0	-1	-2	0
	10	32	3	0	0	0	-2	0
	10	34	3	0	0	0	-1	0
	10	36	3	0	0	1	-1	0
	10	38	3	0	0	1	-2	0
	10	40	3	0	0	4	-4	0
	10	42	3	0	0	3	-3	0
	10	44	3	0	0	3	-4	0
	10	46	3	0	0	5	-5	0
	10	48	3	0	0	5	-6	2
	10	50	3	0	0	4	-5	0
	10	52	3	0	0	2	-3	0
	10	54	3	0	0	1	-3	0
	10	56	3	0	0	2	-4	0
	10	58	3	0	0	3	-5	0
	10	60	3	0	0	4	-7	3
	10	62	3	0	0	4	-6	0
	11	0	3	0	0	4	-1	0
	11	2	3	0	0	4	-2	0
	11	4	3	0	0	5	-2	0
	11	6	3	0	0	6	-2	0
	11	8	3	0	0	5	-4	0
	11	10	3	0	0	6	-3	0
	11	12	3	0	0	7	-3	3
	11	14	3	0	0	6	-4	0
	11	16	3	0	0	6	-5	2
	11	18	3	0	0	5	-3	0
	11	20	3	0	0	4	-3	0
	11	22	3	0	0	3	-2	0
	11	24	3	0	0	3	-1	0
	11	26	3	0	0	2	-1	4
	11	28	3	0	0	2	-2	0
	11	30	3	0	0	3	0	0
	11	32	3	0	0	2	1	0
	11	34	3	0	0	2	0	0
	11	36	3	0	0	0	0	0
	11	38	3	0	0	1	0	0
	11	40	3	0	0	1	1	0
	11	42	3	0	0	2	2	0
	11	44	3	0	0	3	1	0
	11	46	3	0	0	3	2	0
	11	48	3	0	0	4	2	0
	11	50	3	0	0	4	1	0
	11	52	3	0	0	5	1	2
	11	54	3	0	0	5	-1	0
	11	56	3	0	0	5	0	0
	11	58	3	0	0	4	0	0
	11	62	3	0	0	6	-1	2
	12	0	3	0	0	-2	4	0
	12	2	3	0	0	-1	4	0
	12	4	3	0	0	-2	5	0
	12	6	3	0	0	0	4	0
	12	8	3	0	0	-3	6	0
	12	10	3	0	0	1	3	0
	12	12	3	0	0	1	4	0
	12	14	3	0	0	-4	6	0
	12	16	3	0	0	-4	7	3
	12	18	3	0	0	-2	6	0
	12	20	3	0	0	-1	5	0
	12	22	3	0	0	-1	6	2
	12	24	3	0	0	0	5	0
	12	26	3	0	0	1	5	2
	12	28	3	0	0	2	4	0
	12	30	3	0	0	2	3	0
	12	32	3	0	0	3	3	0
	12	34	3	0	0	4	3	3
	12	36	3	0	0	0	1	0
	12	38	3	0	0	0	2	0
	12	40	3	0	0	1	2	0
	12	42	3	0	0	0	3	0
	12	44	3	0	0	-1	1	0
	12	46	3	0	0	-3	4	0
	12	48	3	0	0	-4	4	0
	12	50	3	0	0	-5	5	0
	12	52	3	0	0	-2	3	0
	12	54	3	0	0	-1	2	0
	12	56	3	0	0	-1	3	0
	12	58	3	0	0	-3	5	0
	12	60	3	0	0	-5	6	2
	12	62	3	0	0	-4	5	0
# SKIROC CHANNEL | LAYER SENSOR_IX SENSOR_IV IX IV TYPE
	13	0	4	0	0	-5	3	0
	13	2	4	0	0	-4	2	4
	13	4	4	0	0	-4	3	0
	13	6	4	0	0	-6	4	0
	13	8	4	0	0	-3	3	0
	13	10	4	0	0	-6	5	2
	13	12	4	0	0	-5	4	0
	13	14	4	0	0	-2	2	0
	13	18	4	0	0	-2	1	0
	13	20	4	0	0	-3	1	5
	13	22	4	0	0	-2	0	0
	13	24	4	0	0	-1	0	0
	13	26	4	0	0	-1	-1	0
	13	28	4	0	0	-2	-1	0
	13	30	4	0	0	-2	-2	0
	13	32	4	0	0	-3	-2	0
	13	34	4	0	0	-3	-1	0
	13	36	4	0	0	-4	-1	0
	13	38	4	0	0	-4	0	0
	13	40	4	0	0	-3	0	0
	13	42	4	0	0	-4	1	0
	13	44	4	0	0	-3	-3	0
	13	46	4	0	0	-7	4	3
	13	48	4	0	0	-4	-2	0
	13	50	4	0	0	-5	-1	2
	13	52	4	0	0	-5	0	0
	13	54	4	0	0	-5	1	0
	13	56	4	0	0	-6	1	2
	13	58	4	0	0	-6	3	0
	13	60	4	0	0	-5	2	0
	13	62	4	0	0	-6	2	0
	14	0	4	0	0	2	-5	5
	14	2	4	0	0	2	-6	0
	14	6	4	0	0	1	-5	0
	14	8	4	0	0	0	-5	0
	14	10	4	0	0	1	-6	2
	14	12	4	0	0	-1	-5	2
	14	14	4	0	0	0	-4	5
	14	16	4	0	0	1	-4	0
	14	20	4	0	0	-3	-4	3
	14	22	4	0	0	-2	-4	0
	14	24	4	0	0	-1	-4	0
	14	26	4	0	0	-1	-3	0
	14	28	4	0	0	-2	-3	0
	14	30	4	0	0	-1	-2	0
	14	32	4	0	0	0	-2	0
	14	34	4	0	0	0	-1	0
	14	36	4	0	0	1	-1	0
	14	38	4	0	0	1	-2	0
	14	40	4	0	0	4	-4	0
	14	42	4	0	0	3	-3	0
	14	44	4	0	0	3	-4	0
	14	46	4	0	0	5	-5	0
	14	48	4	0	0	5	-6	2
	14	50	4	0	0	4	-5	0
	14	52	4	0	0	2	-3	0
	14	54	4	0	0	1	-3	0
	14	56	4	0	0	2	-4	0
	14	58	4	0	0	3	-5	0
	14	60	4	0	0	4	-7	3
	14	62	4	0	0	4	-6	0
	15	0	4	0	0	4	-1	0
	15	2	4	0	0	4	-2	0
	15	4	4	0	0	5	-2	0
	15	6	4	0	0	6	-2	0
	15	8	4	0	0	5	-4	0
	15	10	4	0	0	6	-3	0
	15	12	4	0	0	7	-3	3
	15	14	4	0	0	6	-4	0
	15	16	4	0	0	6	-5	2
	15	18	4	0	0	5	-3	0
	15	20	4	0	0	4	-3	0
	15	22	4	0	0	3	-2	0
	15	24	4	0	0	3	-1	0
	15	26	4	0	0	2	-1	4
	15	28	4	0	0	2	-2	0
	15	30	4	0	0	3	0	0
	15	32	4	0	0	2	1	0
	15	34	4	0	0	2	0	0
	15	36	4	0	0	0	0	0
	15	38	4	0	0	1	0	0
	15	40	4	0	0	1	1	0
	15	42	4	0	0	2	2	0
	15	44	4	0	0	3	1	0
	15	46	4	0	0	3	2	0
	15	48	4	0	0	4	2	0
	15	50	4	0	0	4	1	0
	15	52	4	0	0	5	1	2
	15	54	4	0	0	5	-1	0
	15	56	4	0	0	5	0	0
	15	58	4	0	0	4	0	0
	15	62	4	0	0	6	-1	2
	16	0	4	0	0	-2	4	0
	16	2	4	0	0	-1	4	0
	16	4	4	0	0	-2	5	0
	16	6	4	0	0	0	4	0
	16	8	4	0	0	-3	6	0
	16	10	4	0	0	1	3	0
	16	12	4	0	0	1	4	0
	16	14	4	0	0	-4	6	0
	16	16	4	0	0	-4	7	3
	16	18	4	0	0	-2	6	0
	16	20	4	0	0	-1	5	0
	16	22	4	0	0	-1	6	2
	16	24	4	0	0	0	5	0
	16	26	4	0	0	1	5	2
	16	28	4	0	0	2	4	0
	16	30	4	0	0	2	3	0
	16	32	4	0	0	3	3	0
	16	34	4	0	0	4	3	3
	16	36	4	0	0	0	1	0
	16	38	4	0	0	0	2	0
	16	40	4	0	0	1	2	0
	16	42	4	0	0	0	3	0
	16	44	4	0	0	-1	1	0
	16	46	4	0	0	-3	4	0
	16	48	4	0	0	-4	4	0
	16	50	4	0	0	-5	5	0
	16	52	4	0	0	-2	3	0
	16	54	4	0	0	-1	2	0
	16	56	4	0	0	-1	3	0
	16	58	4	0	0	-3	5	0
	16	60	4	0	0	-5	6	2
	16	62	4	0	0	-4	5	0
# SKIROC CHANNEL | LAYER SENSOR_IX SENSOR_IV IX IV TYPE
	17	0	5	0	0	5	-3	0
	17	2	5	0	0	4	-2	4
	17	4	5	0	0	4	-3	0
	17	6	5	0	0	6	-4	0
	17	8	5	0	0	3	-3	5
	17	10	5	0	0	6	-5	2
	17	12	5	0	0	5	-4	0
	17	16	5	0	0	3	-2	0
	17	18	5	0	0	2	-1	0
	17	20	5	0	0	3	-1	0
	17	22	5	0	0	2	0	0
	17	24	5	0	0	1	0	0
	17	26	5	0	0	1	1	5
	17	28	5	0	0	2	1	0
	17	30	5	0	0	2	2	0
	17	32	5	0	0	3	2	0
	17	34	5	0	0	3	1	0
	17	36	5	0	0	4	1	0
	17	38	5	0	0	4	0	0
	17	40	5	0	0	3	0	0
	17	42	5	0	0	4	-1	0
	17	44	5	0	0	3	3	0
	17	46	5	0	0	7	-4	3
	17	48	5	0	0	4	2	0
	17	50	5	0	0	5	1	2
	17	52	5	0	0	5	0	0
	17	56	5	0	0	6	-1	2
	17	58	5	0	0	6	-3	0
	17	60	5	0	0	5	-2	0
	17	62	5	0	0	6	-2	0
	18	0	5	0	0	-2	5	0
	18	2	5	0	0	-2	6	0
	18	4	5	0	0	-3	6	0
	18	6	5	0	0	-1	5	0
	18	8	5	0	0	0	5	0
	18	10	5	0	0	-1	6	2
	18	12	5	0	0	1	5	2
	18	14	5	0	0	0	4	0
	18	16	5	0	0	-1	4	0
	18	18	5	0	0	0	3	0
	18	20	5	0	0	3	4	3
	18	22	5	0	0	2	4	0
	18	24	5	0	0	1	4	0
	18	26	5	0	0	1	3	0
	18	28	5	0	0	2	3	0
	18	30	5	0	0	1	2	0
	18	32	5	0	0	0	2	0
	18	36	5	0	0	-1	1	0
	18	38	5	0	0	-1	2	0
	18	40	5	0	0	-4	4	0
	18	42	5	0	0	-3	3	0
	18	44	5	0	0	-3	4	0
	18	46	5	0	0	-5	5	0
	18	48	5	0	0	-5	6	2
	18	50	5	0	0	-4	5	0
	18	52	5	0	0	-2	3	0
	18	54	5	0	0	-1	3	0
	18	56	5	0	0	-2	4	0
	18	58	5	0	0	-3	5	0
	18	60	5	0	0	-4	7	3
	18	62	5	0	0	-4	6	0
	19	0	5	0	0	-4	1	0
	19	2	5	0	0	-4	2	0
	19	4	5	0	0	-5	2	0
	19	6	5	0	0	-6	2	0
	19	8	5	0	0	-5	4	0
	19	10	5	0	0	-6	3	0
	19	12	5	0	0	-7	3	3
	19	14	5	0	0	-6	4	0
	19	16	5	0	0	-6	5	2
	19	18	5	0	0	-5	3	0
	19	20	5	0	0	-4	3	0
	19	22	5	0	0	-3	2	0
	19	24	5	0	0	-3	1	0
	19	26	5	0	0	-2	1	4
	19	28	5	0	0	-2	2	0
	19	30	5	0	0	-3	0	0
	19	32	5	0	0	-2	-1	0
	19	34	5	0	0	-2	0	0
	19	36	5	0	0	0	0	0
	19	38	5	0	0	-1	0	0
	19	40	5	0	0	-1	-1	0
	19	42	5	0	0	-2	-2	0
	19	44	5	0	0	-3	-1	0
	19	46	5	0	0	-3	-2	0
	19	48	5	0	0	-4	-2	0
	19	50	5	0	0	-4	-1	0
	19	52	5	0	0	-5	-1	2
	19	54	5	0	0	-5	1	0
	19	56	5	0	0	-5	0	0
	19	58	5	0	0	-4	0	0
	19	62	5	0	0	-6	1	2
	20	0	5	0	0	2	-4	0
	20	2	5	0	0	1	-4	0
	20	4	5	0	0	2	-5	0
	20	6	5	0	0	0	-4	0
	20	8	5	0	0	3	-6	0
	20	10	5	0	0	-1	-3	0
	20	12	5	0	0	-1	-4	0
	20	14	5	0	0	4	-6	0
	20	16	5	0	0	4	-7	3
	20	18	5	0	0	2	-6	0
	20	20	5	0	0	1	-5	0
	20	22	5	0	0	1	-6	2
	20	24	5	0	0	0	-5	5
	20	28	5	0	0	-2	-4	0
	20	30	5	0	0	-2	-3	0
	20	32	5	0	0	-3	-3	0
	20	34	5	0	0	-4	-3	3
	20	36	5	0	0	0	-1	0
	20	38	5	0	0	0	-2	0
	20	40	5	0	0	-1	-2	0
	20	42	5	0	0	0	-3	0
	20	44	5	0	0	1	-1	0
	20	46	5	0	0	3	-4	0
	20	48	5	0	0	4	-4	0
	20	50	5	0	0	5	-5	0
	20	52	5	0	0	2	-3	0
	20	54	5	0	0	1	-2	0
	20	56	5	0	0	1	-3	0
	20	58	5	0	0	3	-5	0
	20	60	5	0	0	5	-6	2
	20	62	5	0	0	4	-5	0
# SKIROC CHANNEL | LAYER SENSOR_IX SENSOR_IV IX IV TYPE
	21	0	5	1	-1	-5	3	0
	21	2	5	1	-1	-4	2	4
	21	4	5	1	-1	-4	3	0
	21	6	5	1	-1	-6	4	0
	21	8	5	1	-1	-3	3	0
	21	10	5	1	-1	-6	5	2
	21	12	5	1	-1	-5	4	0
	21	14	5	1	-1	-2	2	0
	21	16	5	1	-1	-3	2	0
	21	18	5	1	-1	-2	1	0
	21	20	5	1	-1	-3	1	0
	21	22	5	1	-1	-2	0	0
	21	24	5	1	-1	-1	0	0
	21	26	5	1	-1	-1	-1	0
	21	28	5	1	-1	-2	-1	0
	21	30	5	1	-1	-2	-2	0
	21	32	5	1	-1	-3	-2	0
	21	34	5	1	-1	-3	-1	0
	21	36	5	1	-1	-4	-1	0
	21	38	5	1	-1	-4	0	0
	21	40	5	1	-1	-3	0	0
	21	42	5	1	-1	-4	1	0
	21	44	5	1	-1	-3	-3	0
	21	46	5	1	-1	-7	4	3
	21	48	5	1	-1	-4	-2	0
	21	50	5	1	-1	-5	-1	2
	21	52	5	1	-1	-5	0	0
	21	54	5	1	-1	-5	1	0
	21	56	5	1	-1	-6	1	2
	21	58	5	1	-1	-6	3	0
	21	60	5	1	-1	-5	2	0
	21	62	5	1	-1	-6	2	0
	22	0	5	1	-1	2	-5	0
	22	2	5	1	-1	2	-6	0
	22	4	5	1	-1	3	-6	0
	22	6	5	1	-1	1	-5	0
	22	8	5	1	-1	0	-5	0
	22	10	5	1	-1	1	-6	2
	22	12	5	1	-1	-1	-5	2
	22	14	5	1	-1	0	-4	0
	22	16	5	1	-1	1	-4	0
	22	18	5	1	-1	0	-3	0
	22	20	5	1	-1	-3	-4	3
	22	22	5	1	-1	-2	-4	0
	22	24	5	1	-1	-1	-4	0
	22	26	5	1	-1	-1	-3	0
	22	28	5	1	-1	-2	-3	0
	22	30	5	1	-1	-1	-2	0
	22	32	5	1	-1	0	-2	0
	22	34	5	1	-1	0	-1	0
	22	36	5	1	-1	1	-1	0
	22	38	5	1	-1	1	-2	0
	22	40	5	1	-1	4	-4	0
	22	42	5	1	-1	3	-3	0
	22	44	5	1	-1	3	-4	0
	22	46	5	1	-1	5	-5	0
	22	48	5	1	-1	5	-6	2
	22	50	5	1	-1	4	-5	0
	22	52	5	1	-1	2	-3	0
	22	54	5	1	-1	1	-3	0
	22	56	5	1	-1	2	-4	0
	22	58	5	1	-1	3	-5	0
	22	60	5	1	-1	4	-7	3
	22	62	5	1	-1	4	-6	0
	23	0	5	1	-1	4	-1	0
	23	2	5	1	-1	4	-2	0
	23	4	5	1	-1	5	-2	0
	23	6	5	1	-1	6	-2	0
	23	8	5	1	-1	5	-4	0
	23	10	5	1	-1	6	-3	0
	23	12	5	1	-1	7	-3	3
	23	14	5	1	-1	6	-4	0
	23	16	5	1	-1	6	-5	2
	23	18	5	1	-1	5	-3	0
	23	20	5	1	-1	4	-3	0
	23	22	5	1	-1	3	-2	0
	23	24	5	1	-1	3	-1	0
	23	26	5	1	-1	2	-1	4
	23	28	5	1	-1	2	-2	0
	23	30	5	1	-1	3	0	0
	23	32	5	1	-1	2	1	0
	23	34	5	1	-1	2	0	0
	23	36	5	1	-1	0	0	0
	23	38	5	1	-1	1	0	0
	23	40	5	1	-1	1	1	0
	23	42	5	1	-1	2	2	0
	23	44	5	1	-1	3	1	0
	23	46	5	1	-1	3	2	0
	23	48	5	1	-1	4	2	0
	23	50	5	1	-1	4	1	0
	23	52	5	1	-1	5	1	2
	23	54	5	1	-1	5	-1	0
	23	56	5	1	-1	5	0	0
	23	58	5	1	-1	4	0	0
	23	62	5	1	-1	6	-1	2
	24	0	5	1	-1	-2	4	0
	24	2	5	1	-1	-1	4	0
	24	4	5	1	-1	-2	5	0
	24	6	5	1	-1	0	4	0
	24	8	5	1	-1	-3	6	0
	24	10	5	1	-1	1	3	0
	24	12	5	1	-1	1	4	0
	24	14	5	1	-1	-4	6	0
	24	16	5	1	-1	-4	7	3
	24	18	5	1	-1	-2	6	0
	24	20	5	1	-1	-1	5	0
	24	22	5	1	-1	-1	6	2
	24	24	5	1	-1	0	5	0
	24	26	5	1	-1	1	5	2
	24	28	5	1	-1	2	4	0
	24	30	5	1	-1	2	3	0
	24	32	5	1	-1	3	3	0
	24	34	5	1	-1	4	3	3
	24	36	5	1	-1	0	1	0
	24	38	5	1	-1	0	2	0
	24	40	5	1	-1	1	2	0
	24	42	5	1	-1	0	3	0
	24	44	5	1	-1	-1	1	0
	24	46	5	1	-1	-3	4	0
	24	48	5	1	-1	-4	4	0
	24	50	5	1	-1	-5	5	0
	24	52	5	1	-1	-2	3	0
	24	54	5	1	-1	-1	2	0
	24	56	5	1	-1	-1	3	0
	24	58	5	1	-1	-3	5	0
	24	60	5	1	-1	-5	6	2
	24	62	5	1	-1	-4	5	0
# SKIROC CHANNEL | LAYER SENSOR_IX SENSOR_IV IX IV TYPE
	25	0	5	0	-1	-5	3	0
	25	2	5	0	-1	-4	2	4
	25	4	5	0	-1	-4	3	0
	25	6	5	0	-1	-6	4	0
	25	8	5	0	-1	-3	3	0
	25	10	5	0	-1	-6	5	2
	25	12	5	0	-1	-5	4	0
	25	14	5	0	-1	-2	2	0
	25	16	5	0	-1	-3	2	0
	25	18	5	0	-1	-2	1	0
	25	20	5	0	-1	-3	1	0
	25	22	5	0	-1	-2	0	0
	25	24	5	0	-1	-1	0	0
	25	26	5	0	-1	-1	-1	0
	25	28	5	0	-1	-2	-1	0
	25	30	5	0	-1	-2	-2	0
	25	32	5	0	-1	-3	-2	0
	25	34	5	0	-1	-3	-1	0
	25	36	5	0	-1	-4	-1	0
	25	38	5	0	-1	-4	0	0
	25	40	5	0	-1	-3	0	0
	25	42	5	0	-1	-4	1	0
	25	44	5	0	-1	-3	-3	0
	25	46	5	0	-1	-7	4	3
	25	48	5	0	-1	-4	-2	0
	25	50	5	0	-1	-5	-1	2
	25	52	5	0	-1	-5	0	0
	25	54	5	0	-1	-5	1	0
	25	56	5	0	-1	-6	1	2
	25	58	5	0	-1	-6	3	0
	25	60	5	0	-1	-5	2	0
	25	62	5	0	-1	-6	2	0
	26	0	5	0	-1	2	-5	0
	26	2	5	0	-1	2	-6	0
	26	4	5	0	-1	3	-6	0
	26	6	5	0	-1	1	-5	0
	26	8	5	0	-1	0	-5	0
	26	10	5	0	-1	1	-6	2
	26	12	5	0	-1	-1	-5	2
	26	14	5	0	-1	0	-4	0
	26	16	5	0	-1	1	-4	0
	26	18	5	0	-1	0	-3	0
	26	20	5	0	-1	-3	-4	3
	26	22	5	0	-1	-2	-4	0
	26	24	5	0	-1	-1	-4	0
	26	26	5	0	-1	-1	-3	0
	26	28	5	0	-1	-2	-3	0
	26	30	5	0	-1	-1	-2	0
	26	32	5	0	-1	0	-2	0
	26	34	5	0	-1	0	-1	0
	26	36	5	0	-1	1	-1	0
	26	38	5	0	-1	1	-2	0
	26	40	5	0	-1	4	-4	0
	26	42	5	0	-1	3	-3	0
	26	44	5	0	-1	3	-4	0
	26	46	5	0	-1	5	-5	0
	26	48	5	0	-1	5	-6	2
	26	50	5	0	-1	4	-5	0
	26	52	5	0	-1	2	-3	0
	26	54	5	0	-1	1	-3	0
	26	56	5	0	-1	2	-4	0
	26	58	5	0	-1	3	-5	0
	26	60	5	0	-1	4	-7	3
	26	62	5	0	-1	4	-6	0
	27	0	5	0	-1	4	-1	0
	27	2	5	0	-1	4	-2	0
	27	4	5	0	-1	5	-2	0
	27	6	5	0	-1	6	-2	0
	27	8	5	0	-1	5	-4	0
	27	10	5	0	-1	6	-3	0
	27	12	5	0	-1	7	-3	3
	27	14	5	0	-1	6	-4	0
	27	16	5	0	-1	6	-5	2
	27	18	5	0	-1	5	-3	0
	27	20	5	0	-1	4	-3	0
	27	22	5	0	-1	3	-2	0
	27	24	5	0	-1	3	-1	0
	27	26	5	0	-1	2	-1	4
	27	28	5	0	-1	2	-2	0
	27	30	5	0	-1	3	0	0
	27	32	5	0	-1	2	1	0
	27	34	5	0	-1	2	0	0
	27	36	5	0	-1	0	0	0
	27	38	5	0	-1	1	0	0
	27	40	5	0	-1	1	1	0
	27	42	5	0	-1	2	2	0
	27	44	5	0	-1	3	1	0
	27	46	5	0	-1	3	2	0
	27	48	5	0	-1	4	2	0
	27	50	5	0	-1	4	1	0
	27	52	5	0	-1	5	1	2
	27	54	5	0	-1	5	-1	0
	27	56	5	0	-1	5	0	0
	27	58	5	0	-1	4	0	0
	28	0	5	0	-1	-2	4	0
	28	2	5	0	-1	-1	4	0
	28	4	5	0	-1	-2	5	0
	28	6	5	0	-1	0	4	0
	28	8	5	0	-1	-3	6	0
	28	10	5	0	-1	1	3	0
	28	12	5	0	-1	1	4	0
	28	14	5	0	-1	-4	6	0
	28	16	5	0	-1	-4	7	3
	28	18	5	0	-1	-2	6	0
	28	20	5	0	-1	-1	5	0
	28	22	5	0	-1	-1	6	2
	28	24	5	0	-1	0	5	0
	28	26	5	0	-1	1	5	2
	28	28	5	0	-1	2	4	0
	28	30	5	0	-1	2	3	0
	28	32	5	0	-1	3	3	0
	28	34	5	0	-1	4	3	3
	28	36	5	0	-1	0	1	0
	28	38	5	0	-1	0	2	0
	28	40	5	0	-1	1	2	0
	28	42	5	0	-1	0	3	0
	28	44	5	0	-1	-1	1	0
	28	46	5	0	-1	-3	4	0
	28	48	5	0	-1	-4	4	0
	28	50	5	0	-1	-5	5	0
	28	52	5	0	-1	-2	3	0
	28	54	5	0	-1	-1	2	0
	28	56	5	0	-1	-1	3	0
	28	58	5	0	-1	-3	5	0
	28	60	5	0	-1	-5	6	2
	28	62	5	0	-1	-4	5	0
# SKIROC CHANNEL | LAYER SENSOR_IX SENSOR_IV IX IV TYPE
	29	0	6	0	0	5	-3	0
	29	2	6	0	0	4	-2	4
	29	4	6	0	0	4	-3	0
	29	6	6	0	0	6	-4	0
	29	8	6	0	0	3	-3	0
	29	10	6	0	0	6	-5	2
	29	12	6	0	0	5	-4	0
	29	14	6	0	0	2	-2	0
	29	16	6	0	0	3	-2	0
	29	18	6	0	0	2	-1	0
	29	20	6	0	0	3	-1	0
	29	22	6	0	0	2	0	0
	29	24	6	0	0	1	0	0
	29	26	6	0	0	1	1	0
	29	28	6	0	0	2	1	0
	29	30	6	0	0	2	2	0
	29	32	6	0	0	3	2	0
	29	34	6	0	0	3	1	0
	29	36	6	0	0	4	1	0
	29	38	6	0	0	4	0	0
	29	40	6	0	0	3	0	0
	29	42	6	0	0	4	-1	0
	29	44	6	0	0	3	3	0
	29	46	6	0	0	7	-4	3
	29	48	6	0	0	4	2	0
	29	50	6	0	0	5	1	2
	29	52	6	0	0	5	0	0
	29	54	6	0	0	5	-1	0
	29	56	6	0	0	6	-1	2
	29	58	6	0	0	6	-3	0
	29	60	6	0	0	5	-2	0
	29	62	6	0	0	6	-2	0
	30	0	6	0	0	-2	5	0
	30	2	6	0	0	-2	6	0
	30	4	6	0	0	-3	6	0
	30	6	6	0	0	-1	5	0
	30	8	6	0	0	0	5	0
	30	10	6	0	0	-1	6	2
	30	12	6	0	0	1	5	2
	30	14	6	0	0	0	4	0
	30	16	6	0	0	-1	4	0
	30	18	6	0	0	0	3	0
	30	20	6	0	0	3	4	3
	30	22	6	0	0	2	4	0
	30	24	6	0	0	1	4	0
	30	26	6	0	0	1	3	0
	30	28	6	0	0	2	3	0
	30	30	6	0	0	1	2	0
	30	32	6	0	0	0	2	0
	30	34	6	0	0	0	1	0
	30	36	6	0	0	-1	1	0
	30	38	6	0	0	-1	2	0
	30	40	6	0	0	-4	4	0
	30	42	6	0	0	-3	3	0
	30	44	6	0	0	-3	4	0
	30	46	6	0	0	-5	5	0
	30	48	6	0	0	-5	6	2
	30	50	6	0	0	-4	5	0
	30	52	6	0	0	-2	3	0
	30	54	6	0	0	-1	3	0
	30	56	6	0	0	-2	4	0
	30	58	6	0	0	-3	5	0
	30	60	6	0	0	-4	7	3
	30	62	6	0	0	-4	6	0
	31	0	6	0	0	-4	1	0
	31	2	6	0	0	-4	2	0
	31	4	6	0	0	-5	2	0
	31	6	6	0	0	-6	2	0
	31	8	6	0	0	-5	4	0
	31	10	6	0	0	-6	3	0
	31	12	6	0	0	-7	3	3
	31	14	6	0	0	-6	4	0
	31	16	6	0	0	-6	5	2
	31	18	6	0	0	-5	3	0
	31	20	6	0	0	-4	3	0
	31	22	6	0	0	-3	2	0
	31	24	6	0	0	-3	1	0
	31	26	6	0	0	-2	1	4
	31	28	6	0	0	-2	2	0
	31	30	6	0	0	-3	0	0
	31	32	6	0	0	-2	-1	0
	31	34	6	0	0	-2	0	0
	31	36	6	0	0	0	0	0
	31	38	6	0	0	-1	0	0
	31	40	6	0	0	-1	-1	0
	31	42	6	0	0	-2	-2	0
	31	44	6	0	0	-3	-1	0
	31	46	6	0	0	-3	-2	0
	31	48	6	0	0	-4	-2	0
	31	50	6	0	0	-4	-1	0
	31	52	6	0	0	-5	-1	2
	31	54	6	0	0	-5	1	0
	31	56	6	0	0	-5	0	0
	31	58	6	0	0	-4	0	0
	31	62	6	0	0	-6	1	2
	32	0	6	0	0	2	-4	0
	32	2	6	0	0	1	-4	0
	32	4	6	0	0	2	-5	0
	32	6	6	0	0	0	-4	0
	32	8	6	0	0	3	-6	0
	32	10	6	0	0	-1	-3	0
	32	12	6	0	0	-1	-4	0
	32	14	6	0	0	4	-6	0
	32	16	6	0	0	4	-7	3
	32	18	6	0	0	2	-6	0
	32	20	6	0	0	1	-5	0
	32	22	6	0	0	1	-6	2
	32	24	6	0	0	0	-5	0
	32	26	6	0	0	-1	-5	2
	32	28	6	0	0	-2	-4	0
	32	30	6	0	0	-2	-3	0
	32	32	6	0	0	-3	-3	0
	32	34	6	0	0	-4	-3	3
	32	36	6	0	0	0	-1	0
	32	38	6	0	0	0	-2	0
	32	40	6	0	0	-1	-2	0
	32	42	6	0	0	0	-3	0
	32	44	6	0	0	1	-1	0
	32	46	6	0	0	3	-4	0
	32	48	6	0	0	4	-4	0
	32	50	6	0	0	5	-5	0
	32	52	6	0	0	2	-3	0
	32	54	6	0	0	1	-2	0
	32	56	6	0	0	1	-3	0
	32	58	6	0	0	3	-5	0
	32	60	6	0	0	5	-6	2
	32	62	6	0	0	4	-5	0
# SKIROC CHANNEL | LAYER SENSOR_IX SENSOR_IV IX IV TYPE
	33	0	6	1	-1	-5	3	0
	33	2	6	1	-1	-4	2	4
	33	4	6	1	-1	-4	3	0
	33	6	6	1	-1	-6	4	0
	33	8	6	1	-1	-3	3	0
	33	10	6	1	-1	-6	5	2
	33	12	6	1	-1	-5	4	0
	33	14	6	1	-1	-2	2	0
	33	16	6	1	-1	-3	2	0
	33	18	6	1	-1	-2	1	0
	33	20	6	1	-1	-3	1	0
	33	22	6	1	-1	-2	0	0
	33	24	6	1	-1	-1	0	0
	33	26	6	1	-1	-1	-1	0
	33	28	6	1	-1	-2	-1	0
	33	30	6	1	-1	-2	-2	0
	33	32	6	1	-1	-3	-2	0
	33	34	6	1	-1	-3	-1	0
	33	36	6	1	-1	-4	-1	0
	33	38	6	1	-1	-4	0	0
	33	40	6	1	-1	-3	0	0
	33	42	6	1	-1	-4	1	0
	33	44	6	1	-1	-3	-3	0
	33	46	6	1	-1	-7	4	3
	33	48	6	1	-1	-4	-2	0
	33	50	6	1	-1	-5	-1	2
	33	52	6	1	-1	-5	0	0
	33	54	6	1	-1	-5	1	0
	33	56	6	1	-1	-6	1	2
	33	58	6	1	-1	-6	3	0
	33	60	6	1	-1	-5	2	0
	33	62	6	1	-1	-6	2	0
	34	0	6	1	-1	2	-5	0
	34	2	6	1	-1	2	-6	0
	34	4	6	1	-1	3	-6	0
	34	6	6	1	-1	1	-5	0
	34	8	6	1	-1	0	-5	0
	34	10	6	1	-1	1	-6	2
	34	12	6	1	-1	-1	-5	2
	34	14	6	1	-1	0	-4	0
	34	16	6	1	-1	1	-4	0
	34	18	6	1	-1	0	-3	0
	34	20	6	1	-1	-3	-4	3
	34	22	6	1	-1	-2	-4	0
	34	24	6	1	-1	-1	-4	0
	34	26	6	1	-1	-1	-3	0
	34	28	6	1	-1	-2	-3	0
	34	30	6	1	-1	-1	-2	0
	34	32	6	1	-1	0	-2	0
	34	34	6	1	-1	0	-1	0
	34	36	6	1	-1	1	-1	0
	34	38	6	1	-1	1	-2	0
	34	40	6	1	-1	4	-4	0
	34	42	6	1	-1	3	-3	0
	34	44	6	1	-1	3	-4	0
	34	46	6	1	-1	5	-5	0
	34	48	6	1	-1	5	-6	2
	34	50	6	1	-1	4	-5	0
	34	52	6	1	-1	2	-3	0
	34	54	6	1	-1	1	-3	0
	34	56	6	1	-1	2	-4	0
	34	58	6	1	-1	3	-5	0
	34	60	6	1	-1	4	-7	3
	34	62	6	1	-1	4	-6	0
	35	0	6	1	-1	4	-1	0
	35	2	6	1	-1	4	-2	0
	35	4	6	1	-1	5	-2	0
	35	6	6	1	-1	6	-2	0
	35	8	6	1	-1	5	-4	0
	35	10	6	1	-1	6	-3	0
	35	12	6	1	-1	7	-3	3
	35	14	6	1	-1	6	-4	0
	35	16	6	1	-1	6	-5	2
	35	18	6	1	-1	5	-3	0
	35	20	6	1	-1	4	-3	0
	35	22	6	1	-1	3	-2	0
	35	24	6	1	-1	3	-1	0
	35	26	6	1	-1	2	-1	4
	35	28	6	1	-1	2	-2	0
	35	30	6	1	-1	3	0	0
	35	32	6	1	-1	2	1	0
	35	34	6	1	-1	2	0	0
	35	36	6	1	-1	0	0	0
	35	38	6	1	-1	1	0	0
	35	40	6	1	-1	1	1	0
	35	42	6	1	-1	2	2	0
	35	44	6	1	-1	3	1	0
	35	46	6	1	-1	3	2	0
	35	48	6	1	-1	4	2	0
	35	50	6	1	-1	4	1	0
	35	52	6	1	-1	5	1	2
	35	54	6	1	-1	5	-1	0
	35	56	6	1	-1	5	0	0
	35	58	6	1	-1	4	0	0
	35	62	6	1	-1	6	-1	2
	36	0	6	1	-1	-2	4	0
	36	2	6	1	-1	-1	4	0
	36	4	6	1	-1	-2	5	0
	36	6	6	1	-1	0	4	0
	36	8	6	1	-1	-3	6	0
	36	10	6	1	-1	1	3	0
	36	12	6	1	-1	1	4	0
	36	14	6	1	-1	-4	6	0
	36	16	6	1	-1	-4	7	3
	36	18	6	1	-1	-2	6	0
	36	20	6	1	-1	-1	5	0
	36	22	6	1	-1	-1	6	2
	36	24	6	1	-1	0	5	0
	36	26	6	1	-1	1	5	2
	36	28	6	1	-1	2	4	0
	36	30	6	1	-1	2	3	0
	36	32	6	1	-1	3	3	0
	36	34	6	1	-1	4	3	3
	36	36	6	1	-1	0	1	0
	36	38	6	1	-1	0	2	0
	36	40	6	1	-1	1	2	0
	36	42	6	1	-1	0	3	0
	36	44	6	1	-1	-1	1	0
	36	46	6	1	-1	-3	4	0
	36	48	6	1	-1	-4	4	0
	36	50	6	1	-1	-5	5	0
	36	52	6	1	-1	-2	3	0
	36	54	6	1	-1	-1	2	0
	36	56	6	1	-1	-1	3	0
	36	58	6	1	-1	-3	5	0
	36	60	6	1	-1	-5	6	2
	36	62	6	1	-1	-4	5	0
# SKIROC CHANNEL | LAYER SENSOR_IX SENSOR_IV IX IV TYPE
	37	0	6	0	-1	-5	3	0
	37	2	6	0	-1	-4	2	4
	37	4	6	0	-1	-4	3	0
	37	6	6	0	-1	-6	4	0
	37	8	6	0	-1	-3	3	0
	37	10	6	0	-1	-6	5	2
	37	12	6	0	-1	-5	4	0
	37	14	6	0	-1	-2	2	0
	37	16	6	0	-1	-3	2	0
	37	18	6	0	-1	-2	1	0
	37	20	6	0	-1	-3	1	0
	37	22	6	0	-1	-2	0	0
	37	24	6	0	-1	-1	0	0
	37	26	6	0	-1	-1	-1	0
	37	28	6	0	-1	-2	-1	0
	37	30	6	0	-1	-2	-2	0
	37	32	6	0	-1	-3	-2	0
	37	34	6	0	-1	-3	-1	0
	37	36	6	0	-1	-4	-1	0
	37	38	6	0	-1	-4	0	0
	37	40	6	0	-1	-3	0	0
	37	42	6	0	-1	-4	1	0
	37	44	6	0	-1	-3	-3	0
	37	46	6	0	-1	-7	4	3
	37	48	6	0	-1	-4	-2	0
	37	50	6	0	-1	-5	-1	2
	37	52	6	0	-1	-5	0	0
	37	54	6	0	-1	-5	1	0
	37	56	6	0	-1	-6	1	2
	37	58	6	0	-1	-6	3	0
	37	60	6	0	-1	-5	2	0
	37	62	6	0	-1	-6	2	0
	38	0	6	0	-1	2	-5	0
	38	2	6	0	-1	2	-6	0
	38	4	6	0	-1	3	-6	0
	38	6	6	0	-1	1	-5	0
	38	8	6	0	-1	0	-5	0
	38	10	6	0	-1	1	-6	2
	38	12	6	0	-1	-1	-5	2
	38	14	6	0	-1	0	-4	0
	38	16	6	0	-1	1	-4	0
	38	18	6	0	-1	0	-3	0
	38	20	6	0	-1	-3	-4	3
	38	22	6	0	-1	-2	-4	0
	38	24	6	0	-1	-1	-4	0
	38	26	6	0	-1	-1	-3	0
	38	28	6	0	-1	-2	-3	0
	38	30	6	0	-1	-1	-2	0
	38	32	6	0	-1	0	-2	0
	38	34	6	0	-1	0	-1	0
	38	36	6	0	-1	1	-1	0
	38	38	6	0	-1	1	-2	0
	38	40	6	0	-1	4	-4	0
	38	42	6	0	-1	3	-3	0
	38	44	6	0	-1	3	-4	0
	38	46	6	0	-1	5	-5	0
	38	48	6	0	-1	5	-6	2
	38	50	6	0	-1	4	-5	0
	38	52	6	0	-1	2	-3	0
	38	54	6	0	-1	1	-3	0
	38	56	6	0	-1	2	-4	0
	38	58	6	0	-1	3	-5	0
	38	60	6	0	-1	4	-7	3
	38	62	6	0	-1	4	-6	0
	39	0	6	0	-1	4	-1	0
	39	2	6	0	-1	4	-2	0
	39	4	6	0	-1	5	-2	0
	39	6	6	0	-1	6	-2	0
	39	8	6	0	-1	5	-4	0
	39	10	6	0	-1	6	-3	0
	39	12	6	0	-1	7	-3	3
	39	14	6	0	-1	6	-4	0
	39	16	6	0	-1	6	-5	2
	39	18	6	0	-1	5	-3	0
	39	20	6	0	-1	4	-3	0
	39	22	6	0	-1	3	-2	0
	39	24	6	0	-1	3	-1	0
	39	26	6	0	-1	2	-1	4
	39	28	6	0	-1	2	-2	0
	39	30	6	0	-1	3	0	0
	39	32	6	0	-1	2	1	0
	39	34	6	0	-1	2	0	0
	39	36	6	0	-1	0	0	0
	39	38	6	0	-1	1	0	0
	39	40	6	0	-1	1	1	0
	39	42	6	0	-1	2	2	0
	39	44	6	0	-1	3	1	0
	39	46	6	0	-1	3	2	0
	39	48	6	0	-1	4	2	0
	39	50	6	0	-1	4	1	0
	39	52	6	0	-1	5	1	2
	39	54	6	0	-1	5	-1	0
	39	56	6	0	-1	5	0	0
	39	58	6	0	-1	4	0	0
	39	62	6	0	-1	6	-1	2
	40	0	6	0	-1	-2	4	0
	40	2	6	0	-1	-1	4	0
	40	4	6	0	-1	-2	5	0
	40	6	6	0	-1	0	4	0
	40	8	6	0	-1	-3	6	0
	40	10	6	0	-1	1	3	0
	40	12	6	0	-1	1	4	0
	40	14	6	0	-1	-4	6	0
	40	16	6	0	-1	-4	7	3
	40	18	6	0	-1	-2	6	0
	40	20	6	0	-1	-1	5	0
	40	22	6	0	-1	-1	6	2
	40	24	6	0	-1	0	5	0
	40	26	6	0	-1	1	5	2
	40	28	6	0	-1	2	4	0
	40	30	6	0	-1	2	3	0
	40	32	6	0	-1	3	3	0
	40	34	6	0	-1	4	3	3
	40	36	6	0	-1	0	1	0
	40	38	6	0	-1	0	2	0
	40	40	6	0	-1	1	2	0
	40	42	6	0	-1	0	3	0
	40	44	6	0	-1	-1	1	0
	40	46	6	0	-1	-3	4	0
	40	48	6	0	-1	-4	4	0
	40	50	6	0	-1	-5	5	0
	40	52	6	0	-1	-2	3	0
	40	54	6	0	-1	-1	2	0
	40	56	6	0	-1	-1	3	0
	40	58	6	0	-1	-3	5	0
	40	60	6	0	-1	-5	6	2
	40	62	6	0	-1	-4	5	0