# SKIROC CHANNEL | LAYER SENSOR_IX SENSOR_IV IX IV TYPE
	1	0	1	0	0	-2	5	0
	1	2	1	0	0	-2	4	4
	1	4	1	0	0	-1	4	0
	1	6	1	0	0	-2	6	0
	1	8	1	0	0	0	3	0
	1	10	1	0	0	-1	6	2
	1	12	1	0	0	-1	5	0
	1	14	1	0	0	0	2	0
	1	16	1	0	0	-1	3	0
	1	18	1	0	0	-1	2	0
	1	20	1	0	0	-2	3	0
	1	22	1	0	0	-2	2	0
	1	24	1	0	0	-1	1	0
	1	26	1	0	0	-2	1	0
	1	28	1	0	0	-3	2	0
	1	30	1	0	0	-4	2	0
	1	32	1	0	0	-5	3	0
	1	34	1	0	0	-4	3	0
	1	36	1	0	0	-5	4	0
	1	38	1	0	0	-4	4	0
	1	40	1	0	0	-3	3	0
	1	42	1	0	0	-3	4	0
	1	44	1	0	0	-6	3	0
	1	46	1	0	0	-3	7	3
	1	48	1	0	0	-6	4	0
	1	50	1	0	0	-6	5	2
	1	52	1	0	0	-5	5	0
	1	54	1	0	0	-4	5	0
	1	56	1	0	0	-5	6	2
	1	58	1	0	0	-3	6	0
	1	60	1	0	0	-3	5	0
	1	62	1	0	0	-4	6	0
	2	0	1	0	0	-3	-2	0
	2	2	1	0	0	-4	-2	0
	2	4	1	0	0	-3	-3	0
	2	6	1	0	0	-4	-1	0
	2	8	1	0	0	-5	0	0
	2	10	1	0	0	-5	-1	2
	2	12	1	0	0	-6	1	2
	2	14	1	0	0	-4	0	0
	2	16	1	0	0	-3	-1	0
	2	18	1	0	0	-3	0	0
	2	20	1	0	0	-7	3	3
	2	22	1	0	0	-6	2	0
	2	24	1	0	0	-5	1	0
	2	26	1	0	0	-4	1	0
	2	28	1	0	0	-5	2	0
	2	30	1	0	0	-3	1	0
	2	32	1	0	0	-2	0	0
	2	34	1	0	0	-1	0	0
	2	36	1	0	0	0	-1	0
	2	38	1	0	0	-1	-1	0
	2	40	1	0	0	0	-4	0
	2	42	1	0	0	0	-3	0
	2	44	1	0	0	-1	-3	0
	2	46	1	0	0	0	-5	0
	2	48	1	0	0	-1	-5	2
	2	50	1	0	0	-1	-4	0
	2	52	1	0	0	-1	-2	0
	2	54	1	0	0	-2	-1	0
	2	56	1	0	0	-2	-2	0
	2	58	1	0	0	-2	-3	0
	2	60	1	0	0	-3	-4	3
	2	62	1	0	0	-2	-4	0
	3	0	1	0	0	3	-4	0
	3	2	1	0	0	2	-4	0
	3	4	1	0	0	3	-5	0
	3	6	1	0	0	4	-6	0
	3	8	1	0	0	1	-5	0
	3	10	1	0	0	3	-6	0
	3	12	1	0	0	4	-7	3
	3	14	1	0	0	2	-6	0
	3	16	1	0	0	1	-6	2
	3	18	1	0	0	2	-5	0
	3	20	1	0	0	1	-4	0
	3	22	1	0	0	1	-3	0
	3	24	1	0	0	2	-3	0
	3	26	1	0	0	1	-2	4
	3	28	1	0	0	0	-2	0
	3	30	1	0	0	3	-3	0
	3	32	1	0	0	3	-2	0
	3	34	1	0	0	2	-2	0
	3	36	1	0	0	0	0	0
	3	38	1	0	0	1	-1	0
	3	40	1	0	0	2	-1	0
	3	42	1	0	0	4	-2	0
	3	44	1	0	0	4	-3	0
	3	46	1	0	0	5	-3	0
	3	48	1	0	0	6	-4	0
	3	50	1	0	0	5	-4	0
	3	52	1	0	0	6	-5	2
	3	54	1	0	0	4	-5	0
	3	56	1	0	0	5	-5	0
	3	58	1	0	0	4	-4	0
	3	62	1	0	0	5	-6	2
	4	0	1	0	0	2	2	0
	4	2	1	0	0	3	1	0
	4	4	1	0	0	3	2	0
	4	6	1	0	0	4	0	0
	4	8	1	0	0	3	3	0
	4	10	1	0	0	4	-1	0
	4	12	1	0	0	5	-1	0
	4	14	1	0	0	2	4	0
	4	16	1	0	0	3	4	3
	4	18	1	0	0	4	2	0
	4	20	1	0	0	4	1	0
	4	22	1	0	0	5	1	2
	4	24	1	0	0	5	0	0
	4	26	1	0	0	6	-1	2
	4	28	1	0	0	6	-2	0
	4	30	1	0	0	5	-2	0
	4	32	1	0	0	6	-3	0
	4	34	1	0	0	7	-4	3
	4	36	1	0	0	1	0	0
	4	38	1	0	0	2	0	0
	4	40	1	0	0	3	-1	0
	4	42	1	0	0	3	0	0
	4	44	1	0	0	0	1	0
	4	46	1	0	0	1	3	0
	4	48	1	0	0	0	4	0
	4	50	1	0	0	0	5	0
	4	52	1	0	0	1	2	0
	4	54	1	0	0	1	1	0
	4	56	1	0	0	2	1	0
	4	58	1	0	0	2	3	0
	4	60	1	0	0	1	5	2
	4	62	1	0	0	1	4	0
# SKIROC CHANNEL | LAYER SENSOR_IX SENSOR_IV IX IV TYPE
	5	0	2	0	0	-2	5	0
	5	2	2	0	0	-2	4	4
	5	4	2	0	0	-1	4	0
	5	6	2	0	0	-2	6	0
	5	8	2	0	0	0	3	0
	5	10	2	0	0	-1	6	2
	5	12	2	0	0	-1	5	0
	5	14	2	0	0	0	2	0
	5	16	2	0	0	-1	3	0
	5	18	2	0	0	-1	2	0
	5	20	2	0	0	-2	3	0
	5	22	2	0	0	-2	2	0
	5	24	2	0	0	-1	1	0
	5	26	2	0	0	-2	1	0
	5	28	2	0	0	-3	2	0
	5	30	2	0	0	-4	2	0
	5	32	2	0	0	-5	3	0
	5	34	2	0	0	-4	3	0
	5	36	2	0	0	-5	4	0
	5	38	2	0	0	-4	4	0
	5	40	2	0	0	-3	3	0
	5	42	2	0	0	-3	4	0
	5	44	2	0	0	-6	3	0
	5	46	2	0	0	-3	7	3
	5	48	2	0	0	-6	4	0
	5	50	2	0	0	-6	5	2
	5	52	2	0	0	-5	5	0
	5	54	2	0	0	-4	5	0
	5	56	2	0	0	-5	6	2
	5	58	2	0	0	-3	6	0
	5	60	2	0	0	-3	5	0
	5	62	2	0	0	-4	6	0
	6	0	2	0	0	-3	-2	0
	6	2	2	0	0	-4	-2	0
	6	4	2	0	0	-3	-3	0
	6	6	2	0	0	-4	-1	0
	6	8	2	0	0	-5	0	0
	6	10	2	0	0	-5	-1	2
	6	12	2	0	0	-6	1	2
	6	14	2	0	0	-4	0	0
	6	16	2	0	0	-3	-1	0
	6	18	2	0	0	-3	0	0
	6	20	2	0	0	-7	3	3
	6	22	2	0	0	-6	2	0
	6	24	2	0	0	-5	1	0
	6	26	2	0	0	-4	1	0
	6	28	2	0	0	-5	2	0
	6	30	2	0	0	-3	1	0
	6	32	2	0	0	-2	0	0
	6	34	2	0	0	-1	0	0
	6	36	2	0	0	0	-1	0
	6	38	2	0	0	-1	-1	0
	6	40	2	0	0	0	-4	0
	6	42	2	0	0	0	-3	0
	6	44	2	0	0	-1	-3	0
	6	46	2	0	0	0	-5	0
	6	48	2	0	0	-1	-5	2
	6	50	2	0	0	-1	-4	0
	6	52	2	0	0	-1	-2	0
	6	54	2	0	0	-2	-1	0
	6	56	2	0	0	-2	-2	0
	6	58	2	0	0	-2	-3	0
	6	60	2	0	0	-3	-4	3
	6	62	2	0	0	-2	-4	0
	7	0	2	0	0	3	-4	0
	7	2	2	0	0	2	-4	0
	7	4	2	0	0	3	-5	0
	7	6	2	0	0	4	-6	0
	7	8	2	0	0	1	-5	0
	7	10	2	0	0	3	-6	0
	7	12	2	0	0	4	-7	3
	7	14	2	0	0	2	-6	0
	7	16	2	0	0	1	-6	2
	7	18	2	0	0	2	-5	0
	7	20	2	0	0	1	-4	0
	7	22	2	0	0	1	-3	0
	7	24	2	0	0	2	-3	0
	7	26	2	0	0	1	-2	4
	7	28	2	0	0	0	-2	0
	7	30	2	0	0	3	-3	0
	7	32	2	0	0	3	-2	0
	7	34	2	0	0	2	-2	0
	7	36	2	0	0	0	0	0
	7	38	2	0	0	1	-1	0
	7	40	2	0	0	2	-1	0
	7	42	2	0	0	4	-2	0
	7	44	2	0	0	4	-3	0
	7	46	2	0	0	5	-3	0
	7	48	2	0	0	6	-4	0
	7	50	2	0	0	5	-4	0
	7	52	2	0	0	6	-5	2
	7	54	2	0	0	4	-5	0
	7	56	2	0	0	5	-5	0
	7	58	2	0	0	4	-4	0
	7	62	2	0	0	5	-6	2
	8	0	2	0	0	2	2	0
	8	2	2	0	0	3	1	0
	8	4	2	0	0	3	2	0
	8	6	2	0	0	4	0	0
	8	8	2	0	0	3	3	0
	8	10	2	0	0	4	-1	0
	8	12	2	0	0	5	-1	0
	8	14	2	0	0	2	4	0
	8	16	2	0	0	3	4	3
	8	18	2	0	0	4	2	0
	8	20	2	0	0	4	1	0
	8	22	2	0	0	5	1	2
	8	24	2	0	0	5	0	0
	8	26	2	0	0	6	-1	2
	8	28	2	0	0	6	-2	0
	8	30	2	0	0	5	-2	0
	8	32	2	0	0	6	-3	0
	8	34	2	0	0	7	-4	3
	8	36	2	0	0	1	0	0
	8	38	2	0	0	2	0	0
	8	40	2	0	0	3	-1	0
	8	42	2	0	0	3	0	0
	8	44	2	0	0	0	1	0
	8	46	2	0	0	1	3	0
	8	48	2	0	0	0	4	0
	8	50	2	0	0	0	5	0
	8	52	2	0	0	1	2	0
	8	54	2	0	0	1	1	0
	8	56	2	0	0	2	1	0
	8	58	2	0	0	2	3	0
	8	60	2	0	0	1	5	2
	8	62	2	0	0	1	4	0
# SKIROC CHANNEL | LAYER SENSOR_IX SENSOR_IV IX IV TYPE
	9	0	3	0	0	-2	5	0
	9	2	3	0	0	-2	4	4
	9	4	3	0	0	-1	4	0
	9	6	3	0	0	-2	6	0
	9	8	3	0	0	0	3	0
	9	10	3	0	0	-1	6	2
	9	12	3	0	0	-1	5	0
	9	14	3	0	0	0	2	0
	9	16	3	0	0	-1	3	0
	9	18	3	0	0	-1	2	0
	9	20	3	0	0	-2	3	0
	9	22	3	0	0	-2	2	0
	9	24	3	0	0	-1	1	0
	9	26	3	0	0	-2	1	0
	9	28	3	0	0	-3	2	0
	9	30	3	0	0	-4	2	0
	9	32	3	0	0	-5	3	0
	9	34	3	0	0	-4	3	0
	9	36	3	0	0	-5	4	0
	9	38	3	0	0	-4	4	0
	9	40	3	0	0	-3	3	0
	9	42	3	0	0	-3	4	0
	9	44	3	0	0	-6	3	0
	9	46	3	0	0	-3	7	3
	9	48	3	0	0	-6	4	0
	9	50	3	0	0	-6	5	2
	9	52	3	0	0	-5	5	0
	9	54	3	0	0	-4	5	0
	9	56	3	0	0	-5	6	2
	9	58	3	0	0	-3	6	0
	9	60	3	0	0	-3	5	0
	9	62	3	0	0	-4	6	0
	10	0	3	0	0	-3	-2	0
	10	2	3	0	0	-4	-2	0
	10	4	3	0	0	-3	-3	0
	10	6	3	0	0	-4	-1	0
	10	8	3	0	0	-5	0	0
	10	10	3	0	0	-5	-1	2
	10	12	3	0	0	-6	1	2
	10	14	3	0	0	-4	0	0
	10	16	3	0	0	-3	-1	0
	10	18	3	0	0	-3	0	0
	10	20	3	0	0	-7	3	3
	10	22	3	0	0	-6	2	0
	10	24	3	0	0	-5	1	0
	10	26	3	0	0	-4	1	0
	10	28	3	0	0	-5	2	0
	10	30	3	0	0	-3	1	0
	10	32	3	0	0	-2	0	0
	10	34	3	0	0	-1	0	0
	10	36	3	0	0	0	-1	0
	10	38	3	0	0	-1	-1	0
	10	40	3	0	0	0	-4	0
	10	42	3	0	0	0	-3	0
	10	44	3	0	0	-1	-3	0
	10	46	3	0	0	0	-5	0
	10	48	3	0	0	-1	-5	2
	10	50	3	0	0	-1	-4	0
	10	52	3	0	0	-1	-2	0
	10	54	3	0	0	-2	-1	0
	10	56	3	0	0	-2	-2	0
	10	58	3	0	0	-2	-3	0
	10	60	3	0	0	-3	-4	3
	10	62	3	0	0	-2	-4	0
	11	0	3	0	0	3	-4	0
	11	2	3	0	0	2	-4	0
	11	4	3	0	0	3	-5	0
	11	6	3	0	0	4	-6	0
	11	8	3	0	0	1	-5	0
	11	10	3	0	0	3	-6	0
	11	12	3	0	0	4	-7	3
	11	14	3	0	0	2	-6	0
	11	16	3	0	0	1	-6	2
	11	18	3	0	0	2	-5	0
	11	20	3	0	0	1	-4	0
	11	22	3	0	0	1	-3	0
	11	24	3	0	0	2	-3	0
	11	26	3	0	0	1	-2	4
	11	28	3	0	0	0	-2	0
	11	30	3	0	0	3	-3	0
	11	32	3	0	0	3	-2	0
	11	34	3	0	0	2	-2	0
	11	36	3	0	0	0	0	0
	11	38	3	0	0	1	-1	0
	11	40	3	0	0	2	-1	0
	11	42	3	0	0	4	-2	0
	11	44	3	0	0	4	-3	0
	11	46	3	0	0	5	-3	0
	11	48	3	0	0	6	-4	0
	11	50	3	0	0	5	-4	0
	11	52	3	0	0	6	-5	2
	11	54	3	0	0	4	-5	0
	11	56	3	0	0	5	-5	0
	11	58	3	0	0	4	-4	0
	11	62	3	0	0	5	-6	2
	12	0	3	0	0	2	2	0
	12	2	3	0	0	3	1	0
	12	4	3	0	0	3	2	0
	12	6	3	0	0	4	0	0
	12	8	3	0	0	3	3	0
	12	10	3	0	0	4	-1	0
	12	12	3	0	0	5	-1	0
	12	14	3	0	0	2	4	0
	12	16	3	0	0	3	4	3
	12	18	3	0	0	4	2	0
	12	20	3	0	0	4	1	0
	12	22	3	0	0	5	1	2
	12	24	3	0	0	5	0	0
	12	26	3	0	0	6	-1	2
	12	28	3	0	0	6	-2	0
	12	30	3	0	0	5	-2	0
	12	32	3	0	0	6	-3	0
	12	34	3	0	0	7	-4	3
	12	36	3	0	0	1	0	0
	12	38	3	0	0	2	0	0
	12	40	3	0	0	3	-1	0
	12	42	3	0	0	3	0	0
	12	44	3	0	0	0	1	0
	12	46	3	0	0	1	3	0
	12	48	3	0	0	0	4	0
	12	50	3	0	0	0	5	0
	12	52	3	0	0	1	2	0
	12	54	3	0	0	1	1	0
	12	56	3	0	0	2	1	0
	12	58	3	0	0	2	3	0
	12	60	3	0	0	1	5	2
	12	62	3	0	0	1	4	0
# SKIROC CHANNEL | LAYER SENSOR_IX SENSOR_IV IX IV TYPE
  	13	0	4	0	0	-2	5	0
	13	2	4	0	0	-2	4	4
	13	4	4	0	0	-1	4	0
	13	6	4	0	0	-2	6	0
	13	8	4	0	0	0	3	0
	13	10	4	0	0	-1	6	2
	13	12	4	0	0	-1	5	0
	13	14	4	0	0	0	2	0
	13	16	4	0	0	-1	3	0
	13	18	4	0	0	-1	2	0
	13	20	4	0	0	-2	3	0
	13	22	4	0	0	-2	2	0
	13	24	4	0	0	-1	1	0
	13	26	4	0	0	-2	1	0
	13	28	4	0	0	-3	2	0
	13	30	4	0	0	-4	2	0
	13	32	4	0	0	-5	3	0
	13	34	4	0	0	-4	3	0
	13	36	4	0	0	-5	4	0
	13	38	4	0	0	-4	4	0
	13	40	4	0	0	-3	3	0
	13	42	4	0	0	-3	4	0
	13	44	4	0	0	-6	3	0
	13	46	4	0	0	-3	7	3
	13	48	4	0	0	-6	4	0
	13	50	4	0	0	-6	5	2
	13	52	4	0	0	-5	5	0
	13	54	4	0	0	-4	5	0
	13	56	4	0	0	-5	6	2
	13	58	4	0	0	-3	6	0
	13	60	4	0	0	-3	5	0
	13	62	4	0	0	-4	6	0
	14	0	4	0	0	-3	-2	0
	14	2	4	0	0	-4	-2	0
	14	4	4	0	0	-3	-3	0
	14	6	4	0	0	-4	-1	0
	14	8	4	0	0	-5	0	0
	14	10	4	0	0	-5	-1	2
	14	12	4	0	0	-6	1	2
	14	14	4	0	0	-4	0	0
	14	16	4	0	0	-3	-1	0
	14	18	4	0	0	-3	0	0
	14	20	4	0	0	-7	3	3
	14	22	4	0	0	-6	2	0
	14	24	4	0	0	-5	1	0
	14	26	4	0	0	-4	1	0
	14	28	4	0	0	-5	2	0
	14	30	4	0	0	-3	1	0
	14	32	4	0	0	-2	0	0
	14	34	4	0	0	-1	0	0
	14	36	4	0	0	0	-1	0
	14	38	4	0	0	-1	-1	0
	14	40	4	0	0	0	-4	0
	14	42	4	0	0	0	-3	0
	14	44	4	0	0	-1	-3	0
	14	46	4	0	0	0	-5	0
	14	48	4	0	0	-1	-5	2
	14	50	4	0	0	-1	-4	0
	14	52	4	0	0	-1	-2	0
	14	54	4	0	0	-2	-1	0
	14	56	4	0	0	-2	-2	0
	14	58	4	0	0	-2	-3	0
	14	60	4	0	0	-3	-4	3
	14	62	4	0	0	-2	-4	0
	15	0	4	0	0	3	-4	0
	15	2	4	0	0	2	-4	0
	15	4	4	0	0	3	-5	0
	15	6	4	0	0	4	-6	0
	15	8	4	0	0	1	-5	0
	15	10	4	0	0	3	-6	0
	15	12	4	0	0	4	-7	3
	15	14	4	0	0	2	-6	0
	15	16	4	0	0	1	-6	2
	15	18	4	0	0	2	-5	0
	15	20	4	0	0	1	-4	0
	15	22	4	0	0	1	-3	0
	15	24	4	0	0	2	-3	0
	15	26	4	0	0	1	-2	4
	15	28	4	0	0	0	-2	0
	15	30	4	0	0	3	-3	0
	15	32	4	0	0	3	-2	0
	15	34	4	0	0	2	-2	0
	15	36	4	0	0	0	0	0
	15	38	4	0	0	1	-1	0
	15	40	4	0	0	2	-1	0
	15	42	4	0	0	4	-2	0
	15	44	4	0	0	4	-3	0
	15	46	4	0	0	5	-3	0
	15	48	4	0	0	6	-4	0
	15	50	4	0	0	5	-4	0
	15	52	4	0	0	6	-5	2
	15	54	4	0	0	4	-5	0
	15	56	4	0	0	5	-5	0
	15	58	4	0	0	4	-4	0
	15	62	4	0	0	5	-6	2
	16	0	4	0	0	2	2	0
	16	2	4	0	0	3	1	0
	16	4	4	0	0	3	2	0
	16	6	4	0	0	4	0	0
	16	8	4	0	0	3	3	0
	16	10	4	0	0	4	-1	0
	16	12	4	0	0	5	-1	0
	16	14	4	0	0	2	4	0
	16	16	4	0	0	3	4	3
	16	18	4	0	0	4	2	0
	16	20	4	0	0	4	1	0
	16	22	4	0	0	5	1	2
	16	24	4	0	0	5	0	0
	16	26	4	0	0	6	-1	2
	16	28	4	0	0	6	-2	0
	16	30	4	0	0	5	-2	0
	16	32	4	0	0	6	-3	0
	16	34	4	0	0	7	-4	3
	16	36	4	0	0	1	0	0
	16	38	4	0	0	2	0	0
	16	40	4	0	0	3	-1	0
	16	42	4	0	0	3	0	0
	16	44	4	0	0	0	1	0
	16	46	4	0	0	1	3	0
	16	48	4	0	0	0	4	0
	16	50	4	0	0	0	5	0
	16	52	4	0	0	1	2	0
	16	54	4	0	0	1	1	0
	16	56	4	0	0	2	1	0
	16	58	4	0	0	2	3	0
	16	60	4	0	0	1	5	2
	16	62	4	0	0	1	4	0
# SKIROC CHANNEL | LAYER SENSOR_IX SENSOR_IV IX IV TYPE
	17	0	5	0	0	-2	5	0
	17	2	5	0	0	-2	4	4
	17	4	5	0	0	-1	4	0
	17	6	5	0	0	-2	6	0
	17	8	5	0	0	0	3	0
	17	10	5	0	0	-1	6	2
	17	12	5	0	0	-1	5	0
	17	14	5	0	0	0	2	0
	17	16	5	0	0	-1	3	0
	17	18	5	0	0	-1	2	0
	17	20	5	0	0	-2	3	0
	17	22	5	0	0	-2	2	0
	17	24	5	0	0	-1	1	0
	17	26	5	0	0	-2	1	0
	17	28	5	0	0	-3	2	0
	17	30	5	0	0	-4	2	0
	17	32	5	0	0	-5	3	0
	17	34	5	0	0	-4	3	0
	17	36	5	0	0	-5	4	0
	17	38	5	0	0	-4	4	0
	17	40	5	0	0	-3	3	0
	17	42	5	0	0	-3	4	0
	17	44	5	0	0	-6	3	0
	17	46	5	0	0	-3	7	3
	17	48	5	0	0	-6	4	0
	17	50	5	0	0	-6	5	2
	17	52	5	0	0	-5	5	0
	17	54	5	0	0	-4	5	0
	17	56	5	0	0	-5	6	2
	17	58	5	0	0	-3	6	0
	17	60	5	0	0	-3	5	0
	17	62	5	0	0	-4	6	0
	18	0	5	0	0	-3	-2	0
	18	2	5	0	0	-4	-2	0
	18	4	5	0	0	-3	-3	0
	18	6	5	0	0	-4	-1	0
	18	8	5	0	0	-5	0	0
	18	10	5	0	0	-5	-1	2
	18	12	5	0	0	-6	1	2
	18	14	5	0	0	-4	0	0
	18	16	5	0	0	-3	-1	0
	18	18	5	0	0	-3	0	0
	18	20	5	0	0	-7	3	3
	18	22	5	0	0	-6	2	0
	18	24	5	0	0	-5	1	0
	18	26	5	0	0	-4	1	0
	18	28	5	0	0	-5	2	0
	18	30	5	0	0	-3	1	0
	18	32	5	0	0	-2	0	0
	18	34	5	0	0	-1	0	0
	18	36	5	0	0	0	-1	0
	18	38	5	0	0	-1	-1	0
	18	40	5	0	0	0	-4	0
	18	42	5	0	0	0	-3	0
	18	44	5	0	0	-1	-3	0
	18	46	5	0	0	0	-5	0
	18	48	5	0	0	-1	-5	2
	18	50	5	0	0	-1	-4	0
	18	52	5	0	0	-1	-2	0
	18	54	5	0	0	-2	-1	0
	18	56	5	0	0	-2	-2	0
	18	58	5	0	0	-2	-3	0
	18	60	5	0	0	-3	-4	3
	18	62	5	0	0	-2	-4	0
	19	0	5	0	0	3	-4	0
	19	2	5	0	0	2	-4	0
	19	4	5	0	0	3	-5	0
	19	6	5	0	0	4	-6	0
	19	8	5	0	0	1	-5	0
	19	10	5	0	0	3	-6	0
	19	12	5	0	0	4	-7	3
	19	14	5	0	0	2	-6	0
	19	16	5	0	0	1	-6	2
	19	18	5	0	0	2	-5	0
	19	20	5	0	0	1	-4	0
	19	22	5	0	0	1	-3	0
	19	24	5	0	0	2	-3	0
	19	26	5	0	0	1	-2	4
	19	28	5	0	0	0	-2	0
	19	30	5	0	0	3	-3	0
	19	32	5	0	0	3	-2	0
	19	34	5	0	0	2	-2	0
	19	36	5	0	0	0	0	0
	19	38	5	0	0	1	-1	0
	19	40	5	0	0	2	-1	0
	19	42	5	0	0	4	-2	0
	19	44	5	0	0	4	-3	0
	19	46	5	0	0	5	-3	0
	19	48	5	0	0	6	-4	0
	19	50	5	0	0	5	-4	0
	19	52	5	0	0	6	-5	2
	19	54	5	0	0	4	-5	0
	19	56	5	0	0	5	-5	0
	19	58	5	0	0	4	-4	0
	19	62	5	0	0	5	-6	2
	20	0	5	0	0	2	2	0
	20	2	5	0	0	3	1	0
	20	4	5	0	0	3	2	0
	20	6	5	0	0	4	0	0
	20	8	5	0	0	3	3	0
	20	10	5	0	0	4	-1	0
	20	12	5	0	0	5	-1	0
	20	14	5	0	0	2	4	0
	20	16	5	0	0	3	4	3
	20	18	5	0	0	4	2	0
	20	20	5	0	0	4	1	0
	20	22	5	0	0	5	1	2
	20	24	5	0	0	5	0	0
	20	26	5	0	0	6	-1	2
	20	28	5	0	0	6	-2	0
	20	30	5	0	0	5	-2	0
	20	32	5	0	0	6	-3	0
	20	34	5	0	0	7	-4	3
	20	36	5	0	0	1	0	0
	20	38	5	0	0	2	0	0
	20	40	5	0	0	3	-1	0
	20	42	5	0	0	3	0	0
	20	44	5	0	0	0	1	0
	20	46	5	0	0	1	3	0
	20	48	5	0	0	0	4	0
	20	50	5	0	0	0	5	0
	20	52	5	0	0	1	2	0
	20	54	5	0	0	1	1	0
	20	56	5	0	0	2	1	0
	20	58	5	0	0	2	3	0
	20	60	5	0	0	1	5	2
	20	62	5	0	0	1	4	0
# SKIROC CHANNEL | LAYER SENSOR_IX SENSOR_IV IX IV TYPE
	21	0	6	0	0	5	-3	0
	21	2	6	0	0	4	-2	4
	21	4	6	0	0	4	-3	0
	21	6	6	0	0	6	-4	0
	21	8	6	0	0	3	-3	5
	21	10	6	0	0	6	-5	2
	21	12	6	0	0	5	-4	0
	21	14	6	0	0	2	-2	0
	21	18	6	0	0	2	-1	0
	21	20	6	0	0	3	-1	0
	21	22	6	0	0	2	0	0
	21	24	6	0	0	1	0	0
	21	26	6	0	0	1	1	0
	21	28	6	0	0	2	1	0
	21	30	6	0	0	2	2	0
	21	32	6	0	0	3	2	0
	21	34	6	0	0	3	1	0
	21	36	6	0	0	4	1	0
	21	38	6	0	0	4	0	0
	21	40	6	0	0	3	0	0
	21	42	6	0	0	4	-1	0
	21	44	6	0	0	3	3	0
	21	46	6	0	0	7	-4	3
	21	48	6	0	0	4	2	0
	21	50	6	0	0	5	1	2
	21	52	6	0	0	5	0	0
	21	54	6	0	0	5	-1	0
	21	56	6	0	0	6	-1	2
	21	58	6	0	0	6	-3	0
	21	60	6	0	0	5	-2	0
	21	62	6	0	0	6	-2	0
	22	0	6	0	0	-2	5	5
	22	2	6	0	0	-2	6	0
	22	6	6	0	0	-1	5	0
	22	8	6	0	0	0	5	0
	22	10	6	0	0	-1	6	2
	22	12	6	0	0	1	5	2
	22	16	6	0	0	-1	4	0
	22	18	6	0	0	0	3	5
	22	20	6	0	0	3	4	3
	22	22	6	0	0	2	4	0
	22	24	6	0	0	1	4	0
	22	26	6	0	0	1	3	0
	22	28	6	0	0	2	3	0
	22	30	6	0	0	1	2	0
	22	32	6	0	0	0	2	0
	22	34	6	0	0	0	1	0
	22	36	6	0	0	-1	1	0
	22	38	6	0	0	-1	2	0
	22	40	6	0	0	-4	4	0
	22	42	6	0	0	-3	3	0
	22	44	6	0	0	-3	4	0
	22	46	6	0	0	-5	5	0
	22	48	6	0	0	-5	6	2
	22	50	6	0	0	-4	5	0
	22	52	6	0	0	-2	3	0
	22	54	6	0	0	-1	3	0
	22	56	6	0	0	-2	4	0
	22	58	6	0	0	-3	5	0
	22	60	6	0	0	-4	7	3
	22	62	6	0	0	-4	6	0
	23	0	6	0	0	-4	1	0
	23	2	6	0	0	-4	2	0
	23	4	6	0	0	-5	2	0
	23	6	6	0	0	-6	2	0
	23	8	6	0	0	-5	4	0
	23	10	6	0	0	-6	3	0
	23	12	6	0	0	-7	3	3
	23	14	6	0	0	-6	4	0
	23	16	6	0	0	-6	5	2
	23	18	6	0	0	-5	3	0
	23	20	6	0	0	-4	3	0
	23	22	6	0	0	-3	2	0
	23	24	6	0	0	-3	1	0
	23	26	6	0	0	-2	1	4
	23	28	6	0	0	-2	2	0
	23	30	6	0	0	-3	0	0
	23	32	6	0	0	-2	-1	0
	23	34	6	0	0	-2	0	0
	23	36	6	0	0	0	0	0
	23	38	6	0	0	-1	0	0
	23	40	6	0	0	-1	-1	0
	23	42	6	0	0	-2	-2	0
	23	44	6	0	0	-3	-1	0
	23	46	6	0	0	-3	-2	0
	23	48	6	0	0	-4	-2	0
	23	50	6	0	0	-4	-1	0
	23	52	6	0	0	-5	-1	2
	23	54	6	0	0	-5	1	0
	23	56	6	0	0	-5	0	0
	23	58	6	0	0	-4	0	0
	23	62	6	0	0	-6	1	2
	24	0	6	0	0	2	-4	0
	24	2	6	0	0	1	-4	0
	24	4	6	0	0	2	-5	0
	24	6	6	0	0	0	-4	0
	24	8	6	0	0	3	-6	0
	24	10	6	0	0	-1	-3	0
	24	12	6	0	0	-1	-4	0
	24	14	6	0	0	4	-6	0
	24	16	6	0	0	4	-7	3
	24	18	6	0	0	2	-6	0
	24	20	6	0	0	1	-5	0
	24	22	6	0	0	1	-6	2
	24	24	6	0	0	0	-5	0
	24	26	6	0	0	-1	-5	2
	24	28	6	0	0	-2	-4	0
	24	30	6	0	0	-2	-3	0
	24	32	6	0	0	-3	-3	0
	24	34	6	0	0	-4	-3	3
	24	36	6	0	0	0	-1	0
	24	38	6	0	0	0	-2	0
	24	40	6	0	0	-1	-2	0
	24	42	6	0	0	0	-3	0
	24	44	6	0	0	1	-1	0
	24	46	6	0	0	3	-4	0
	24	48	6	0	0	4	-4	0
	24	50	6	0	0	5	-5	0
	24	52	6	0	0	2	-3	0
	24	54	6	0	0	1	-2	0
	24	56	6	0	0	1	-3	0
	24	58	6	0	0	3	-5	0
	24	60	6	0	0	5	-6	2
	24	62	6	0	0	4	-5	0
# SKIROC CHANNEL | LAYER SENSOR_IX SENSOR_IV IX IV TYPE
	25	0	6	-1	0	-5	3	0
	25	2	6	-1	0	-4	2	4
	25	4	6	-1	0	-4	3	0
	25	6	6	-1	0	-6	4	0
	25	8	6	-1	0	-3	3	0
	25	10	6	-1	0	-6	5	2
	25	12	6	-1	0	-5	4	0
	25	14	6	-1	0	-2	2	0
	25	16	6	-1	0	-3	2	0
	25	18	6	-1	0	-2	1	0
	25	20	6	-1	0	-3	1	0
	25	22	6	-1	0	-2	0	0
	25	24	6	-1	0	-1	0	0
	25	26	6	-1	0	-1	-1	0
	25	28	6	-1	0	-2	-1	0
	25	30	6	-1	0	-2	-2	0
	25	32	6	-1	0	-3	-2	0
	25	34	6	-1	0	-3	-1	0
	25	36	6	-1	0	-4	-1	0
	25	38	6	-1	0	-4	0	0
	25	40	6	-1	0	-3	0	0
	25	42	6	-1	0	-4	1	0
	25	44	6	-1	0	-3	-3	0
	25	46	6	-1	0	-7	4	3
	25	48	6	-1	0	-4	-2	0
	25	50	6	-1	0	-5	-1	2
	25	52	6	-1	0	-5	0	0
	25	54	6	-1	0	-5	1	0
	25	56	6	-1	0	-6	1	2
	25	58	6	-1	0	-6	3	0
	25	60	6	-1	0	-5	2	0
	25	62	6	-1	0	-6	2	0
	26	0	6	-1	0	2	-5	0
	26	2	6	-1	0	2	-6	0
	26	4	6	-1	0	3	-6	0
	26	6	6	-1	0	1	-5	0
	26	8	6	-1	0	0	-5	0
	26	10	6	-1	0	1	-6	2
	26	12	6	-1	0	-1	-5	2
	26	14	6	-1	0	0	-4	0
	26	16	6	-1	0	1	-4	0
	26	18	6	-1	0	0	-3	0
	26	20	6	-1	0	-3	-4	3
	26	22	6	-1	0	-2	-4	0
	26	24	6	-1	0	-1	-4	0
	26	26	6	-1	0	-1	-3	0
	26	28	6	-1	0	-2	-3	0
	26	30	6	-1	0	-1	-2	0
	26	32	6	-1	0	0	-2	0
	26	34	6	-1	0	0	-1	0
	26	36	6	-1	0	1	-1	0
	26	38	6	-1	0	1	-2	0
	26	40	6	-1	0	4	-4	0
	26	42	6	-1	0	3	-3	0
	26	44	6	-1	0	3	-4	0
	26	46	6	-1	0	5	-5	0
	26	48	6	-1	0	5	-6	2
	26	50	6	-1	0	4	-5	0
	26	52	6	-1	0	2	-3	0
	26	54	6	-1	0	1	-3	0
	26	56	6	-1	0	2	-4	0
	26	58	6	-1	0	3	-5	0
	26	60	6	-1	0	4	-7	3
	26	62	6	-1	0	4	-6	0
	27	0	6	-1	0	4	-1	0
	27	2	6	-1	0	4	-2	0
	27	4	6	-1	0	5	-2	0
	27	6	6	-1	0	6	-2	0
	27	8	6	-1	0	5	-4	0
	27	10	6	-1	0	6	-3	0
	27	12	6	-1	0	7	-3	3
	27	14	6	-1	0	6	-4	0
	27	16	6	-1	0	6	-5	2
	27	18	6	-1	0	5	-3	0
	27	20	6	-1	0	4	-3	0
	27	22	6	-1	0	3	-2	0
	27	24	6	-1	0	3	-1	0
	27	26	6	-1	0	2	-1	4
	27	28	6	-1	0	2	-2	0
	27	30	6	-1	0	3	0	0
	27	32	6	-1	0	2	1	0
	27	34	6	-1	0	2	0	0
	27	36	6	-1	0	0	0	0
	27	38	6	-1	0	1	0	0
	27	40	6	-1	0	1	1	0
	27	42	6	-1	0	2	2	0
	27	44	6	-1	0	3	1	0
	27	46	6	-1	0	3	2	0
	27	48	6	-1	0	4	2	0
	27	50	6	-1	0	4	1	0
	27	52	6	-1	0	5	1	2
	27	54	6	-1	0	5	-1	0
	27	56	6	-1	0	5	0	0
	27	58	6	-1	0	4	0	0
	27	62	6	-1	0	6	-1	2
	28	0	6	-1	0	-2	4	0
	28	2	6	-1	0	-1	4	0
	28	4	6	-1	0	-2	5	0
	28	6	6	-1	0	0	4	0
	28	8	6	-1	0	-3	6	0
	28	10	6	-1	0	1	3	0
	28	12	6	-1	0	1	4	0
	28	14	6	-1	0	-4	6	0
	28	16	6	-1	0	-4	7	3
	28	18	6	-1	0	-2	6	0
	28	20	6	-1	0	-1	5	0
	28	22	6	-1	0	-1	6	2
	28	24	6	-1	0	0	5	0
	28	26	6	-1	0	1	5	2
	28	28	6	-1	0	2	4	0
	28	30	6	-1	0	2	3	0
	28	32	6	-1	0	3	3	0
	28	34	6	-1	0	4	3	3
	28	36	6	-1	0	0	1	0
	28	38	6	-1	0	0	2	0
	28	40	6	-1	0	1	2	0
	28	42	6	-1	0	0	3	0
	28	44	6	-1	0	-1	1	0
	28	46	6	-1	0	-3	4	0
	28	48	6	-1	0	-4	4	0
	28	50	6	-1	0	-5	5	0
	28	52	6	-1	0	-2	3	0
	28	54	6	-1	0	-1	2	0
	28	56	6	-1	0	-1	3	0
	28	58	6	-1	0	-3	5	0
	28	60	6	-1	0	-5	6	2
	28	62	6	-1	0	-4	5	0
# SKIROC CHANNEL | LAYER SENSOR_IX SENSOR_IV IX IV TYPE
	29	0	6	-1	1	5	-3	0
	29	2	6	-1	1	4	-2	4
	29	4	6	-1	1	4	-3	0
	29	6	6	-1	1	6	-4	0
	29	8	6	-1	1	3	-3	0
	29	10	6	-1	1	6	-5	2
	29	12	6	-1	1	5	-4	0
	29	14	6	-1	1	2	-2	0
	29	16	6	-1	1	3	-2	0
	29	18	6	-1	1	2	-1	0
	29	20	6	-1	1	3	-1	0
	29	22	6	-1	1	2	0	0
	29	24	6	-1	1	1	0	0
	29	26	6	-1	1	1	1	0
	29	28	6	-1	1	2	1	0
	29	30	6	-1	1	2	2	0
	29	32	6	-1	1	3	2	0
	29	34	6	-1	1	3	1	0
	29	36	6	-1	1	4	1	0
	29	38	6	-1	1	4	0	0
	29	40	6	-1	1	3	0	0
	29	42	6	-1	1	4	-1	0
	29	44	6	-1	1	3	3	0
	29	46	6	-1	1	7	-4	3
	29	48	6	-1	1	4	2	0
	29	50	6	-1	1	5	1	2
	29	52	6	-1	1	5	0	0
	29	54	6	-1	1	5	-1	0
	29	56	6	-1	1	6	-1	2
	29	58	6	-1	1	6	-3	0
	29	60	6	-1	1	5	-2	0
	29	62	6	-1	1	6	-2	0
	30	0	6	-1	1	-2	5	0
	30	2	6	-1	1	-2	6	0
	30	4	6	-1	1	-3	6	0
	30	6	6	-1	1	-1	5	0
	30	8	6	-1	1	0	5	0
	30	10	6	-1	1	-1	6	2
	30	12	6	-1	1	1	5	2
	30	14	6	-1	1	0	4	0
	30	16	6	-1	1	-1	4	0
	30	18	6	-1	1	0	3	0
	30	20	6	-1	1	3	4	3
	30	22	6	-1	1	2	4	0
	30	24	6	-1	1	1	4	0
	30	26	6	-1	1	1	3	0
	30	28	6	-1	1	2	3	0
	30	30	6	-1	1	1	2	0
	30	32	6	-1	1	0	2	0
	30	34	6	-1	1	0	1	0
	30	36	6	-1	1	-1	1	0
	30	38	6	-1	1	-1	2	0
	30	40	6	-1	1	-4	4	0
	30	42	6	-1	1	-3	3	0
	30	44	6	-1	1	-3	4	0
	30	46	6	-1	1	-5	5	0
	30	48	6	-1	1	-5	6	2
	30	50	6	-1	1	-4	5	0
	30	52	6	-1	1	-2	3	0
	30	54	6	-1	1	-1	3	0
	30	56	6	-1	1	-2	4	0
	30	58	6	-1	1	-3	5	0
	30	60	6	-1	1	-4	7	3
	30	62	6	-1	1	-4	6	0
	31	0	6	-1	1	-4	1	0
	31	2	6	-1	1	-4	2	0
	31	4	6	-1	1	-5	2	0
	31	6	6	-1	1	-6	2	0
	31	8	6	-1	1	-5	4	0
	31	10	6	-1	1	-6	3	0
	31	12	6	-1	1	-7	3	3
	31	14	6	-1	1	-6	4	0
	31	16	6	-1	1	-6	5	2
	31	18	6	-1	1	-5	3	0
	31	20	6	-1	1	-4	3	0
	31	22	6	-1	1	-3	2	0
	31	24	6	-1	1	-3	1	0
	31	26	6	-1	1	-2	1	4
	31	28	6	-1	1	-2	2	0
	31	30	6	-1	1	-3	0	0
	31	32	6	-1	1	-2	-1	0
	31	34	6	-1	1	-2	0	0
	31	36	6	-1	1	0	0	0
	31	38	6	-1	1	-1	0	0
	31	40	6	-1	1	-1	-1	0
	31	42	6	-1	1	-2	-2	0
	31	44	6	-1	1	-3	-1	0
	31	46	6	-1	1	-3	-2	0
	31	48	6	-1	1	-4	-2	0
	31	50	6	-1	1	-4	-1	0
	31	52	6	-1	1	-5	-1	2
	31	54	6	-1	1	-5	1	0
	31	56	6	-1	1	-5	0	0
	31	58	6	-1	1	-4	0	0
	31	62	6	-1	1	-6	1	2
	32	0	6	-1	1	2	-4	0
	32	2	6	-1	1	1	-4	0
	32	4	6	-1	1	2	-5	0
	32	6	6	-1	1	0	-4	0
	32	8	6	-1	1	3	-6	0
	32	10	6	-1	1	-1	-3	0
	32	12	6	-1	1	-1	-4	0
	32	14	6	-1	1	4	-6	0
	32	16	6	-1	1	4	-7	3
	32	18	6	-1	1	2	-6	0
	32	20	6	-1	1	1	-5	0
	32	22	6	-1	1	1	-6	2
	32	24	6	-1	1	0	-5	0
	32	26	6	-1	1	-1	-5	2
	32	28	6	-1	1	-2	-4	0
	32	30	6	-1	1	-2	-3	0
	32	32	6	-1	1	-3	-3	0
	32	34	6	-1	1	-4	-3	3
	32	36	6	-1	1	0	-1	0
	32	38	6	-1	1	0	-2	0
	32	40	6	-1	1	-1	-2	0
	32	42	6	-1	1	0	-3	0
	32	44	6	-1	1	1	-1	0
	32	46	6	-1	1	3	-4	0
	32	48	6	-1	1	4	-4	0
	32	50	6	-1	1	5	-5	0
	32	52	6	-1	1	2	-3	0
	32	54	6	-1	1	1	-2	0
	32	56	6	-1	1	1	-3	0
	32	58	6	-1	1	3	-5	0
	32	60	6	-1	1	5	-6	2
	32	62	6	-1	1	4	-5	0
# SKIROC CHANNEL | LAYER SENSOR_IX SENSOR_IV IX IV TYPE
	33	0	6	0	1	5	-3	0
	33	2	6	0	1	4	-2	4
	33	4	6	0	1	4	-3	0
	33	6	6	0	1	6	-4	0
	33	8	6	0	1	3	-3	0
	33	10	6	0	1	6	-5	2
	33	12	6	0	1	5	-4	0
	33	14	6	0	1	2	-2	0
	33	16	6	0	1	3	-2	0
	33	18	6	0	1	2	-1	0
	33	20	6	0	1	3	-1	0
	33	22	6	0	1	2	0	0
	33	24	6	0	1	1	0	0
	33	26	6	0	1	1	1	0
	33	28	6	0	1	2	1	0
	33	30	6	0	1	2	2	0
	33	32	6	0	1	3	2	0
	33	34	6	0	1	3	1	0
	33	36	6	0	1	4	1	0
	33	38	6	0	1	4	0	0
	33	40	6	0	1	3	0	0
	33	42	6	0	1	4	-1	0
	33	44	6	0	1	3	3	0
	33	46	6	0	1	7	-4	3
	33	48	6	0	1	4	2	0
	33	50	6	0	1	5	1	2
	33	52	6	0	1	5	0	0
	33	54	6	0	1	5	-1	0
	33	56	6	0	1	6	-1	2
	33	58	6	0	1	6	-3	0
	33	60	6	0	1	5	-2	0
	33	62	6	0	1	6	-2	0
	34	0	6	0	1	-2	5	0
	34	2	6	0	1	-2	6	0
	34	4	6	0	1	-3	6	0
	34	6	6	0	1	-1	5	0
	34	8	6	0	1	0	5	0
	34	10	6	0	1	-1	6	2
	34	12	6	0	1	1	5	2
	34	14	6	0	1	0	4	0
	34	16	6	0	1	-1	4	0
	34	18	6	0	1	0	3	0
	34	20	6	0	1	3	4	3
	34	22	6	0	1	2	4	0
	34	24	6	0	1	1	4	0
	34	26	6	0	1	1	3	0
	34	28	6	0	1	2	3	0
	34	30	6	0	1	1	2	0
	34	32	6	0	1	0	2	0
	34	34	6	0	1	0	1	0
	34	36	6	0	1	-1	1	0
	34	38	6	0	1	-1	2	0
	34	40	6	0	1	-4	4	0
	34	42	6	0	1	-3	3	0
	34	44	6	0	1	-3	4	0
	34	46	6	0	1	-5	5	0
	34	48	6	0	1	-5	6	2
	34	50	6	0	1	-4	5	0
	34	52	6	0	1	-2	3	0
	34	54	6	0	1	-1	3	0
	34	56	6	0	1	-2	4	0
	34	58	6	0	1	-3	5	0
	34	60	6	0	1	-4	7	3
	34	62	6	0	1	-4	6	0
	35	0	6	0	1	-4	1	0
	35	2	6	0	1	-4	2	0
	35	4	6	0	1	-5	2	0
	35	6	6	0	1	-6	2	0
	35	8	6	0	1	-5	4	0
	35	10	6	0	1	-6	3	0
	35	12	6	0	1	-7	3	3
	35	14	6	0	1	-6	4	0
	35	16	6	0	1	-6	5	2
	35	18	6	0	1	-5	3	0
	35	20	6	0	1	-4	3	0
	35	22	6	0	1	-3	2	0
	35	24	6	0	1	-3	1	0
	35	26	6	0	1	-2	1	4
	35	28	6	0	1	-2	2	0
	35	30	6	0	1	-3	0	0
	35	32	6	0	1	-2	-1	0
	35	34	6	0	1	-2	0	0
	35	36	6	0	1	0	0	0
	35	38	6	0	1	-1	0	0
	35	40	6	0	1	-1	-1	0
	35	42	6	0	1	-2	-2	0
	35	44	6	0	1	-3	-1	0
	35	46	6	0	1	-3	-2	0
	35	48	6	0	1	-4	-2	0
	35	50	6	0	1	-4	-1	0
	35	52	6	0	1	-5	-1	2
	35	54	6	0	1	-5	1	0
	35	56	6	0	1	-5	0	0
	35	58	6	0	1	-4	0	0
	35	62	6	0	1	-6	1	2
	36	0	6	0	1	2	-4	0
	36	2	6	0	1	1	-4	0
	36	4	6	0	1	2	-5	0
	36	6	6	0	1	0	-4	0
	36	8	6	0	1	3	-6	0
	36	10	6	0	1	-1	-3	0
	36	12	6	0	1	-1	-4	0
	36	14	6	0	1	4	-6	0
	36	16	6	0	1	4	-7	3
	36	18	6	0	1	2	-6	0
	36	20	6	0	1	1	-5	0
	36	22	6	0	1	1	-6	2
	36	24	6	0	1	0	-5	0
	36	26	6	0	1	-1	-5	2
	36	28	6	0	1	-2	-4	0
	36	30	6	0	1	-2	-3	0
	36	32	6	0	1	-3	-3	0
	36	34	6	0	1	-4	-3	3
	36	36	6	0	1	0	-1	0
	36	38	6	0	1	0	-2	0
	36	40	6	0	1	-1	-2	0
	36	42	6	0	1	0	-3	0
	36	44	6	0	1	1	-1	0
	36	46	6	0	1	3	-4	0
	36	48	6	0	1	4	-4	0
	36	50	6	0	1	5	-5	0
	36	52	6	0	1	2	-3	0
	36	54	6	0	1	1	-2	0
	36	56	6	0	1	1	-3	0
	36	58	6	0	1	3	-5	0
	36	60	6	0	1	5	-6	2
	36	62	6	0	1	4	-5	0
# SKIROC CHANNEL | LAYER SENSOR_IX SENSOR_IV IX IV TYPE
	37	0	6	1	0	5	-3	0
	37	2	6	1	0	4	-2	4
	37	4	6	1	0	4	-3	0
	37	6	6	1	0	6	-4	0
	37	8	6	1	0	3	-3	0
	37	10	6	1	0	6	-5	2
	37	12	6	1	0	5	-4	0
	37	14	6	1	0	2	-2	0
	37	16	6	1	0	3	-2	0
	37	18	6	1	0	2	-1	0
	37	20	6	1	0	3	-1	0
	37	22	6	1	0	2	0	0
	37	24	6	1	0	1	0	0
	37	26	6	1	0	1	1	0
	37	28	6	1	0	2	1	0
	37	30	6	1	0	2	2	0
	37	32	6	1	0	3	2	0
	37	34	6	1	0	3	1	0
	37	36	6	1	0	4	1	0
	37	38	6	1	0	4	0	0
	37	40	6	1	0	3	0	0
	37	42	6	1	0	4	-1	0
	37	44	6	1	0	3	3	0
	37	46	6	1	0	7	-4	3
	37	48	6	1	0	4	2	0
	37	50	6	1	0	5	1	2
	37	52	6	1	0	5	0	0
	37	54	6	1	0	5	-1	0
	37	56	6	1	0	6	-1	2
	37	58	6	1	0	6	-3	0
	37	60	6	1	0	5	-2	0
	37	62	6	1	0	6	-2	0
	38	0	6	1	0	-2	5	0
	38	2	6	1	0	-2	6	0
	38	4	6	1	0	-3	6	0
	38	6	6	1	0	-1	5	0
	38	8	6	1	0	0	5	0
	38	10	6	1	0	-1	6	2
	38	12	6	1	0	1	5	2
	38	14	6	1	0	0	4	0
	38	16	6	1	0	-1	4	0
	38	18	6	1	0	0	3	0
	38	20	6	1	0	3	4	3
	38	22	6	1	0	2	4	0
	38	24	6	1	0	1	4	0
	38	26	6	1	0	1	3	0
	38	28	6	1	0	2	3	0
	38	30	6	1	0	1	2	0
	38	32	6	1	0	0	2	0
	38	34	6	1	0	0	1	0
	38	36	6	1	0	-1	1	0
	38	38	6	1	0	-1	2	0
	38	40	6	1	0	-4	4	0
	38	42	6	1	0	-3	3	0
	38	44	6	1	0	-3	4	0
	38	46	6	1	0	-5	5	0
	38	48	6	1	0	-5	6	2
	38	50	6	1	0	-4	5	0
	38	52	6	1	0	-2	3	0
	38	54	6	1	0	-1	3	0
	38	56	6	1	0	-2	4	0
	38	58	6	1	0	-3	5	0
	38	60	6	1	0	-4	7	3
	38	62	6	1	0	-4	6	0
	39	0	6	1	0	-4	1	0
	39	2	6	1	0	-4	2	0
	39	4	6	1	0	-5	2	0
	39	6	6	1	0	-6	2	0
	39	8	6	1	0	-5	4	0
	39	10	6	1	0	-6	3	0
	39	12	6	1	0	-7	3	3
	39	14	6	1	0	-6	4	0
	39	16	6	1	0	-6	5	2
	39	18	6	1	0	-5	3	0
	39	20	6	1	0	-4	3	0
	39	22	6	1	0	-3	2	0
	39	24	6	1	0	-3	1	0
	39	26	6	1	0	-2	1	4
	39	28	6	1	0	-2	2	0
	39	30	6	1	0	-3	0	0
	39	32	6	1	0	-2	-1	0
	39	34	6	1	0	-2	0	0
	39	36	6	1	0	0	0	0
	39	38	6	1	0	-1	0	0
	39	40	6	1	0	-1	-1	0
	39	42	6	1	0	-2	-2	0
	39	44	6	1	0	-3	-1	0
	39	46	6	1	0	-3	-2	0
	39	48	6	1	0	-4	-2	0
	39	50	6	1	0	-4	-1	0
	39	52	6	1	0	-5	-1	2
	39	54	6	1	0	-5	1	0
	39	56	6	1	0	-5	0	0
	39	58	6	1	0	-4	0	0
	39	62	6	1	0	-6	1	2
	40	0	6	1	0	2	-4	0
	40	2	6	1	0	1	-4	0
	40	4	6	1	0	2	-5	0
	40	6	6	1	0	0	-4	0
	40	8	6	1	0	3	-6	0
	40	10	6	1	0	-1	-3	0
	40	12	6	1	0	-1	-4	0
	40	14	6	1	0	4	-6	0
	40	16	6	1	0	4	-7	3
	40	18	6	1	0	2	-6	0
	40	20	6	1	0	1	-5	0
	40	22	6	1	0	1	-6	2
	40	24	6	1	0	0	-5	0
	40	26	6	1	0	-1	-5	2
	40	28	6	1	0	-2	-4	0
	40	30	6	1	0	-2	-3	0
	40	32	6	1	0	-3	-3	0
	40	34	6	1	0	-4	-3	3
	40	36	6	1	0	0	-1	0
	40	38	6	1	0	0	-2	0
	40	40	6	1	0	-1	-2	0
	40	42	6	1	0	0	-3	0
	40	44	6	1	0	1	-1	0
	40	46	6	1	0	3	-4	0
	40	48	6	1	0	4	-4	0
	40	50	6	1	0	5	-5	0
	40	52	6	1	0	2	-3	0
	40	54	6	1	0	1	-2	0
	40	56	6	1	0	1	-3	0
	40	58	6	1	0	3	-5	0
	40	60	6	1	0	5	-6	2
	40	62	6	1	0	4	-5	0
# SKIROC CHANNEL | LAYER SENSOR_IX SENSOR_IV IX IV TYPE
	41	0	6	1	-1	-5	3	0
	41	2	6	1	-1	-4	2	4
	41	4	6	1	-1	-4	3	0
	41	6	6	1	-1	-6	4	0
	41	8	6	1	-1	-3	3	0
	41	10	6	1	-1	-6	5	2
	41	12	6	1	-1	-5	4	0
	41	14	6	1	-1	-2	2	0
	41	16	6	1	-1	-3	2	0
	41	18	6	1	-1	-2	1	0
	41	20	6	1	-1	-3	1	0
	41	22	6	1	-1	-2	0	0
	41	24	6	1	-1	-1	0	0
	41	26	6	1	-1	-1	-1	0
	41	28	6	1	-1	-2	-1	0
	41	30	6	1	-1	-2	-2	0
	41	32	6	1	-1	-3	-2	0
	41	34	6	1	-1	-3	-1	0
	41	36	6	1	-1	-4	-1	0
	41	38	6	1	-1	-4	0	0
	41	40	6	1	-1	-3	0	0
	41	42	6	1	-1	-4	1	0
	41	44	6	1	-1	-3	-3	0
	41	46	6	1	-1	-7	4	3
	41	48	6	1	-1	-4	-2	0
	41	50	6	1	-1	-5	-1	2
	41	52	6	1	-1	-5	0	0
	41	54	6	1	-1	-5	1	0
	41	56	6	1	-1	-6	1	2
	41	58	6	1	-1	-6	3	0
	41	60	6	1	-1	-5	2	0
	41	62	6	1	-1	-6	2	0
	42	0	6	1	-1	2	-5	0
	42	2	6	1	-1	2	-6	0
	42	4	6	1	-1	3	-6	0
	42	6	6	1	-1	1	-5	0
	42	8	6	1	-1	0	-5	0
	42	10	6	1	-1	1	-6	2
	42	12	6	1	-1	-1	-5	2
	42	14	6	1	-1	0	-4	0
	42	16	6	1	-1	1	-4	0
	42	18	6	1	-1	0	-3	0
	42	20	6	1	-1	-3	-4	3
	42	22	6	1	-1	-2	-4	0
	42	24	6	1	-1	-1	-4	0
	42	26	6	1	-1	-1	-3	0
	42	28	6	1	-1	-2	-3	0
	42	30	6	1	-1	-1	-2	0
	42	32	6	1	-1	0	-2	0
	42	34	6	1	-1	0	-1	0
	42	36	6	1	-1	1	-1	0
	42	38	6	1	-1	1	-2	0
	42	40	6	1	-1	4	-4	0
	42	42	6	1	-1	3	-3	0
	42	44	6	1	-1	3	-4	0
	42	46	6	1	-1	5	-5	0
	42	48	6	1	-1	5	-6	2
	42	50	6	1	-1	4	-5	0
	42	52	6	1	-1	2	-3	0
	42	54	6	1	-1	1	-3	0
	42	56	6	1	-1	2	-4	0
	42	58	6	1	-1	3	-5	0
	42	60	6	1	-1	4	-7	3
	42	62	6	1	-1	4	-6	0
	43	0	6	1	-1	4	-1	0
	43	2	6	1	-1	4	-2	0
	43	4	6	1	-1	5	-2	0
	43	6	6	1	-1	6	-2	0
	43	8	6	1	-1	5	-4	0
	43	10	6	1	-1	6	-3	0
	43	12	6	1	-1	7	-3	3
	43	14	6	1	-1	6	-4	0
	43	16	6	1	-1	6	-5	2
	43	18	6	1	-1	5	-3	0
	43	20	6	1	-1	4	-3	0
	43	22	6	1	-1	3	-2	0
	43	24	6	1	-1	3	-1	0
	43	26	6	1	-1	2	-1	4
	43	28	6	1	-1	2	-2	0
	43	30	6	1	-1	3	0	0
	43	32	6	1	-1	2	1	0
	43	34	6	1	-1	2	0	0
	43	36	6	1	-1	0	0	0
	43	38	6	1	-1	1	0	0
	43	40	6	1	-1	1	1	0
	43	42	6	1	-1	2	2	0
	43	44	6	1	-1	3	1	0
	43	46	6	1	-1	3	2	0
	43	48	6	1	-1	4	2	0
	43	50	6	1	-1	4	1	0
	43	52	6	1	-1	5	1	2
	43	54	6	1	-1	5	-1	0
	43	56	6	1	-1	5	0	0
	43	58	6	1	-1	4	0	0
	43	62	6	1	-1	6	-1	2
	44	0	6	1	-1	-2	4	0
	44	2	6	1	-1	-1	4	0
	44	4	6	1	-1	-2	5	0
	44	6	6	1	-1	0	4	0
	44	8	6	1	-1	-3	6	0
	44	10	6	1	-1	1	3	0
	44	12	6	1	-1	1	4	0
	44	14	6	1	-1	-4	6	0
	44	16	6	1	-1	-4	7	3
	44	18	6	1	-1	-2	6	0
	44	20	6	1	-1	-1	5	0
	44	22	6	1	-1	-1	6	2
	44	24	6	1	-1	0	5	0
	44	26	6	1	-1	1	5	2
	44	28	6	1	-1	2	4	0
	44	30	6	1	-1	2	3	0
	44	32	6	1	-1	3	3	0
	44	34	6	1	-1	4	3	3
	44	36	6	1	-1	0	1	0
	44	38	6	1	-1	0	2	0
	44	40	6	1	-1	1	2	0
	44	42	6	1	-1	0	3	0
	44	44	6	1	-1	-1	1	0
	44	46	6	1	-1	-3	4	0
	44	48	6	1	-1	-4	4	0
	44	50	6	1	-1	-5	5	0
	44	52	6	1	-1	-2	3	0
	44	54	6	1	-1	-1	2	0
	44	56	6	1	-1	-1	3	0
	44	58	6	1	-1	-3	5	0
	44	60	6	1	-1	-5	6	2
	44	62	6	1	-1	-4	5	0
# SKIROC CHANNEL | LAYER SENSOR_IX SENSOR_IV IX IV TYPE
	45	0	6	0	-1	-5	3	0
	45	2	6	0	-1	-4	2	4
	45	4	6	0	-1	-4	3	0
	45	6	6	0	-1	-6	4	0
	45	8	6	0	-1	-3	3	0
	45	10	6	0	-1	-6	5	2
	45	12	6	0	-1	-5	4	0
	45	14	6	0	-1	-2	2	0
	45	16	6	0	-1	-3	2	0
	45	18	6	0	-1	-2	1	0
	45	20	6	0	-1	-3	1	0
	45	22	6	0	-1	-2	0	0
	45	24	6	0	-1	-1	0	0
	45	26	6	0	-1	-1	-1	0
	45	28	6	0	-1	-2	-1	0
	45	30	6	0	-1	-2	-2	0
	45	32	6	0	-1	-3	-2	0
	45	34	6	0	-1	-3	-1	0
	45	36	6	0	-1	-4	-1	0
	45	38	6	0	-1	-4	0	0
	45	40	6	0	-1	-3	0	0
	45	42	6	0	-1	-4	1	0
	45	44	6	0	-1	-3	-3	0
	45	46	6	0	-1	-7	4	3
	45	48	6	0	-1	-4	-2	0
	45	50	6	0	-1	-5	-1	2
	45	52	6	0	-1	-5	0	0
	45	54	6	0	-1	-5	1	0
	45	56	6	0	-1	-6	1	2
	45	58	6	0	-1	-6	3	0
	45	60	6	0	-1	-5	2	0
	45	62	6	0	-1	-6	2	0
	46	0	6	0	-1	2	-5	0
	46	2	6	0	-1	2	-6	0
	46	4	6	0	-1	3	-6	0
	46	6	6	0	-1	1	-5	0
	46	8	6	0	-1	0	-5	0
	46	10	6	0	-1	1	-6	2
	46	12	6	0	-1	-1	-5	2
	46	14	6	0	-1	0	-4	0
	46	16	6	0	-1	1	-4	0
	46	18	6	0	-1	0	-3	0
	46	20	6	0	-1	-3	-4	3
	46	22	6	0	-1	-2	-4	0
	46	24	6	0	-1	-1	-4	0
	46	26	6	0	-1	-1	-3	0
	46	28	6	0	-1	-2	-3	0
	46	30	6	0	-1	-1	-2	0
	46	32	6	0	-1	0	-2	0
	46	34	6	0	-1	0	-1	0
	46	36	6	0	-1	1	-1	0
	46	38	6	0	-1	1	-2	0
	46	40	6	0	-1	4	-4	0
	46	42	6	0	-1	3	-3	0
	46	44	6	0	-1	3	-4	0
	46	46	6	0	-1	5	-5	0
	46	48	6	0	-1	5	-6	2
	46	50	6	0	-1	4	-5	0
	46	52	6	0	-1	2	-3	0
	46	54	6	0	-1	1	-3	0
	46	56	6	0	-1	2	-4	0
	46	58	6	0	-1	3	-5	0
	46	60	6	0	-1	4	-7	3
	46	62	6	0	-1	4	-6	0
	47	0	6	0	-1	4	-1	0
	47	2	6	0	-1	4	-2	0
	47	4	6	0	-1	5	-2	0
	47	6	6	0	-1	6	-2	0
	47	8	6	0	-1	5	-4	0
	47	10	6	0	-1	6	-3	0
	47	12	6	0	-1	7	-3	3
	47	14	6	0	-1	6	-4	0
	47	16	6	0	-1	6	-5	2
	47	18	6	0	-1	5	-3	0
	47	20	6	0	-1	4	-3	0
	47	22	6	0	-1	3	-2	0
	47	24	6	0	-1	3	-1	0
	47	26	6	0	-1	2	-1	4
	47	28	6	0	-1	2	-2	0
	47	30	6	0	-1	3	0	0
	47	32	6	0	-1	2	1	0
	47	34	6	0	-1	2	0	0
	47	36	6	0	-1	0	0	0
	47	38	6	0	-1	1	0	0
	47	40	6	0	-1	1	1	0
	47	42	6	0	-1	2	2	0
	47	44	6	0	-1	3	1	0
	47	46	6	0	-1	3	2	0
	47	48	6	0	-1	4	2	0
	47	50	6	0	-1	4	1	0
	47	52	6	0	-1	5	1	2
	47	54	6	0	-1	5	-1	0
	47	56	6	0	-1	5	0	0
	47	58	6	0	-1	4	0	0
	47	62	6	0	-1	6	-1	2
	48	0	6	0	-1	-2	4	0
	48	2	6	0	-1	-1	4	0
	48	4	6	0	-1	-2	5	0
	48	6	6	0	-1	0	4	0
	48	8	6	0	-1	-3	6	0
	48	10	6	0	-1	1	3	0
	48	12	6	0	-1	1	4	0
	48	14	6	0	-1	-4	6	0
	48	16	6	0	-1	-4	7	3
	48	18	6	0	-1	-2	6	0
	48	20	6	0	-1	-1	5	0
	48	22	6	0	-1	-1	6	2
	48	24	6	0	-1	0	5	0
	48	26	6	0	-1	1	5	2
	48	28	6	0	-1	2	4	0
	48	30	6	0	-1	2	3	0
	48	32	6	0	-1	3	3	0
	48	34	6	0	-1	4	3	3
	48	36	6	0	-1	0	1	0
	48	38	6	0	-1	0	2	0
	48	40	6	0	-1	1	2	0
	48	42	6	0	-1	0	3	0
	48	44	6	0	-1	-1	1	0
	48	46	6	0	-1	-3	4	0
	48	48	6	0	-1	-4	4	0
	48	50	6	0	-1	-5	5	0
	48	52	6	0	-1	-2	3	0
	48	54	6	0	-1	-1	2	0
	48	56	6	0	-1	-1	3	0
	48	58	6	0	-1	-3	5	0
	48	60	6	0	-1	-5	6	2
	48	62	6	0	-1	-4	5	0
# SKIROC CHANNEL | LAYER SENSOR_IX SENSOR_IV IX IV TYPE
	49	0	7	0	0	5	-3	0
	49	2	7	0	0	4	-2	4
	49	4	7	0	0	4	-3	0
	49	6	7	0	0	6	-4	0
	49	10	7	0	0	6	-5	2
	49	12	7	0	0	5	-4	0
	49	14	7	0	0	2	-2	5
	49	16	7	0	0	3	-2	0
	49	18	7	0	0	2	-1	0
	49	20	7	0	0	3	-1	0
	49	22	7	0	0	2	0	0
	49	24	7	0	0	1	0	0
	49	28	7	0	0	2	1	0
	49	30	7	0	0	2	2	0
	49	32	7	0	0	3	2	0
	49	34	7	0	0	3	1	0
	49	36	7	0	0	4	1	0
	49	38	7	0	0	4	0	0
	49	40	7	0	0	3	0	0
	49	42	7	0	0	4	-1	0
	49	44	7	0	0	3	3	0
	49	46	7	0	0	7	-4	3
	49	48	7	0	0	4	2	0
	49	50	7	0	0	5	1	2
	49	52	7	0	0	5	0	0
	49	56	7	0	0	6	-1	5
	49	58	7	0	0	6	-3	0
	49	60	7	0	0	5	-2	0
	49	62	7	0	0	6	-2	0
	50	0	7	0	0	-2	5	0
	50	2	7	0	0	-2	6	0
	50	4	7	0	0	-3	6	0
	50	6	7	0	0	-1	5	0
	50	8	7	0	0	0	5	0
	50	10	7	0	0	-1	6	2
	50	12	7	0	0	1	5	2
	50	14	7	0	0	0	4	0
	50	16	7	0	0	-1	4	0
	50	18	7	0	0	0	3	0
	50	20	7	0	0	3	4	3
	50	22	7	0	0	2	4	0
	50	24	7	0	0	1	4	0
	50	26	7	0	0	1	3	0
	50	28	7	0	0	2	3	0
	50	30	7	0	0	1	2	0
	50	32	7	0	0	0	2	0
	50	34	7	0	0	0	1	5
	50	36	7	0	0	-1	1	0
	50	38	7	0	0	-1	2	0
	50	40	7	0	0	-4	4	0
	50	42	7	0	0	-3	3	0
	50	44	7	0	0	-3	4	0
	50	46	7	0	0	-5	5	0
	50	48	7	0	0	-5	6	2
	50	50	7	0	0	-4	5	0
	50	52	7	0	0	-2	3	0
	50	54	7	0	0	-1	3	0
	50	56	7	0	0	-2	4	0
	50	58	7	0	0	-3	5	0
	50	60	7	0	0	-4	7	3
	50	62	7	0	0	-4	6	0
	51	0	7	0	0	-4	1	0
	51	2	7	0	0	-4	2	0
	51	4	7	0	0	-5	2	0
	51	6	7	0	0	-6	2	0
	51	8	7	0	0	-5	4	0
	51	10	7	0	0	-6	3	0
	51	12	7	0	0	-7	3	3
	51	14	7	0	0	-6	4	0
	51	16	7	0	0	-6	5	2
	51	20	7	0	0	-4	3	0
	51	22	7	0	0	-3	2	0
	51	24	7	0	0	-3	1	0
	51	26	7	0	0	-2	1	4
	51	28	7	0	0	-2	2	0
	51	30	7	0	0	-3	0	0
	51	32	7	0	0	-2	-1	0
	51	34	7	0	0	-2	0	0
	51	36	7	0	0	0	0	0
	51	38	7	0	0	-1	0	0
	51	40	7	0	0	-1	-1	0
	51	42	7	0	0	-2	-2	0
	51	44	7	0	0	-3	-1	0
	51	46	7	0	0	-3	-2	0
	51	48	7	0	0	-4	-2	0
	51	50	7	0	0	-4	-1	0
	51	52	7	0	0	-5	-1	2
	51	54	7	0	0	-5	1	0
	51	56	7	0	0	-5	0	0
	51	58	7	0	0	-4	0	0
	51	62	7	0	0	-6	1	2
	52	0	7	0	0	2	-4	0
	52	2	7	0	0	1	-4	0
	52	4	7	0	0	2	-5	0
	52	6	7	0	0	0	-4	0
	52	8	7	0	0	3	-6	0
	52	10	7	0	0	-1	-3	0
	52	12	7	0	0	-1	-4	0
	52	14	7	0	0	4	-6	0
	52	16	7	0	0	4	-7	3
	52	18	7	0	0	2	-6	0
	52	20	7	0	0	1	-5	0
	52	22	7	0	0	1	-6	2
	52	24	7	0	0	0	-5	5
	52	28	7	0	0	-2	-4	0
	52	30	7	0	0	-2	-3	0
	52	32	7	0	0	-3	-3	0
	52	34	7	0	0	-4	-3	3
	52	36	7	0	0	0	-1	0
	52	38	7	0	0	0	-2	0
	52	40	7	0	0	-1	-2	0
	52	42	7	0	0	0	-3	0
	52	44	7	0	0	1	-1	0
	52	46	7	0	0	3	-4	0
	52	48	7	0	0	4	-4	0
	52	50	7	0	0	5	-5	0
	52	52	7	0	0	2	-3	0
	52	54	7	0	0	1	-2	0
	52	56	7	0	0	1	-3	0
	52	58	7	0	0	3	-5	0
	52	60	7	0	0	5	-6	2
	52	62	7	0	0	4	-5	0
# SKIROC CHANNEL | LAYER SENSOR_IX SENSOR_IV IX IV TYPE
	53	0	8	0	0	5	-3	0
	53	2	8	0	0	4	-2	4
	53	4	8	0	0	4	-3	0
	53	6	8	0	0	6	-4	0
	53	8	8	0	0	3	-3	0
	53	10	8	0	0	6	-5	2
	53	12	8	0	0	5	-4	0
	53	14	8	0	0	2	-2	0
	53	16	8	0	0	3	-2	0
	53	18	8	0	0	2	-1	0
	53	20	8	0	0	3	-1	0
	53	22	8	0	0	2	0	0
	53	24	8	0	0	1	0	0
	53	26	8	0	0	1	1	0
	53	28	8	0	0	2	1	0
	53	30	8	0	0	2	2	0
	53	32	8	0	0	3	2	0
	53	34	8	0	0	3	1	0
	53	36	8	0	0	4	1	0
	53	38	8	0	0	4	0	0
	53	40	8	0	0	3	0	0
	53	42	8	0	0	4	-1	0
	53	44	8	0	0	3	3	0
	53	46	8	0	0	7	-4	3
	53	48	8	0	0	4	2	0
	53	50	8	0	0	5	1	2
	53	52	8	0	0	5	0	0
	53	54	8	0	0	5	-1	0
	53	56	8	0	0	6	-1	2
	53	58	8	0	0	6	-3	0
	53	60	8	0	0	5	-2	0
	53	62	8	0	0	6	-2	0
	54	0	8	0	0	-2	5	0
	54	2	8	0	0	-2	6	0
	54	4	8	0	0	-3	6	0
	54	6	8	0	0	-1	5	0
	54	8	8	0	0	0	5	0
	54	10	8	0	0	-1	6	2
	54	12	8	0	0	1	5	2
	54	14	8	0	0	0	4	0
	54	16	8	0	0	-1	4	0
	54	18	8	0	0	0	3	0
	54	20	8	0	0	3	4	3
	54	22	8	0	0	2	4	0
	54	24	8	0	0	1	4	0
	54	26	8	0	0	1	3	0
	54	28	8	0	0	2	3	0
	54	30	8	0	0	1	2	0
	54	32	8	0	0	0	2	0
	54	34	8	0	0	0	1	0
	54	36	8	0	0	-1	1	0
	54	38	8	0	0	-1	2	0
	54	40	8	0	0	-4	4	0
	54	42	8	0	0	-3	3	0
	54	44	8	0	0	-3	4	0
	54	46	8	0	0	-5	5	0
	54	48	8	0	0	-5	6	2
	54	50	8	0	0	-4	5	0
	54	52	8	0	0	-2	3	0
	54	54	8	0	0	-1	3	0
	54	56	8	0	0	-2	4	0
	54	58	8	0	0	-3	5	0
	54	60	8	0	0	-4	7	3
	54	62	8	0	0	-4	6	0
	55	0	8	0	0	-4	1	0
	55	2	8	0	0	-4	2	0
	55	4	8	0	0	-5	2	0
	55	6	8	0	0	-6	2	0
	55	8	8	0	0	-5	4	0
	55	10	8	0	0	-6	3	0
	55	12	8	0	0	-7	3	3
	55	14	8	0	0	-6	4	0
	55	16	8	0	0	-6	5	2
	55	18	8	0	0	-5	3	0
	55	20	8	0	0	-4	3	0
	55	22	8	0	0	-3	2	0
	55	24	8	0	0	-3	1	0
	55	26	8	0	0	-2	1	4
	55	28	8	0	0	-2	2	0
	55	30	8	0	0	-3	0	0
	55	32	8	0	0	-2	-1	0
	55	34	8	0	0	-2	0	0
	55	36	8	0	0	0	0	0
	55	38	8	0	0	-1	0	0
	55	40	8	0	0	-1	-1	0
	55	42	8	0	0	-2	-2	0
	55	44	8	0	0	-3	-1	0
	55	46	8	0	0	-3	-2	0
	55	48	8	0	0	-4	-2	0
	55	50	8	0	0	-4	-1	0
	55	52	8	0	0	-5	-1	2
	55	54	8	0	0	-5	1	0
	55	56	8	0	0	-5	0	0
	55	58	8	0	0	-4	0	0
	55	62	8	0	0	-6	1	2
	56	0	8	0	0	2	-4	0
	56	2	8	0	0	1	-4	0
	56	4	8	0	0	2	-5	0
	56	6	8	0	0	0	-4	0
	56	8	8	0	0	3	-6	0
	56	10	8	0	0	-1	-3	0
	56	12	8	0	0	-1	-4	0
	56	14	8	0	0	4	-6	0
	56	16	8	0	0	4	-7	3
	56	18	8	0	0	2	-6	0
	56	20	8	0	0	1	-5	0
	56	22	8	0	0	1	-6	2
	56	24	8	0	0	0	-5	0
	56	26	8	0	0	-1	-5	2
	56	28	8	0	0	-2	-4	0
	56	30	8	0	0	-2	-3	0
	56	32	8	0	0	-3	-3	0
	56	34	8	0	0	-4	-3	3
	56	36	8	0	0	0	-1	0
	56	38	8	0	0	0	-2	0
	56	40	8	0	0	-1	-2	0
	56	42	8	0	0	0	-3	0
	56	44	8	0	0	1	-1	0
	56	46	8	0	0	3	-4	0
	56	48	8	0	0	4	-4	0
	56	50	8	0	0	5	-5	0
	56	52	8	0	0	2	-3	0
	56	54	8	0	0	1	-2	0
	56	56	8	0	0	1	-3	0
	56	58	8	0	0	3	-5	0
	56	60	8	0	0	5	-6	2
	56	62	8	0	0	4	-5	0
# SKIROC CHANNEL | LAYER SENSOR_IX SENSOR_IV IX IV TYPE
	57	0	9	0	0	5	-3	0
	57	2	9	0	0	4	-2	4
	57	4	9	0	0	4	-3	0
	57	6	9	0	0	6	-4	0
	57	8	9	0	0	3	-3	0
	57	10	9	0	0	6	-5	2
	57	12	9	0	0	5	-4	0
	57	14	9	0	0	2	-2	0
	57	16	9	0	0	3	-2	0
	57	18	9	0	0	2	-1	0
	57	20	9	0	0	3	-1	0
	57	22	9	0	0	2	0	0
	57	24	9	0	0	1	0	0
	57	26	9	0	0	1	1	0
	57	28	9	0	0	2	1	0
	57	30	9	0	0	2	2	0
	57	32	9	0	0	3	2	0
	57	34	9	0	0	3	1	0
	57	36	9	0	0	4	1	0
	57	38	9	0	0	4	0	0
	57	40	9	0	0	3	0	0
	57	42	9	0	0	4	-1	0
	57	44	9	0	0	3	3	0
	57	46	9	0	0	7	-4	3
	57	48	9	0	0	4	2	0
	57	50	9	0	0	5	1	2
	57	52	9	0	0	5	0	0
	57	54	9	0	0	5	-1	0
	57	56	9	0	0	6	-1	2
	57	58	9	0	0	6	-3	0
	57	60	9	0	0	5	-2	0
	57	62	9	0	0	6	-2	0
	58	0	9	0	0	-2	5	0
	58	2	9	0	0	-2	6	0
	58	4	9	0	0	-3	6	0
	58	6	9	0	0	-1	5	0
	58	8	9	0	0	0	5	0
	58	10	9	0	0	-1	6	2
	58	12	9	0	0	1	5	2
	58	14	9	0	0	0	4	0
	58	16	9	0	0	-1	4	0
	58	18	9	0	0	0	3	0
	58	20	9	0	0	3	4	3
	58	22	9	0	0	2	4	0
	58	24	9	0	0	1	4	0
	58	26	9	0	0	1	3	0
	58	28	9	0	0	2	3	0
	58	30	9	0	0	1	2	0
	58	32	9	0	0	0	2	0
	58	34	9	0	0	0	1	0
	58	36	9	0	0	-1	1	0
	58	38	9	0	0	-1	2	0
	58	40	9	0	0	-4	4	0
	58	42	9	0	0	-3	3	0
	58	44	9	0	0	-3	4	0
	58	46	9	0	0	-5	5	0
	58	48	9	0	0	-5	6	2
	58	50	9	0	0	-4	5	0
	58	52	9	0	0	-2	3	0
	58	54	9	0	0	-1	3	0
	58	56	9	0	0	-2	4	0
	58	58	9	0	0	-3	5	0
	58	60	9	0	0	-4	7	3
	58	62	9	0	0	-4	6	0
	59	0	9	0	0	-4	1	0
	59	2	9	0	0	-4	2	0
	59	4	9	0	0	-5	2	0
	59	6	9	0	0	-6	2	0
	59	8	9	0	0	-5	4	0
	59	10	9	0	0	-6	3	0
	59	12	9	0	0	-7	3	3
	59	14	9	0	0	-6	4	0
	59	16	9	0	0	-6	5	2
	59	18	9	0	0	-5	3	0
	59	20	9	0	0	-4	3	0
	59	22	9	0	0	-3	2	0
	59	24	9	0	0	-3	1	0
	59	26	9	0	0	-2	1	4
	59	28	9	0	0	-2	2	0
	59	30	9	0	0	-3	0	0
	59	32	9	0	0	-2	-1	0
	59	34	9	0	0	-2	0	0
	59	36	9	0	0	0	0	0
	59	38	9	0	0	-1	0	0
	59	40	9	0	0	-1	-1	0
	59	42	9	0	0	-2	-2	0
	59	44	9	0	0	-3	-1	0
	59	46	9	0	0	-3	-2	0
	59	48	9	0	0	-4	-2	0
	59	50	9	0	0	-4	-1	0
	59	52	9	0	0	-5	-1	2
	59	54	9	0	0	-5	1	0
	59	56	9	0	0	-5	0	0
	59	58	9	0	0	-4	0	0
	59	62	9	0	0	-6	1	2
	60	0	9	0	0	2	-4	0
	60	2	9	0	0	1	-4	0
	60	4	9	0	0	2	-5	0
	60	6	9	0	0	0	-4	0
	60	8	9	0	0	3	-6	0
	60	10	9	0	0	-1	-3	0
	60	12	9	0	0	-1	-4	0
	60	14	9	0	0	4	-6	0
	60	16	9	0	0	4	-7	3
	60	18	9	0	0	2	-6	0
	60	20	9	0	0	1	-5	0
	60	22	9	0	0	1	-6	2
	60	24	9	0	0	0	-5	0
	60	26	9	0	0	-1	-5	2
	60	28	9	0	0	-2	-4	0
	60	30	9	0	0	-2	-3	0
	60	32	9	0	0	-3	-3	0
	60	36	9	0	0	0	-1	0
	60	38	9	0	0	0	-2	0
	60	40	9	0	0	-1	-2	0
	60	42	9	0	0	0	-3	0
	60	44	9	0	0	1	-1	0
	60	46	9	0	0	3	-4	0
	60	48	9	0	0	4	-4	0
	60	50	9	0	0	5	-5	0
	60	52	9	0	0	2	-3	0
	60	54	9	0	0	1	-2	0
	60	56	9	0	0	1	-3	0
	60	58	9	0	0	3	-5	0
	60	60	9	0	0	5	-6	2
	60	62	9	0	0	4	-5	0
# SKIROC CHANNEL | LAYER SENSOR_IX SENSOR_IV IX IV TYPE
	61	0	10	0	0	5	-3	0
	61	2	10	0	0	4	-2	4
	61	4	10	0	0	4	-3	0
	61	6	10	0	0	6	-4	0
	61	8	10	0	0	3	-3	0
	61	10	10	0	0	6	-5	2
	61	12	10	0	0	5	-4	0
	61	14	10	0	0	2	-2	0
	61	16	10	0	0	3	-2	0
	61	18	10	0	0	2	-1	0
	61	20	10	0	0	3	-1	0
	61	22	10	0	0	2	0	0
	61	24	10	0	0	1	0	0
	61	26	10	0	0	1	1	0
	61	28	10	0	0	2	1	0
	61	30	10	0	0	2	2	0
	61	32	10	0	0	3	2	0
	61	34	10	0	0	3	1	0
	61	36	10	0	0	4	1	0
	61	38	10	0	0	4	0	0
	61	40	10	0	0	3	0	0
	61	42	10	0	0	4	-1	0
	61	44	10	0	0	3	3	0
	61	46	10	0	0	7	-4	3
	61	48	10	0	0	4	2	0
	61	50	10	0	0	5	1	2
	61	52	10	0	0	5	0	0
	61	54	10	0	0	5	-1	0
	61	56	10	0	0	6	-1	2
	61	58	10	0	0	6	-3	0
	61	60	10	0	0	5	-2	0
	61	62	10	0	0	6	-2	0
	62	0	10	0	0	-2	5	0
	62	2	10	0	0	-2	6	0
	62	4	10	0	0	-3	6	0
	62	6	10	0	0	-1	5	0
	62	8	10	0	0	0	5	0
	62	10	10	0	0	-1	6	2
	62	12	10	0	0	1	5	2
	62	14	10	0	0	0	4	0
	62	16	10	0	0	-1	4	0
	62	18	10	0	0	0	3	0
	62	20	10	0	0	3	4	3
	62	22	10	0	0	2	4	0
	62	24	10	0	0	1	4	0
	62	26	10	0	0	1	3	0
	62	28	10	0	0	2	3	0
	62	30	10	0	0	1	2	0
	62	32	10	0	0	0	2	0
	62	34	10	0	0	0	1	0
	62	36	10	0	0	-1	1	0
	62	38	10	0	0	-1	2	0
	62	40	10	0	0	-4	4	0
	62	42	10	0	0	-3	3	0
	62	44	10	0	0	-3	4	0
	62	46	10	0	0	-5	5	0
	62	48	10	0	0	-5	6	2
	62	50	10	0	0	-4	5	0
	62	52	10	0	0	-2	3	0
	62	54	10	0	0	-1	3	0
	62	56	10	0	0	-2	4	0
	62	58	10	0	0	-3	5	0
	62	60	10	0	0	-4	7	3
	62	62	10	0	0	-4	6	0
	63	0	10	0	0	-4	1	0
	63	2	10	0	0	-4	2	0
	63	4	10	0	0	-5	2	0
	63	6	10	0	0	-6	2	0
	63	8	10	0	0	-5	4	0
	63	10	10	0	0	-6	3	0
	63	12	10	0	0	-7	3	3
	63	14	10	0	0	-6	4	0
	63	16	10	0	0	-6	5	2
	63	18	10	0	0	-5	3	0
	63	20	10	0	0	-4	3	0
	63	22	10	0	0	-3	2	0
	63	24	10	0	0	-3	1	0
	63	26	10	0	0	-2	1	4
	63	28	10	0	0	-2	2	0
	63	30	10	0	0	-3	0	0
	63	32	10	0	0	-2	-1	0
	63	34	10	0	0	-2	0	0
	63	36	10	0	0	0	0	0
	63	38	10	0	0	-1	0	0
	63	40	10	0	0	-1	-1	0
	63	42	10	0	0	-2	-2	0
	63	44	10	0	0	-3	-1	0
	63	46	10	0	0	-3	-2	0
	63	48	10	0	0	-4	-2	0
	63	50	10	0	0	-4	-1	0
	63	52	10	0	0	-5	-1	2
	63	54	10	0	0	-5	1	0
	63	56	10	0	0	-5	0	0
	63	58	10	0	0	-4	0	0
	63	62	10	0	0	-6	1	2
	64	0	10	0	0	2	-4	0
	64	2	10	0	0	1	-4	0
	64	4	10	0	0	2	-5	0
	64	6	10	0	0	0	-4	0
	64	8	10	0	0	3	-6	0
	64	10	10	0	0	-1	-3	0
	64	12	10	0	0	-1	-4	0
	64	14	10	0	0	4	-6	0
	64	16	10	0	0	4	-7	3
	64	18	10	0	0	2	-6	0
	64	20	10	0	0	1	-5	0
	64	22	10	0	0	1	-6	2
	64	24	10	0	0	0	-5	0
	64	26	10	0	0	-1	-5	2
	64	28	10	0	0	-2	-4	0
	64	30	10	0	0	-2	-3	0
	64	32	10	0	0	-3	-3	0
	64	34	10	0	0	-4	-3	3
	64	36	10	0	0	0	-1	0
	64	38	10	0	0	0	-2	0
	64	40	10	0	0	-1	-2	0
	64	42	10	0	0	0	-3	0
	64	44	10	0	0	1	-1	0
	64	46	10	0	0	3	-4	0
	64	48	10	0	0	4	-4	0
	64	50	10	0	0	5	-5	0
	64	52	10	0	0	2	-3	0
	64	54	10	0	0	1	-2	0
	64	56	10	0	0	1	-3	0
	64	58	10	0	0	3	-5	0
	64	60	10	0	0	5	-6	2
	64	62	10	0	0	4	-5	0
# SKIROC CHANNEL | LAYER SENSOR_IX SENSOR_IV IX IV TYPE
	65	0	11	0	0	5	-3	0
	65	2	11	0	0	4	-2	4
	65	4	11	0	0	4	-3	0
	65	6	11	0	0	6	-4	0
	65	8	11	0	0	3	-3	0
	65	10	11	0	0	6	-5	2
	65	12	11	0	0	5	-4	0
	65	14	11	0	0	2	-2	0
	65	16	11	0	0	3	-2	0
	65	18	11	0	0	2	-1	0
	65	20	11	0	0	3	-1	0
	65	22	11	0	0	2	0	0
	65	24	11	0	0	1	0	0
	65	26	11	0	0	1	1	0
	65	28	11	0	0	2	1	0
	65	30	11	0	0	2	2	0
	65	32	11	0	0	3	2	0
	65	34	11	0	0	3	1	0
	65	36	11	0	0	4	1	0
	65	38	11	0	0	4	0	0
	65	40	11	0	0	3	0	0
	65	42	11	0	0	4	-1	0
	65	44	11	0	0	3	3	0
	65	46	11	0	0	7	-4	3
	65	48	11	0	0	4	2	0
	65	50	11	0	0	5	1	2
	65	52	11	0	0	5	0	0
	65	54	11	0	0	5	-1	0
	65	56	11	0	0	6	-1	2
	65	58	11	0	0	6	-3	0
	65	60	11	0	0	5	-2	0
	65	62	11	0	0	6	-2	0
	66	0	11	0	0	-2	5	0
	66	2	11	0	0	-2	6	0
	66	4	11	0	0	-3	6	0
	66	6	11	0	0	-1	5	0
	66	8	11	0	0	0	5	0
	66	10	11	0	0	-1	6	2
	66	12	11	0	0	1	5	2
	66	14	11	0	0	0	4	0
	66	16	11	0	0	-1	4	0
	66	18	11	0	0	0	3	0
	66	20	11	0	0	3	4	3
	66	22	11	0	0	2	4	0
	66	24	11	0	0	1	4	0
	66	26	11	0	0	1	3	0
	66	28	11	0	0	2	3	0
	66	30	11	0	0	1	2	0
	66	32	11	0	0	0	2	0
	66	34	11	0	0	0	1	0
	66	36	11	0	0	-1	1	0
	66	38	11	0	0	-1	2	0
	66	40	11	0	0	-4	4	0
	66	42	11	0	0	-3	3	0
	66	44	11	0	0	-3	4	0
	66	46	11	0	0	-5	5	0
	66	48	11	0	0	-5	6	2
	66	50	11	0	0	-4	5	0
	66	52	11	0	0	-2	3	0
	66	54	11	0	0	-1	3	0
	66	56	11	0	0	-2	4	0
	66	58	11	0	0	-3	5	0
	66	60	11	0	0	-4	7	3
	66	62	11	0	0	-4	6	0
	67	0	11	0	0	-4	1	0
	67	2	11	0	0	-4	2	0
	67	4	11	0	0	-5	2	0
	67	6	11	0	0	-6	2	0
	67	8	11	0	0	-5	4	0
	67	10	11	0	0	-6	3	0
	67	12	11	0	0	-7	3	3
	67	14	11	0	0	-6	4	0
	67	16	11	0	0	-6	5	2
	67	18	11	0	0	-5	3	0
	67	20	11	0	0	-4	3	0
	67	22	11	0	0	-3	2	0
	67	24	11	0	0	-3	1	0
	67	26	11	0	0	-2	1	4
	67	28	11	0	0	-2	2	0
	67	30	11	0	0	-3	0	0
	67	32	11	0	0	-2	-1	0
	67	34	11	0	0	-2	0	0
	67	36	11	0	0	0	0	0
	67	38	11	0	0	-1	0	0
	67	40	11	0	0	-1	-1	0
	67	42	11	0	0	-2	-2	0
	67	44	11	0	0	-3	-1	0
	67	46	11	0	0	-3	-2	0
	67	48	11	0	0	-4	-2	0
	67	50	11	0	0	-4	-1	0
	67	52	11	0	0	-5	-1	2
	67	54	11	0	0	-5	1	0
	67	56	11	0	0	-5	0	0
	67	58	11	0	0	-4	0	0
	67	62	11	0	0	-6	1	2
	68	0	11	0	0	2	-4	0
	68	2	11	0	0	1	-4	0
	68	4	11	0	0	2	-5	0
	68	6	11	0	0	0	-4	0
	68	8	11	0	0	3	-6	0
	68	10	11	0	0	-1	-3	0
	68	12	11	0	0	-1	-4	0
	68	14	11	0	0	4	-6	0
	68	16	11	0	0	4	-7	3
	68	18	11	0	0	2	-6	0
	68	20	11	0	0	1	-5	0
	68	22	11	0	0	1	-6	2
	68	24	11	0	0	0	-5	0
	68	26	11	0	0	-1	-5	2
	68	28	11	0	0	-2	-4	0
	68	30	11	0	0	-2	-3	0
	68	32	11	0	0	-3	-3	0
	68	34	11	0	0	-4	-3	3
	68	36	11	0	0	0	-1	0
	68	38	11	0	0	0	-2	0
	68	40	11	0	0	-1	-2	0
	68	42	11	0	0	0	-3	0
	68	44	11	0	0	1	-1	0
	68	46	11	0	0	3	-4	0
	68	48	11	0	0	4	-4	0
	68	50	11	0	0	5	-5	0
	68	52	11	0	0	2	-3	0
	68	54	11	0	0	1	-2	0
	68	56	11	0	0	1	-3	0
	68	58	11	0	0	3	-5	0
	68	60	11	0	0	5	-6	2
	68	62	11	0	0	4	-5	0
# SKIROC CHANNEL | LAYER SENSOR_IX SENSOR_IV IX IV TYPE
	69	0	11	0	0	5	-3	0
	69	2	11	0	0	4	-2	4
	69	4	11	0	0	4	-3	0
	69	6	11	0	0	6	-4	0
	69	8	11	0	0	3	-3	0
	69	10	11	0	0	6	-5	2
	69	12	11	0	0	5	-4	0
	69	14	11	0	0	2	-2	0
	69	16	11	0	0	3	-2	0
	69	18	11	0	0	2	-1	0
	69	20	11	0	0	3	-1	0
	69	22	11	0	0	2	0	0
	69	24	11	0	0	1	0	0
	69	26	11	0	0	1	1	0
	69	28	11	0	0	2	1	0
	69	30	11	0	0	2	2	0
	69	32	11	0	0	3	2	0
	69	34	11	0	0	3	1	0
	69	36	11	0	0	4	1	0
	69	38	11	0	0	4	0	0
	69	40	11	0	0	3	0	0
	69	42	11	0	0	4	-1	0
	69	44	11	0	0	3	3	0
	69	46	11	0	0	7	-4	3
	69	48	11	0	0	4	2	0
	69	50	11	0	0	5	1	2
	69	52	11	0	0	5	0	0
	69	54	11	0	0	5	-1	0
	69	56	11	0	0	6	-1	2
	69	58	11	0	0	6	-3	0
	69	60	11	0	0	5	-2	0
	69	62	11	0	0	6	-2	0
	70	0	11	0	0	-2	5	0
	70	2	11	0	0	-2	6	0
	70	4	11	0	0	-3	6	0
	70	6	11	0	0	-1	5	0
	70	8	11	0	0	0	5	0
	70	10	11	0	0	-1	6	2
	70	12	11	0	0	1	5	2
	70	14	11	0	0	0	4	0
	70	16	11	0	0	-1	4	0
	70	18	11	0	0	0	3	0
	70	20	11	0	0	3	4	3
	70	22	11	0	0	2	4	0
	70	24	11	0	0	1	4	0
	70	26	11	0	0	1	3	0
	70	28	11	0	0	2	3	0
	70	30	11	0	0	1	2	0
	70	32	11	0	0	0	2	0
	70	34	11	0	0	0	1	0
	70	36	11	0	0	-1	1	0
	70	38	11	0	0	-1	2	0
	70	40	11	0	0	-4	4	0
	70	42	11	0	0	-3	3	0
	70	44	11	0	0	-3	4	0
	70	46	11	0	0	-5	5	0
	70	48	11	0	0	-5	6	2
	70	50	11	0	0	-4	5	0
	70	52	11	0	0	-2	3	0
	70	54	11	0	0	-1	3	0
	70	56	11	0	0	-2	4	0
	70	58	11	0	0	-3	5	0
	70	60	11	0	0	-4	7	3
	70	62	11	0	0	-4	6	0
	71	0	11	0	0	-4	1	0
	71	2	11	0	0	-4	2	0
	71	4	11	0	0	-5	2	0
	71	6	11	0	0	-6	2	0
	71	8	11	0	0	-5	4	0
	71	10	11	0	0	-6	3	0
	71	12	11	0	0	-7	3	3
	71	14	11	0	0	-6	4	0
	71	16	11	0	0	-6	5	2
	71	18	11	0	0	-5	3	0
	71	20	11	0	0	-4	3	0
	71	22	11	0	0	-3	2	0
	71	24	11	0	0	-3	1	0
	71	26	11	0	0	-2	1	4
	71	28	11	0	0	-2	2	0
	71	30	11	0	0	-3	0	0
	71	32	11	0	0	-2	-1	0
	71	34	11	0	0	-2	0	0
	71	36	11	0	0	0	0	0
	71	38	11	0	0	-1	0	0
	71	40	11	0	0	-1	-1	0
	71	42	11	0	0	-2	-2	0
	71	44	11	0	0	-3	-1	0
	71	46	11	0	0	-3	-2	0
	71	48	11	0	0	-4	-2	0
	71	50	11	0	0	-4	-1	0
	71	52	11	0	0	-5	-1	2
	71	54	11	0	0	-5	1	0
	71	56	11	0	0	-5	0	0
	71	58	11	0	0	-4	0	0
	71	62	11	0	0	-6	1	2
	72	0	11	0	0	2	-4	0
	72	2	11	0	0	1	-4	0
	72	4	11	0	0	2	-5	0
	72	6	11	0	0	0	-4	0
	72	8	11	0	0	3	-6	0
	72	10	11	0	0	-1	-3	0
	72	12	11	0	0	-1	-4	0
	72	14	11	0	0	4	-6	0
	72	16	11	0	0	4	-7	3
	72	18	11	0	0	2	-6	0
	72	20	11	0	0	1	-5	0
	72	22	11	0	0	1	-6	2
	72	24	11	0	0	0	-5	0
	72	26	11	0	0	-1	-5	2
	72	28	11	0	0	-2	-4	0
	72	30	11	0	0	-2	-3	0
	72	32	11	0	0	-3	-3	0
	72	34	11	0	0	-4	-3	3
	72	36	11	0	0	0	-1	0
	72	38	11	0	0	0	-2	0
	72	40	11	0	0	-1	-2	0
	72	42	11	0	0	0	-3	0
	72	44	11	0	0	1	-1	0
	72	46	11	0	0	3	-4	0
	72	48	11	0	0	4	-4	0
	72	50	11	0	0	5	-5	0
	72	52	11	0	0	2	-3	0
	72	54	11	0	0	1	-2	0
	72	56	11	0	0	1	-3	0
	72	58	11	0	0	3	-5	0
	72	60	11	0	0	5	-6	2
	72	62	11	0	0	4	-5	0
# SKIROC CHANNEL | LAYER SENSOR_IX SENSOR_IV IX IV TYPE
	77	0	11	0	0	5	-3	0
	77	2	11	0	0	4	-2	4
	77	4	11	0	0	4	-3	0
	77	6	11	0	0	6	-4	0
	77	8	11	0	0	3	-3	0
	77	10	11	0	0	6	-5	2
	77	12	11	0	0	5	-4	0
	77	14	11	0	0	2	-2	0
	77	16	11	0	0	3	-2	0
	77	18	11	0	0	2	-1	0
	77	20	11	0	0	3	-1	0
	77	22	11	0	0	2	0	0
	77	24	11	0	0	1	0	0
	77	26	11	0	0	1	1	0
	77	28	11	0	0	2	1	0
	77	30	11	0	0	2	2	0
	77	32	11	0	0	3	2	0
	77	34	11	0	0	3	1	0
	77	36	11	0	0	4	1	0
	77	38	11	0	0	4	0	0
	77	40	11	0	0	3	0	0
	77	42	11	0	0	4	-1	0
	77	44	11	0	0	3	3	0
	77	46	11	0	0	7	-4	3
	77	48	11	0	0	4	2	0
	77	50	11	0	0	5	1	2
	77	52	11	0	0	5	0	0
	77	54	11	0	0	5	-1	0
	77	56	11	0	0	6	-1	2
	77	58	11	0	0	6	-3	0
	77	60	11	0	0	5	-2	0
	77	62	11	0	0	6	-2	0
	78	0	11	0	0	-2	5	0
	78	2	11	0	0	-2	6	0
	78	4	11	0	0	-3	6	0
	78	6	11	0	0	-1	5	0
	78	8	11	0	0	0	5	0
	78	10	11	0	0	-1	6	2
	78	12	11	0	0	1	5	2
	78	14	11	0	0	0	4	0
	78	16	11	0	0	-1	4	0
	78	18	11	0	0	0	3	0
	78	20	11	0	0	3	4	3
	78	22	11	0	0	2	4	0
	78	24	11	0	0	1	4	0
	78	26	11	0	0	1	3	0
	78	28	11	0	0	2	3	0
	78	30	11	0	0	1	2	0
	78	32	11	0	0	0	2	0
	78	34	11	0	0	0	1	0
	78	36	11	0	0	-1	1	0
	78	38	11	0	0	-1	2	0
	78	40	11	0	0	-4	4	0
	78	42	11	0	0	-3	3	0
	78	44	11	0	0	-3	4	0
	78	46	11	0	0	-5	5	0
	78	48	11	0	0	-5	6	2
	78	50	11	0	0	-4	5	0
	78	52	11	0	0	-2	3	0
	78	54	11	0	0	-1	3	0
	78	56	11	0	0	-2	4	0
	78	58	11	0	0	-3	5	0
	78	60	11	0	0	-4	7	3
	78	62	11	0	0	-4	6	0
	79	0	11	0	0	-4	1	0
	79	2	11	0	0	-4	2	0
	79	4	11	0	0	-5	2	0
	79	6	11	0	0	-6	2	0
	79	8	11	0	0	-5	4	0
	79	10	11	0	0	-6	3	0
	79	12	11	0	0	-7	3	3
	79	14	11	0	0	-6	4	0
	79	16	11	0	0	-6	5	2
	79	18	11	0	0	-5	3	0
	79	20	11	0	0	-4	3	0
	79	22	11	0	0	-3	2	0
	79	24	11	0	0	-3	1	0
	79	26	11	0	0	-2	1	4
	79	28	11	0	0	-2	2	0
	79	30	11	0	0	-3	0	0
	79	32	11	0	0	-2	-1	0
	79	34	11	0	0	-2	0	0
	79	36	11	0	0	0	0	0
	79	38	11	0	0	-1	0	0
	79	40	11	0	0	-1	-1	0
	79	42	11	0	0	-2	-2	0
	79	44	11	0	0	-3	-1	0
	79	46	11	0	0	-3	-2	0
	79	48	11	0	0	-4	-2	0
	79	50	11	0	0	-4	-1	0
	79	52	11	0	0	-5	-1	2
	79	54	11	0	0	-5	1	0
	79	56	11	0	0	-5	0	0
	79	58	11	0	0	-4	0	0
	79	62	11	0	0	-6	1	2
	80	0	11	0	0	2	-4	0
	80	2	11	0	0	1	-4	0
	80	4	11	0	0	2	-5	0
	80	6	11	0	0	0	-4	0
	80	8	11	0	0	3	-6	0
	80	10	11	0	0	-1	-3	0
	80	12	11	0	0	-1	-4	0
	80	14	11	0	0	4	-6	0
	80	16	11	0	0	4	-7	3
	80	18	11	0	0	2	-6	0
	80	20	11	0	0	1	-5	0
	80	22	11	0	0	1	-6	2
	80	24	11	0	0	0	-5	0
	80	26	11	0	0	-1	-5	2
	80	28	11	0	0	-2	-4	0
	80	30	11	0	0	-2	-3	0
	80	32	11	0	0	-3	-3	0
	80	34	11	0	0	-4	-3	3
	80	36	11	0	0	0	-1	0
	80	38	11	0	0	0	-2	0
	80	40	11	0	0	-1	-2	0
	80	42	11	0	0	0	-3	0
	80	44	11	0	0	1	-1	0
	80	46	11	0	0	3	-4	0
	80	48	11	0	0	4	-4	0
	80	50	11	0	0	5	-5	0
	80	52	11	0	0	2	-3	0
	80	54	11	0	0	1	-2	0
	80	56	11	0	0	1	-3	0
	80	58	11	0	0	3	-5	0
	80	60	11	0	0	5	-6	2
	80	62	11	0	0	4	-5	0
# SKIROC CHANNEL | LAYER SENSOR_IX SENSOR_IV IX IV TYPE
	81	0	11	0	0	5	-3	0
	81	2	11	0	0	4	-2	4
	81	4	11	0	0	4	-3	0
	81	6	11	0	0	6	-4	0
	81	8	11	0	0	3	-3	0
	81	10	11	0	0	6	-5	2
	81	12	11	0	0	5	-4	0
	81	14	11	0	0	2	-2	0
	81	16	11	0	0	3	-2	0
	81	18	11	0	0	2	-1	0
	81	20	11	0	0	3	-1	0
	81	22	11	0	0	2	0	0
	81	24	11	0	0	1	0	0
	81	26	11	0	0	1	1	0
	81	28	11	0	0	2	1	0
	81	30	11	0	0	2	2	0
	81	32	11	0	0	3	2	0
	81	34	11	0	0	3	1	0
	81	36	11	0	0	4	1	0
	81	38	11	0	0	4	0	0
	81	40	11	0	0	3	0	0
	81	42	11	0	0	4	-1	0
	81	44	11	0	0	3	3	0
	81	46	11	0	0	7	-4	3
	81	48	11	0	0	4	2	0
	81	50	11	0	0	5	1	2
	81	52	11	0	0	5	0	0
	81	54	11	0	0	5	-1	0
	81	56	11	0	0	6	-1	2
	81	58	11	0	0	6	-3	0
	81	60	11	0	0	5	-2	0
	81	62	11	0	0	6	-2	0
	82	0	11	0	0	-2	5	0
	82	2	11	0	0	-2	6	0
	82	4	11	0	0	-3	6	0
	82	6	11	0	0	-1	5	0
	82	8	11	0	0	0	5	0
	82	10	11	0	0	-1	6	2
	82	12	11	0	0	1	5	2
	82	14	11	0	0	0	4	0
	82	16	11	0	0	-1	4	0
	82	18	11	0	0	0	3	0
	82	20	11	0	0	3	4	3
	82	22	11	0	0	2	4	0
	82	24	11	0	0	1	4	0
	82	26	11	0	0	1	3	0
	82	28	11	0	0	2	3	0
	82	30	11	0	0	1	2	0
	82	32	11	0	0	0	2	0
	82	34	11	0	0	0	1	0
	82	36	11	0	0	-1	1	0
	82	38	11	0	0	-1	2	0
	82	40	11	0	0	-4	4	0
	82	42	11	0	0	-3	3	0
	82	44	11	0	0	-3	4	0
	82	46	11	0	0	-5	5	0
	82	48	11	0	0	-5	6	2
	82	50	11	0	0	-4	5	0
	82	52	11	0	0	-2	3	0
	82	54	11	0	0	-1	3	0
	82	56	11	0	0	-2	4	0
	82	58	11	0	0	-3	5	0
	82	60	11	0	0	-4	7	3
	82	62	11	0	0	-4	6	0
	83	0	11	0	0	-4	1	0
	83	2	11	0	0	-4	2	0
	83	4	11	0	0	-5	2	0
	83	6	11	0	0	-6	2	0
	83	8	11	0	0	-5	4	0
	83	10	11	0	0	-6	3	0
	83	12	11	0	0	-7	3	3
	83	14	11	0	0	-6	4	0
	83	16	11	0	0	-6	5	2
	83	18	11	0	0	-5	3	0
	83	20	11	0	0	-4	3	0
	83	22	11	0	0	-3	2	0
	83	24	11	0	0	-3	1	0
	83	26	11	0	0	-2	1	4
	83	28	11	0	0	-2	2	0
	83	30	11	0	0	-3	0	0
	83	32	11	0	0	-2	-1	0
	83	34	11	0	0	-2	0	0
	83	36	11	0	0	0	0	0
	83	38	11	0	0	-1	0	0
	83	40	11	0	0	-1	-1	0
	83	42	11	0	0	-2	-2	0
	83	44	11	0	0	-3	-1	0
	83	46	11	0	0	-3	-2	0
	83	48	11	0	0	-4	-2	0
	83	50	11	0	0	-4	-1	0
	83	52	11	0	0	-5	-1	2
	83	54	11	0	0	-5	1	0
	83	56	11	0	0	-5	0	0
	83	58	11	0	0	-4	0	0
	83	62	11	0	0	-6	1	2
	84	0	11	0	0	2	-4	0
	84	2	11	0	0	1	-4	0
	84	4	11	0	0	2	-5	0
	84	6	11	0	0	0	-4	0
	84	8	11	0	0	3	-6	0
	84	10	11	0	0	-1	-3	0
	84	12	11	0	0	-1	-4	0
	84	14	11	0	0	4	-6	0
	84	16	11	0	0	4	-7	3
	84	18	11	0	0	2	-6	0
	84	20	11	0	0	1	-5	0
	84	22	11	0	0	1	-6	2
	84	24	11	0	0	0	-5	0
	84	26	11	0	0	-1	-5	2
	84	28	11	0	0	-2	-4	0
	84	30	11	0	0	-2	-3	0
	84	32	11	0	0	-3	-3	0
	84	34	11	0	0	-4	-3	3
	84	36	11	0	0	0	-1	0
	84	38	11	0	0	0	-2	0
	84	40	11	0	0	-1	-2	0
	84	42	11	0	0	0	-3	0
	84	44	11	0	0	1	-1	0
	84	46	11	0	0	3	-4	0
	84	48	11	0	0	4	-4	0
	84	50	11	0	0	5	-5	0
	84	52	11	0	0	2	-3	0
	84	54	11	0	0	1	-2	0
	84	56	11	0	0	1	-3	0
	84	58	11	0	0	3	-5	0
	84	60	11	0	0	5	-6	2
	84	62	11	0	0	4	-5	0
# SKIROC CHANNEL | LAYER SENSOR_IX SENSOR_IV IX IV TYPE
	85	0	11	0	0	5	-3	0
	85	2	11	0	0	4	-2	4
	85	4	11	0	0	4	-3	0
	85	6	11	0	0	6	-4	0
	85	8	11	0	0	3	-3	0
	85	10	11	0	0	6	-5	2
	85	12	11	0	0	5	-4	0
	85	14	11	0	0	2	-2	0
	85	16	11	0	0	3	-2	0
	85	18	11	0	0	2	-1	0
	85	20	11	0	0	3	-1	0
	85	22	11	0	0	2	0	0
	85	24	11	0	0	1	0	0
	85	26	11	0	0	1	1	0
	85	28	11	0	0	2	1	0
	85	30	11	0	0	2	2	0
	85	32	11	0	0	3	2	0
	85	34	11	0	0	3	1	0
	85	36	11	0	0	4	1	0
	85	38	11	0	0	4	0	0
	85	40	11	0	0	3	0	0
	85	42	11	0	0	4	-1	0
	85	44	11	0	0	3	3	0
	85	46	11	0	0	7	-4	3
	85	48	11	0	0	4	2	0
	85	50	11	0	0	5	1	2
	85	52	11	0	0	5	0	0
	85	54	11	0	0	5	-1	0
	85	56	11	0	0	6	-1	2
	85	58	11	0	0	6	-3	0
	85	60	11	0	0	5	-2	0
	85	62	11	0	0	6	-2	0
	86	0	11	0	0	-2	5	0
	86	2	11	0	0	-2	6	0
	86	4	11	0	0	-3	6	0
	86	6	11	0	0	-1	5	0
	86	8	11	0	0	0	5	0
	86	10	11	0	0	-1	6	2
	86	12	11	0	0	1	5	2
	86	14	11	0	0	0	4	0
	86	16	11	0	0	-1	4	0
	86	18	11	0	0	0	3	0
	86	20	11	0	0	3	4	3
	86	22	11	0	0	2	4	0
	86	24	11	0	0	1	4	0
	86	26	11	0	0	1	3	0
	86	28	11	0	0	2	3	0
	86	30	11	0	0	1	2	0
	86	32	11	0	0	0	2	0
	86	34	11	0	0	0	1	0
	86	36	11	0	0	-1	1	0
	86	38	11	0	0	-1	2	0
	86	40	11	0	0	-4	4	0
	86	42	11	0	0	-3	3	0
	86	44	11	0	0	-3	4	0
	86	46	11	0	0	-5	5	0
	86	48	11	0	0	-5	6	2
	86	50	11	0	0	-4	5	0
	86	52	11	0	0	-2	3	0
	86	54	11	0	0	-1	3	0
	86	56	11	0	0	-2	4	0
	86	58	11	0	0	-3	5	0
	86	60	11	0	0	-4	7	3
	86	62	11	0	0	-4	6	0
	87	0	11	0	0	-4	1	0
	87	2	11	0	0	-4	2	0
	87	4	11	0	0	-5	2	0
	87	6	11	0	0	-6	2	0
	87	8	11	0	0	-5	4	0
	87	10	11	0	0	-6	3	0
	87	12	11	0	0	-7	3	3
	87	14	11	0	0	-6	4	0
	87	16	11	0	0	-6	5	2
	87	18	11	0	0	-5	3	0
	87	20	11	0	0	-4	3	0
	87	22	11	0	0	-3	2	0
	87	24	11	0	0	-3	1	0
	87	26	11	0	0	-2	1	4
	87	28	11	0	0	-2	2	0
	87	30	11	0	0	-3	0	0
	87	32	11	0	0	-2	-1	0
	87	34	11	0	0	-2	0	0
	87	36	11	0	0	0	0	0
	87	38	11	0	0	-1	0	0
	87	40	11	0	0	-1	-1	0
	87	42	11	0	0	-2	-2	0
	87	44	11	0	0	-3	-1	0
	87	46	11	0	0	-3	-2	0
	87	48	11	0	0	-4	-2	0
	87	50	11	0	0	-4	-1	0
	87	52	11	0	0	-5	-1	2
	87	54	11	0	0	-5	1	0
	87	56	11	0	0	-5	0	0
	87	58	11	0	0	-4	0	0
	87	62	11	0	0	-6	1	2
	88	0	11	0	0	2	-4	0
	88	2	11	0	0	1	-4	0
	88	4	11	0	0	2	-5	0
	88	6	11	0	0	0	-4	0
	88	8	11	0	0	3	-6	0
	88	10	11	0	0	-1	-3	0
	88	12	11	0	0	-1	-4	0
	88	14	11	0	0	4	-6	0
	88	16	11	0	0	4	-7	3
	88	18	11	0	0	2	-6	0
	88	20	11	0	0	1	-5	0
	88	22	11	0	0	1	-6	2
	88	24	11	0	0	0	-5	0
	88	26	11	0	0	-1	-5	2
	88	28	11	0	0	-2	-4	0
	88	30	11	0	0	-2	-3	0
	88	32	11	0	0	-3	-3	0
	88	34	11	0	0	-4	-3	3
	88	36	11	0	0	0	-1	0
	88	38	11	0	0	0	-2	0
	88	40	11	0	0	-1	-2	0
	88	42	11	0	0	0	-3	0
	88	44	11	0	0	1	-1	0
	88	46	11	0	0	3	-4	0
	88	48	11	0	0	4	-4	0
	88	50	11	0	0	5	-5	0
	88	52	11	0	0	2	-3	0
	88	54	11	0	0	1	-2	0
	88	56	11	0	0	1	-3	0
	88	58	11	0	0	3	-5	0
	88	60	11	0	0	5	-6	2
	88	62	11	0	0	4	-5	0
# SKIROC CHANNEL | LAYER SENSOR_IX SENSOR_IV IX IV TYPE
	89	0	11	0	0	5	-3	0
	89	2	11	0	0	4	-2	4
	89	4	11	0	0	4	-3	0
	89	6	11	0	0	6	-4	0
	89	8	11	0	0	3	-3	0
	89	10	11	0	0	6	-5	2
	89	12	11	0	0	5	-4	0
	89	14	11	0	0	2	-2	0
	89	16	11	0	0	3	-2	0
	89	18	11	0	0	2	-1	0
	89	20	11	0	0	3	-1	0
	89	22	11	0	0	2	0	0
	89	24	11	0	0	1	0	0
	89	26	11	0	0	1	1	0
	89	28	11	0	0	2	1	0
	89	30	11	0	0	2	2	0
	89	32	11	0	0	3	2	0
	89	34	11	0	0	3	1	0
	89	36	11	0	0	4	1	0
	89	38	11	0	0	4	0	0
	89	40	11	0	0	3	0	0
	89	42	11	0	0	4	-1	0
	89	44	11	0	0	3	3	0
	89	46	11	0	0	7	-4	3
	89	48	11	0	0	4	2	0
	89	50	11	0	0	5	1	2
	89	52	11	0	0	5	0	0
	89	54	11	0	0	5	-1	0
	89	56	11	0	0	6	-1	2
	89	58	11	0	0	6	-3	0
	89	60	11	0	0	5	-2	0
	89	62	11	0	0	6	-2	0
	90	0	11	0	0	-2	5	0
	90	2	11	0	0	-2	6	0
	90	4	11	0	0	-3	6	0
	90	6	11	0	0	-1	5	0
	90	8	11	0	0	0	5	0
	90	10	11	0	0	-1	6	2
	90	12	11	0	0	1	5	2
	90	14	11	0	0	0	4	0
	90	16	11	0	0	-1	4	0
	90	18	11	0	0	0	3	0
	90	20	11	0	0	3	4	3
	90	22	11	0	0	2	4	0
	90	24	11	0	0	1	4	0
	90	26	11	0	0	1	3	0
	90	28	11	0	0	2	3	0
	90	30	11	0	0	1	2	0
	90	32	11	0	0	0	2	0
	90	34	11	0	0	0	1	0
	90	36	11	0	0	-1	1	0
	90	38	11	0	0	-1	2	0
	90	40	11	0	0	-4	4	0
	90	42	11	0	0	-3	3	0
	90	44	11	0	0	-3	4	0
	90	46	11	0	0	-5	5	0
	90	48	11	0	0	-5	6	2
	90	50	11	0	0	-4	5	0
	90	52	11	0	0	-2	3	0
	90	54	11	0	0	-1	3	0
	90	56	11	0	0	-2	4	0
	90	58	11	0	0	-3	5	0
	90	60	11	0	0	-4	7	3
	90	62	11	0	0	-4	6	0
	91	0	11	0	0	-4	1	0
	91	2	11	0	0	-4	2	0
	91	4	11	0	0	-5	2	0
	91	6	11	0	0	-6	2	0
	91	8	11	0	0	-5	4	0
	91	10	11	0	0	-6	3	0
	91	12	11	0	0	-7	3	3
	91	14	11	0	0	-6	4	0
	91	16	11	0	0	-6	5	2
	91	18	11	0	0	-5	3	0
	91	20	11	0	0	-4	3	0
	91	22	11	0	0	-3	2	0
	91	24	11	0	0	-3	1	0
	91	26	11	0	0	-2	1	4
	91	28	11	0	0	-2	2	0
	91	30	11	0	0	-3	0	0
	91	32	11	0	0	-2	-1	0
	91	34	11	0	0	-2	0	0
	91	36	11	0	0	0	0	0
	91	38	11	0	0	-1	0	0
	91	40	11	0	0	-1	-1	0
	91	42	11	0	0	-2	-2	0
	91	44	11	0	0	-3	-1	0
	91	46	11	0	0	-3	-2	0
	91	48	11	0	0	-4	-2	0
	91	50	11	0	0	-4	-1	0
	91	52	11	0	0	-5	-1	2
	91	54	11	0	0	-5	1	0
	91	56	11	0	0	-5	0	0
	91	58	11	0	0	-4	0	0
	91	62	11	0	0	-6	1	2
	92	0	11	0	0	2	-4	0
	92	2	11	0	0	1	-4	0
	92	4	11	0	0	2	-5	0
	92	6	11	0	0	0	-4	0
	92	8	11	0	0	3	-6	0
	92	10	11	0	0	-1	-3	0
	92	12	11	0	0	-1	-4	0
	92	14	11	0	0	4	-6	0
	92	16	11	0	0	4	-7	3
	92	18	11	0	0	2	-6	0
	92	20	11	0	0	1	-5	0
	92	22	11	0	0	1	-6	2
	92	24	11	0	0	0	-5	0
	92	26	11	0	0	-1	-5	2
	92	28	11	0	0	-2	-4	0
	92	30	11	0	0	-2	-3	0
	92	32	11	0	0	-3	-3	0
	92	34	11	0	0	-4	-3	3
	92	36	11	0	0	0	-1	0
	92	38	11	0	0	0	-2	0
	92	40	11	0	0	-1	-2	0
	92	42	11	0	0	0	-3	0
	92	44	11	0	0	1	-1	0
	92	46	11	0	0	3	-4	0
	92	48	11	0	0	4	-4	0
	92	50	11	0	0	5	-5	0
	92	52	11	0	0	2	-3	0
	92	54	11	0	0	1	-2	0
	92	56	11	0	0	1	-3	0
	92	58	11	0	0	3	-5	0
	92	60	11	0	0	5	-6	2
	92	62	11	0	0	4	-5	0
# SKIROC CHANNEL | LAYER SENSOR_IX SENSOR_IV IX IV TYPE
	93	0	11	0	0	5	-3	0
	93	2	11	0	0	4	-2	4
	93	4	11	0	0	4	-3	0
	93	6	11	0	0	6	-4	0
	93	8	11	0	0	3	-3	0
	93	10	11	0	0	6	-5	2
	93	12	11	0	0	5	-4	0
	93	14	11	0	0	2	-2	0
	93	16	11	0	0	3	-2	0
	93	18	11	0	0	2	-1	0
	93	20	11	0	0	3	-1	0
	93	22	11	0	0	2	0	0
	93	24	11	0	0	1	0	0
	93	26	11	0	0	1	1	0
	93	28	11	0	0	2	1	0
	93	30	11	0	0	2	2	0
	93	32	11	0	0	3	2	0
	93	34	11	0	0	3	1	0
	93	36	11	0	0	4	1	0
	93	38	11	0	0	4	0	0
	93	40	11	0	0	3	0	0
	93	42	11	0	0	4	-1	0
	93	44	11	0	0	3	3	0
	93	46	11	0	0	7	-4	3
	93	48	11	0	0	4	2	0
	93	50	11	0	0	5	1	2
	93	52	11	0	0	5	0	0
	93	54	11	0	0	5	-1	0
	93	56	11	0	0	6	-1	2
	93	58	11	0	0	6	-3	0
	93	60	11	0	0	5	-2	0
	93	62	11	0	0	6	-2	0
	94	0	11	0	0	-2	5	0
	94	2	11	0	0	-2	6	0
	94	4	11	0	0	-3	6	0
	94	6	11	0	0	-1	5	0
	94	8	11	0	0	0	5	0
	94	10	11	0	0	-1	6	2
	94	12	11	0	0	1	5	2
	94	14	11	0	0	0	4	0
	94	16	11	0	0	-1	4	0
	94	18	11	0	0	0	3	0
	94	20	11	0	0	3	4	3
	94	22	11	0	0	2	4	0
	94	24	11	0	0	1	4	0
	94	26	11	0	0	1	3	0
	94	28	11	0	0	2	3	0
	94	30	11	0	0	1	2	0
	94	32	11	0	0	0	2	0
	94	34	11	0	0	0	1	0
	94	36	11	0	0	-1	1	0
	94	38	11	0	0	-1	2	0
	94	40	11	0	0	-4	4	0
	94	42	11	0	0	-3	3	0
	94	44	11	0	0	-3	4	0
	94	46	11	0	0	-5	5	0
	94	48	11	0	0	-5	6	2
	94	50	11	0	0	-4	5	0
	94	52	11	0	0	-2	3	0
	94	54	11	0	0	-1	3	0
	94	56	11	0	0	-2	4	0
	94	58	11	0	0	-3	5	0
	94	60	11	0	0	-4	7	3
	94	62	11	0	0	-4	6	0
	95	0	11	0	0	-4	1	0
	95	2	11	0	0	-4	2	0
	95	4	11	0	0	-5	2	0
	95	6	11	0	0	-6	2	0
	95	8	11	0	0	-5	4	0
	95	10	11	0	0	-6	3	0
	95	12	11	0	0	-7	3	3
	95	14	11	0	0	-6	4	0
	95	16	11	0	0	-6	5	2
	95	18	11	0	0	-5	3	0
	95	20	11	0	0	-4	3	0
	95	22	11	0	0	-3	2	0
	95	24	11	0	0	-3	1	0
	95	26	11	0	0	-2	1	4
	95	28	11	0	0	-2	2	0
	95	30	11	0	0	-3	0	0
	95	32	11	0	0	-2	-1	0
	95	34	11	0	0	-2	0	0
	95	36	11	0	0	0	0	0
	95	38	11	0	0	-1	0	0
	95	40	11	0	0	-1	-1	0
	95	42	11	0	0	-2	-2	0
	95	44	11	0	0	-3	-1	0
	95	46	11	0	0	-3	-2	0
	95	48	11	0	0	-4	-2	0
	95	50	11	0	0	-4	-1	0
	95	52	11	0	0	-5	-1	2
	95	54	11	0	0	-5	1	0
	95	56	11	0	0	-5	0	0
	95	58	11	0	0	-4	0	0
	95	62	11	0	0	-6	1	2
	96	0	11	0	0	2	-4	0
	96	2	11	0	0	1	-4	0
	96	4	11	0	0	2	-5	0
	96	6	11	0	0	0	-4	0
	96	8	11	0	0	3	-6	0
	96	10	11	0	0	-1	-3	0
	96	12	11	0	0	-1	-4	0
	96	14	11	0	0	4	-6	0
	96	16	11	0	0	4	-7	3
	96	18	11	0	0	2	-6	0
	96	20	11	0	0	1	-5	0
	96	22	11	0	0	1	-6	2
	96	24	11	0	0	0	-5	0
	96	26	11	0	0	-1	-5	2
	96	28	11	0	0	-2	-4	0
	96	30	11	0	0	-2	-3	0
	96	32	11	0	0	-3	-3	0
	96	34	11	0	0	-4	-3	3
	96	36	11	0	0	0	-1	0
	96	38	11	0	0	0	-2	0
	96	40	11	0	0	-1	-2	0
	96	42	11	0	0	0	-3	0
	96	44	11	0	0	1	-1	0
	96	46	11	0	0	3	-4	0
	96	48	11	0	0	4	-4	0
	96	50	11	0	0	5	-5	0
	96	52	11	0	0	2	-3	0
	96	54	11	0	0	1	-2	0
	96	56	11	0	0	1	-3	0
	96	58	11	0	0	3	-5	0
	96	60	11	0	0	5	-6	2
	96	62	11	0	0	4	-5	0
# SKIROC CHANNEL | LAYER SENSOR_IX SENSOR_IV IX IV TYPE
	97	0	11	0	0	5	-3	0
	97	2	11	0	0	4	-2	4
	97	4	11	0	0	4	-3	0
	97	6	11	0	0	6	-4	0
	97	8	11	0	0	3	-3	0
	97	10	11	0	0	6	-5	2
	97	12	11	0	0	5	-4	0
	97	14	11	0	0	2	-2	0
	97	16	11	0	0	3	-2	0
	97	18	11	0	0	2	-1	0
	97	20	11	0	0	3	-1	0
	97	22	11	0	0	2	0	0
	97	24	11	0	0	1	0	0
	97	26	11	0	0	1	1	0
	97	28	11	0	0	2	1	0
	97	30	11	0	0	2	2	0
	97	32	11	0	0	3	2	0
	97	34	11	0	0	3	1	0
	97	36	11	0	0	4	1	0
	97	38	11	0	0	4	0	0
	97	40	11	0	0	3	0	0
	97	42	11	0	0	4	-1	0
	97	44	11	0	0	3	3	0
	97	46	11	0	0	7	-4	3
	97	48	11	0	0	4	2	0
	97	50	11	0	0	5	1	2
	97	52	11	0	0	5	0	0
	97	54	11	0	0	5	-1	0
	97	56	11	0	0	6	-1	2
	97	58	11	0	0	6	-3	0
	97	60	11	0	0	5	-2	0
	97	62	11	0	0	6	-2	0
	98	0	11	0	0	-2	5	0
	98	2	11	0	0	-2	6	0
	98	4	11	0	0	-3	6	0
	98	6	11	0	0	-1	5	0
	98	8	11	0	0	0	5	0
	98	10	11	0	0	-1	6	2
	98	12	11	0	0	1	5	2
	98	14	11	0	0	0	4	0
	98	16	11	0	0	-1	4	0
	98	18	11	0	0	0	3	0
	98	20	11	0	0	3	4	3
	98	22	11	0	0	2	4	0
	98	24	11	0	0	1	4	0
	98	26	11	0	0	1	3	0
	98	28	11	0	0	2	3	0
	98	30	11	0	0	1	2	0
	98	32	11	0	0	0	2	0
	98	34	11	0	0	0	1	0
	98	36	11	0	0	-1	1	0
	98	38	11	0	0	-1	2	0
	98	40	11	0	0	-4	4	0
	98	42	11	0	0	-3	3	0
	98	44	11	0	0	-3	4	0
	98	46	11	0	0	-5	5	0
	98	48	11	0	0	-5	6	2
	98	50	11	0	0	-4	5	0
	98	52	11	0	0	-2	3	0
	98	54	11	0	0	-1	3	0
	98	56	11	0	0	-2	4	0
	98	58	11	0	0	-3	5	0
	98	60	11	0	0	-4	7	3
	98	62	11	0	0	-4	6	0
	99	0	11	0	0	-4	1	0
	99	2	11	0	0	-4	2	0
	99	4	11	0	0	-5	2	0
	99	6	11	0	0	-6	2	0
	99	8	11	0	0	-5	4	0
	99	10	11	0	0	-6	3	0
	99	12	11	0	0	-7	3	3
	99	14	11	0	0	-6	4	0
	99	16	11	0	0	-6	5	2
	99	18	11	0	0	-5	3	0
	99	20	11	0	0	-4	3	0
	99	22	11	0	0	-3	2	0
	99	24	11	0	0	-3	1	0
	99	26	11	0	0	-2	1	4
	99	28	11	0	0	-2	2	0
	99	30	11	0	0	-3	0	0
	99	32	11	0	0	-2	-1	0
	99	34	11	0	0	-2	0	0
	99	36	11	0	0	0	0	0
	99	38	11	0	0	-1	0	0
	99	40	11	0	0	-1	-1	0
	99	42	11	0	0	-2	-2	0
	99	44	11	0	0	-3	-1	0
	99	46	11	0	0	-3	-2	0
	99	48	11	0	0	-4	-2	0
	99	50	11	0	0	-4	-1	0
	99	52	11	0	0	-5	-1	2
	99	54	11	0	0	-5	1	0
	99	56	11	0	0	-5	0	0
	99	58	11	0	0	-4	0	0
	99	62	11	0	0	-6	1	2
	100	0	11	0	0	2	-4	0
	100	2	11	0	0	1	-4	0
	100	4	11	0	0	2	-5	0
	100	6	11	0	0	0	-4	0
	100	8	11	0	0	3	-6	0
	100	10	11	0	0	-1	-3	0
	100	12	11	0	0	-1	-4	0
	100	14	11	0	0	4	-6	0
	100	16	11	0	0	4	-7	3
	100	18	11	0	0	2	-6	0
	100	20	11	0	0	1	-5	0
	100	22	11	0	0	1	-6	2
	100	24	11	0	0	0	-5	0
	100	26	11	0	0	-1	-5	2
	100	28	11	0	0	-2	-4	0
	100	30	11	0	0	-2	-3	0
	100	32	11	0	0	-3	-3	0
	100	34	11	0	0	-4	-3	3
	100	36	11	0	0	0	-1	0
	100	38	11	0	0	0	-2	0
	100	40	11	0	0	-1	-2	0
	100	42	11	0	0	0	-3	0
	100	44	11	0	0	1	-1	0
	100	46	11	0	0	3	-4	0
	100	48	11	0	0	4	-4	0
	100	50	11	0	0	5	-5	0
	100	52	11	0	0	2	-3	0
	100	54	11	0	0	1	-2	0
	100	56	11	0	0	1	-3	0
	100	58	11	0	0	3	-5	0
	100	60	11	0	0	5	-6	2
	100	62	11	0	0	4	-5	0
# SKIROC CHANNEL | LAYER SENSOR_IX SENSOR_IV IX IV TYPE
	101	0	11	0	0	5	-3	0
	101	2	11	0	0	4	-2	4
	101	4	11	0	0	4	-3	0
	101	6	11	0	0	6	-4	0
	101	8	11	0	0	3	-3	0
	101	10	11	0	0	6	-5	2
	101	12	11	0	0	5	-4	0
	101	14	11	0	0	2	-2	0
	101	16	11	0	0	3	-2	0
	101	18	11	0	0	2	-1	0
	101	20	11	0	0	3	-1	0
	101	22	11	0	0	2	0	0
	101	24	11	0	0	1	0	0
	101	26	11	0	0	1	1	0
	101	28	11	0	0	2	1	0
	101	30	11	0	0	2	2	0
	101	32	11	0	0	3	2	0
	101	34	11	0	0	3	1	0
	101	36	11	0	0	4	1	0
	101	38	11	0	0	4	0	0
	101	40	11	0	0	3	0	0
	101	42	11	0	0	4	-1	0
	101	44	11	0	0	3	3	0
	101	46	11	0	0	7	-4	3
	101	48	11	0	0	4	2	0
	101	50	11	0	0	5	1	2
	101	52	11	0	0	5	0	0
	101	54	11	0	0	5	-1	0
	101	56	11	0	0	6	-1	2
	101	58	11	0	0	6	-3	0
	101	60	11	0	0	5	-2	0
	101	62	11	0	0	6	-2	0
	102	0	11	0	0	-2	5	0
	102	2	11	0	0	-2	6	0
	102	4	11	0	0	-3	6	0
	102	6	11	0	0	-1	5	0
	102	8	11	0	0	0	5	0
	102	10	11	0	0	-1	6	2
	102	12	11	0	0	1	5	2
	102	14	11	0	0	0	4	0
	102	16	11	0	0	-1	4	0
	102	18	11	0	0	0	3	0
	102	20	11	0	0	3	4	3
	102	22	11	0	0	2	4	0
	102	24	11	0	0	1	4	0
	102	26	11	0	0	1	3	0
	102	28	11	0	0	2	3	0
	102	30	11	0	0	1	2	0
	102	32	11	0	0	0	2	0
	102	34	11	0	0	0	1	0
	102	36	11	0	0	-1	1	0
	102	38	11	0	0	-1	2	0
	102	40	11	0	0	-4	4	0
	102	42	11	0	0	-3	3	0
	102	44	11	0	0	-3	4	0
	102	46	11	0	0	-5	5	0
	102	48	11	0	0	-5	6	2
	102	50	11	0	0	-4	5	0
	102	52	11	0	0	-2	3	0
	102	54	11	0	0	-1	3	0
	102	56	11	0	0	-2	4	0
	102	58	11	0	0	-3	5	0
	102	60	11	0	0	-4	7	3
	102	62	11	0	0	-4	6	0
	103	0	11	0	0	-4	1	0
	103	2	11	0	0	-4	2	0
	103	4	11	0	0	-5	2	0
	103	6	11	0	0	-6	2	0
	103	8	11	0	0	-5	4	0
	103	10	11	0	0	-6	3	0
	103	12	11	0	0	-7	3	3
	103	14	11	0	0	-6	4	0
	103	16	11	0	0	-6	5	2
	103	18	11	0	0	-5	3	0
	103	20	11	0	0	-4	3	0
	103	22	11	0	0	-3	2	0
	103	24	11	0	0	-3	1	0
	103	26	11	0	0	-2	1	4
	103	28	11	0	0	-2	2	0
	103	30	11	0	0	-3	0	0
	103	32	11	0	0	-2	-1	0
	103	34	11	0	0	-2	0	0
	103	36	11	0	0	0	0	0
	103	38	11	0	0	-1	0	0
	103	40	11	0	0	-1	-1	0
	103	42	11	0	0	-2	-2	0
	103	44	11	0	0	-3	-1	0
	103	46	11	0	0	-3	-2	0
	103	48	11	0	0	-4	-2	0
	103	50	11	0	0	-4	-1	0
	103	52	11	0	0	-5	-1	2
	103	54	11	0	0	-5	1	0
	103	56	11	0	0	-5	0	0
	103	58	11	0	0	-4	0	0
	103	62	11	0	0	-6	1	2
	104	0	11	0	0	2	-4	0
	104	2	11	0	0	1	-4	0
	104	4	11	0	0	2	-5	0
	104	6	11	0	0	0	-4	0
	104	8	11	0	0	3	-6	0
	104	10	11	0	0	-1	-3	0
	104	12	11	0	0	-1	-4	0
	104	14	11	0	0	4	-6	0
	104	16	11	0	0	4	-7	3
	104	18	11	0	0	2	-6	0
	104	20	11	0	0	1	-5	0
	104	22	11	0	0	1	-6	2
	104	24	11	0	0	0	-5	0
	104	26	11	0	0	-1	-5	2
	104	28	11	0	0	-2	-4	0
	104	30	11	0	0	-2	-3	0
	104	32	11	0	0	-3	-3	0
	104	34	11	0	0	-4	-3	3
	104	36	11	0	0	0	-1	0
	104	38	11	0	0	0	-2	0
	104	40	11	0	0	-1	-2	0
	104	42	11	0	0	0	-3	0
	104	44	11	0	0	1	-1	0
	104	46	11	0	0	3	-4	0
	104	48	11	0	0	4	-4	0
	104	50	11	0	0	5	-5	0
	104	52	11	0	0	2	-3	0
	104	54	11	0	0	1	-2	0
	104	56	11	0	0	1	-3	0
	104	58	11	0	0	3	-5	0
	104	60	11	0	0	5	-6	2
	104	62	11	0	0	4	-5	0
# SKIROC CHANNEL | LAYER SENSOR_IX SENSOR_IV IX IV TYPE
	105	0	11	0	0	5	-3	0
	105	2	11	0	0	4	-2	4
	105	4	11	0	0	4	-3	0
	105	6	11	0	0	6	-4	0
	105	8	11	0	0	3	-3	0
	105	10	11	0	0	6	-5	2
	105	12	11	0	0	5	-4	0
	105	14	11	0	0	2	-2	0
	105	16	11	0	0	3	-2	0
	105	18	11	0	0	2	-1	0
	105	20	11	0	0	3	-1	0
	105	22	11	0	0	2	0	0
	105	24	11	0	0	1	0	0
	105	26	11	0	0	1	1	0
	105	28	11	0	0	2	1	0
	105	30	11	0	0	2	2	0
	105	32	11	0	0	3	2	0
	105	34	11	0	0	3	1	0
	105	36	11	0	0	4	1	0
	105	38	11	0	0	4	0	0
	105	40	11	0	0	3	0	0
	105	42	11	0	0	4	-1	0
	105	44	11	0	0	3	3	0
	105	46	11	0	0	7	-4	3
	105	48	11	0	0	4	2	0
	105	50	11	0	0	5	1	2
	105	52	11	0	0	5	0	0
	105	54	11	0	0	5	-1	0
	105	56	11	0	0	6	-1	2
	105	58	11	0	0	6	-3	0
	105	60	11	0	0	5	-2	0
	105	62	11	0	0	6	-2	0
	106	0	11	0	0	-2	5	0
	106	2	11	0	0	-2	6	0
	106	4	11	0	0	-3	6	0
	106	6	11	0	0	-1	5	0
	106	8	11	0	0	0	5	0
	106	10	11	0	0	-1	6	2
	106	12	11	0	0	1	5	2
	106	14	11	0	0	0	4	0
	106	16	11	0	0	-1	4	0
	106	18	11	0	0	0	3	0
	106	20	11	0	0	3	4	3
	106	22	11	0	0	2	4	0
	106	24	11	0	0	1	4	0
	106	26	11	0	0	1	3	0
	106	28	11	0	0	2	3	0
	106	30	11	0	0	1	2	0
	106	32	11	0	0	0	2	0
	106	34	11	0	0	0	1	0
	106	36	11	0	0	-1	1	0
	106	38	11	0	0	-1	2	0
	106	40	11	0	0	-4	4	0
	106	42	11	0	0	-3	3	0
	106	44	11	0	0	-3	4	0
	106	46	11	0	0	-5	5	0
	106	48	11	0	0	-5	6	2
	106	50	11	0	0	-4	5	0
	106	52	11	0	0	-2	3	0
	106	54	11	0	0	-1	3	0
	106	56	11	0	0	-2	4	0
	106	58	11	0	0	-3	5	0
	106	60	11	0	0	-4	7	3
	106	62	11	0	0	-4	6	0
	107	0	11	0	0	-4	1	0
	107	2	11	0	0	-4	2	0
	107	4	11	0	0	-5	2	0
	107	6	11	0	0	-6	2	0
	107	8	11	0	0	-5	4	0
	107	10	11	0	0	-6	3	0
	107	12	11	0	0	-7	3	3
	107	14	11	0	0	-6	4	0
	107	16	11	0	0	-6	5	2
	107	18	11	0	0	-5	3	0
	107	20	11	0	0	-4	3	0
	107	22	11	0	0	-3	2	0
	107	24	11	0	0	-3	1	0
	107	26	11	0	0	-2	1	4
	107	28	11	0	0	-2	2	0
	107	30	11	0	0	-3	0	0
	107	32	11	0	0	-2	-1	0
	107	34	11	0	0	-2	0	0
	107	36	11	0	0	0	0	0
	107	38	11	0	0	-1	0	0
	107	40	11	0	0	-1	-1	0
	107	42	11	0	0	-2	-2	0
	107	44	11	0	0	-3	-1	0
	107	46	11	0	0	-3	-2	0
	107	48	11	0	0	-4	-2	0
	107	50	11	0	0	-4	-1	0
	107	52	11	0	0	-5	-1	2
	107	54	11	0	0	-5	1	0
	107	56	11	0	0	-5	0	0
	107	58	11	0	0	-4	0	0
	107	62	11	0	0	-6	1	2
	108	0	11	0	0	2	-4	0
	108	2	11	0	0	1	-4	0
	108	4	11	0	0	2	-5	0
	108	6	11	0	0	0	-4	0
	108	8	11	0	0	3	-6	0
	108	10	11	0	0	-1	-3	0
	108	12	11	0	0	-1	-4	0
	108	14	11	0	0	4	-6	0
	108	16	11	0	0	4	-7	3
	108	18	11	0	0	2	-6	0
	108	20	11	0	0	1	-5	0
	108	22	11	0	0	1	-6	2
	108	24	11	0	0	0	-5	0
	108	26	11	0	0	-1	-5	2
	108	28	11	0	0	-2	-4	0
	108	30	11	0	0	-2	-3	0
	108	32	11	0	0	-3	-3	0
	108	34	11	0	0	-4	-3	3
	108	36	11	0	0	0	-1	0
	108	38	11	0	0	0	-2	0
	108	40	11	0	0	-1	-2	0
	108	42	11	0	0	0	-3	0
	108	44	11	0	0	1	-1	0
	108	46	11	0	0	3	-4	0
	108	48	11	0	0	4	-4	0
	108	50	11	0	0	5	-5	0
	108	52	11	0	0	2	-3	0
	108	54	11	0	0	1	-2	0
	108	56	11	0	0	1	-3	0
	108	58	11	0	0	3	-5	0
	108	60	11	0	0	5	-6	2
	108	62	11	0	0	4	-5	0
# SKIROC CHANNEL | LAYER SENSOR_IX SENSOR_IV IX IV TYPE
	109	0	11	0	0	5	-3	0
	109	2	11	0	0	4	-2	4
	109	4	11	0	0	4	-3	0
	109	6	11	0	0	6	-4	0
	109	8	11	0	0	3	-3	0
	109	10	11	0	0	6	-5	2
	109	12	11	0	0	5	-4	0
	109	14	11	0	0	2	-2	0
	109	16	11	0	0	3	-2	0
	109	18	11	0	0	2	-1	0
	109	20	11	0	0	3	-1	0
	109	22	11	0	0	2	0	0
	109	24	11	0	0	1	0	0
	109	26	11	0	0	1	1	0
	109	28	11	0	0	2	1	0
	109	30	11	0	0	2	2	0
	109	32	11	0	0	3	2	0
	109	34	11	0	0	3	1	0
	109	36	11	0	0	4	1	0
	109	38	11	0	0	4	0	0
	109	40	11	0	0	3	0	0
	109	42	11	0	0	4	-1	0
	109	44	11	0	0	3	3	0
	109	46	11	0	0	7	-4	3
	109	48	11	0	0	4	2	0
	109	50	11	0	0	5	1	2
	109	52	11	0	0	5	0	0
	109	54	11	0	0	5	-1	0
	109	56	11	0	0	6	-1	2
	109	58	11	0	0	6	-3	0
	109	60	11	0	0	5	-2	0
	109	62	11	0	0	6	-2	0
	110	0	11	0	0	-2	5	0
	110	2	11	0	0	-2	6	0
	110	4	11	0	0	-3	6	0
	110	6	11	0	0	-1	5	0
	110	8	11	0	0	0	5	0
	110	10	11	0	0	-1	6	2
	110	12	11	0	0	1	5	2
	110	14	11	0	0	0	4	0
	110	16	11	0	0	-1	4	0
	110	18	11	0	0	0	3	0
	110	20	11	0	0	3	4	3
	110	22	11	0	0	2	4	0
	110	24	11	0	0	1	4	0
	110	26	11	0	0	1	3	0
	110	28	11	0	0	2	3	0
	110	30	11	0	0	1	2	0
	110	32	11	0	0	0	2	0
	110	34	11	0	0	0	1	0
	110	36	11	0	0	-1	1	0
	110	38	11	0	0	-1	2	0
	110	40	11	0	0	-4	4	0
	110	42	11	0	0	-3	3	0
	110	44	11	0	0	-3	4	0
	110	46	11	0	0	-5	5	0
	110	48	11	0	0	-5	6	2
	110	50	11	0	0	-4	5	0
	110	52	11	0	0	-2	3	0
	110	54	11	0	0	-1	3	0
	110	56	11	0	0	-2	4	0
	110	58	11	0	0	-3	5	0
	110	60	11	0	0	-4	7	3
	110	62	11	0	0	-4	6	0
	111	0	11	0	0	-4	1	0
	111	2	11	0	0	-4	2	0
	111	4	11	0	0	-5	2	0
	111	6	11	0	0	-6	2	0
	111	8	11	0	0	-5	4	0
	111	10	11	0	0	-6	3	0
	111	12	11	0	0	-7	3	3
	111	14	11	0	0	-6	4	0
	111	16	11	0	0	-6	5	2
	111	18	11	0	0	-5	3	0
	111	20	11	0	0	-4	3	0
	111	22	11	0	0	-3	2	0
	111	24	11	0	0	-3	1	0
	111	26	11	0	0	-2	1	4
	111	28	11	0	0	-2	2	0
	111	30	11	0	0	-3	0	0
	111	32	11	0	0	-2	-1	0
	111	34	11	0	0	-2	0	0
	111	36	11	0	0	0	0	0
	111	38	11	0	0	-1	0	0
	111	40	11	0	0	-1	-1	0
	111	42	11	0	0	-2	-2	0
	111	44	11	0	0	-3	-1	0
	111	46	11	0	0	-3	-2	0
	111	48	11	0	0	-4	-2	0
	111	50	11	0	0	-4	-1	0
	111	52	11	0	0	-5	-1	2
	111	54	11	0	0	-5	1	0
	111	56	11	0	0	-5	0	0
	111	58	11	0	0	-4	0	0
	111	62	11	0	0	-6	1	2
	112	0	11	0	0	2	-4	0
	112	2	11	0	0	1	-4	0
	112	4	11	0	0	2	-5	0
	112	6	11	0	0	0	-4	0
	112	8	11	0	0	3	-6	0
	112	10	11	0	0	-1	-3	0
	112	12	11	0	0	-1	-4	0
	112	14	11	0	0	4	-6	0
	112	16	11	0	0	4	-7	3
	112	18	11	0	0	2	-6	0
	112	20	11	0	0	1	-5	0
	112	22	11	0	0	1	-6	2
	112	24	11	0	0	0	-5	0
	112	26	11	0	0	-1	-5	2
	112	28	11	0	0	-2	-4	0
	112	30	11	0	0	-2	-3	0
	112	32	11	0	0	-3	-3	0
	112	34	11	0	0	-4	-3	3
	112	36	11	0	0	0	-1	0
	112	38	11	0	0	0	-2	0
	112	40	11	0	0	-1	-2	0
	112	42	11	0	0	0	-3	0
	112	44	11	0	0	1	-1	0
	112	46	11	0	0	3	-4	0
	112	48	11	0	0	4	-4	0
	112	50	11	0	0	5	-5	0
	112	52	11	0	0	2	-3	0
	112	54	11	0	0	1	-2	0
	112	56	11	0	0	1	-3	0
	112	58	11	0	0	3	-5	0
	112	60	11	0	0	5	-6	2
	112	62	11	0	0	4	-5	0
# SKIROC CHANNEL | LAYER SENSOR_IX SENSOR_IV IX IV TYPE
	113	0	11	0	0	5	-3	0
	113	2	11	0	0	4	-2	4
	113	4	11	0	0	4	-3	0
	113	6	11	0	0	6	-4	0
	113	8	11	0	0	3	-3	0
	113	10	11	0	0	6	-5	2
	113	12	11	0	0	5	-4	0
	113	14	11	0	0	2	-2	0
	113	16	11	0	0	3	-2	0
	113	18	11	0	0	2	-1	0
	113	20	11	0	0	3	-1	0
	113	22	11	0	0	2	0	0
	113	24	11	0	0	1	0	0
	113	26	11	0	0	1	1	0
	113	28	11	0	0	2	1	0
	113	30	11	0	0	2	2	0
	113	32	11	0	0	3	2	0
	113	34	11	0	0	3	1	0
	113	36	11	0	0	4	1	0
	113	38	11	0	0	4	0	0
	113	40	11	0	0	3	0	0
	113	42	11	0	0	4	-1	0
	113	44	11	0	0	3	3	0
	113	46	11	0	0	7	-4	3
	113	48	11	0	0	4	2	0
	113	50	11	0	0	5	1	2
	113	52	11	0	0	5	0	0
	113	54	11	0	0	5	-1	0
	113	56	11	0	0	6	-1	2
	113	58	11	0	0	6	-3	0
	113	60	11	0	0	5	-2	0
	113	62	11	0	0	6	-2	0
	114	0	11	0	0	-2	5	0
	114	2	11	0	0	-2	6	0
	114	4	11	0	0	-3	6	0
	114	6	11	0	0	-1	5	0
	114	8	11	0	0	0	5	0
	114	10	11	0	0	-1	6	2
	114	12	11	0	0	1	5	2
	114	14	11	0	0	0	4	0
	114	16	11	0	0	-1	4	0
	114	18	11	0	0	0	3	0
	114	20	11	0	0	3	4	3
	114	22	11	0	0	2	4	0
	114	24	11	0	0	1	4	0
	114	26	11	0	0	1	3	0
	114	28	11	0	0	2	3	0
	114	30	11	0	0	1	2	0
	114	32	11	0	0	0	2	0
	114	34	11	0	0	0	1	0
	114	36	11	0	0	-1	1	0
	114	38	11	0	0	-1	2	0
	114	40	11	0	0	-4	4	0
	114	42	11	0	0	-3	3	0
	114	44	11	0	0	-3	4	0
	114	46	11	0	0	-5	5	0
	114	48	11	0	0	-5	6	2
	114	50	11	0	0	-4	5	0
	114	52	11	0	0	-2	3	0
	114	54	11	0	0	-1	3	0
	114	56	11	0	0	-2	4	0
	114	58	11	0	0	-3	5	0
	114	60	11	0	0	-4	7	3
	114	62	11	0	0	-4	6	0
	115	0	11	0	0	-4	1	0
	115	2	11	0	0	-4	2	0
	115	4	11	0	0	-5	2	0
	115	6	11	0	0	-6	2	0
	115	8	11	0	0	-5	4	0
	115	10	11	0	0	-6	3	0
	115	12	11	0	0	-7	3	3
	115	14	11	0	0	-6	4	0
	115	16	11	0	0	-6	5	2
	115	18	11	0	0	-5	3	0
	115	20	11	0	0	-4	3	0
	115	22	11	0	0	-3	2	0
	115	24	11	0	0	-3	1	0
	115	26	11	0	0	-2	1	4
	115	28	11	0	0	-2	2	0
	115	30	11	0	0	-3	0	0
	115	32	11	0	0	-2	-1	0
	115	34	11	0	0	-2	0	0
	115	36	11	0	0	0	0	0
	115	38	11	0	0	-1	0	0
	115	40	11	0	0	-1	-1	0
	115	42	11	0	0	-2	-2	0
	115	44	11	0	0	-3	-1	0
	115	46	11	0	0	-3	-2	0
	115	48	11	0	0	-4	-2	0
	115	50	11	0	0	-4	-1	0
	115	52	11	0	0	-5	-1	2
	115	54	11	0	0	-5	1	0
	115	56	11	0	0	-5	0	0
	115	58	11	0	0	-4	0	0
	115	62	11	0	0	-6	1	2
	116	0	11	0	0	2	-4	0
	116	2	11	0	0	1	-4	0
	116	4	11	0	0	2	-5	0
	116	6	11	0	0	0	-4	0
	116	8	11	0	0	3	-6	0
	116	10	11	0	0	-1	-3	0
	116	12	11	0	0	-1	-4	0
	116	14	11	0	0	4	-6	0
	116	16	11	0	0	4	-7	3
	116	18	11	0	0	2	-6	0
	116	20	11	0	0	1	-5	0
	116	22	11	0	0	1	-6	2
	116	24	11	0	0	0	-5	0
	116	26	11	0	0	-1	-5	2
	116	28	11	0	0	-2	-4	0
	116	30	11	0	0	-2	-3	0
	116	32	11	0	0	-3	-3	0
	116	34	11	0	0	-4	-3	3
	116	36	11	0	0	0	-1	0
	116	38	11	0	0	0	-2	0
	116	40	11	0	0	-1	-2	0
	116	42	11	0	0	0	-3	0
	116	44	11	0	0	1	-1	0
	116	46	11	0	0	3	-4	0
	116	48	11	0	0	4	-4	0
	116	50	11	0	0	5	-5	0
	116	52	11	0	0	2	-3	0
	116	54	11	0	0	1	-2	0
	116	56	11	0	0	1	-3	0
	116	58	11	0	0	3	-5	0
	116	60	11	0	0	5	-6	2
	116	62	11	0	0	4	-5	0