# SKIROC CHANNEL | LAYER SENSOR_IX SENSOR_IV IX IV TYPE
	1	0	1	0	0	4	-7	5
	1	0	1	0	0	4	-6	5
	1	1	1	0	0	4	-5	0
	1	2	1	0	0	4	-4	0
	1	3	1	0	0	5	-5	0
	1	4	1	0	0	4	-3	0
	1	5	1	0	0	5	-6	2
	1	6	1	0	0	3	-3	0
	1	7	1	0	0	4	-2	0
	1	8	1	0	0	3	-2	0
	1	9	1	0	0	5	-2	0
	1	10	1	0	0	3	-1	0
	1	11	1	0	0	5	-3	0
	1	12	1	0	0	2	-1	0
	1	13	1	0	0	5	-4	0
	1	14	1	0	0	3	-5	0
	1	15	1	0	0	6	-4	0
	1	16	1	0	0	3	-4	0
	1	17	1	0	0	6	-5	2
	1	18	1	0	0	2	-3	0
	1	19	1	0	0	7	-3	3
	1	19	1	0	0	7	-4	3
	1	20	1	0	0	2	-2	0
	1	21	1	0	0	6	-3	0
	1	22	1	0	0	1	-1	0
	1	23	1	0	0	4	-1	0
	1	24	1	0	0	1	0	0
	1	25	1	0	0	3	0	0
	1	26	1	0	0	-1	2	1
	1	27	1	0	0	4	0	0
	1	29	1	0	0	6	-2	0
	1	30	1	0	0	0	1	0
	1	31	1	0	0	5	-1	0
	1	32	1	0	0	2	0	0
	1	33	1	0	0	6	-1	2
	1	34	1	0	0	2	1	0
	1	35	1	0	0	5	0	0
	1	36	1	0	0	1	1	0
	1	37	1	0	0	4	1	0
	1	38	1	0	0	0	2	0
	1	39	1	0	0	5	1	2
	1	40	1	0	0	-1	2	4
	1	41	1	0	0	3	2	0
	1	42	1	0	0	-2	4	0
	1	43	1	0	0	3	1	0
	1	44	1	0	0	-1	3	0
	1	45	1	0	0	2	2	0
	1	46	1	0	0	-1	4	0
	1	47	1	0	0	4	2	0
	1	48	1	0	0	-3	6	0
	1	49	1	0	0	3	3	0
	1	50	1	0	0	-2	5	0
	1	51	1	0	0	4	3	3
	1	51	1	0	0	3	4	3
	1	52	1	0	0	0	3	0
	1	53	1	0	0	2	4	0
	1	54	1	0	0	1	2	0
	1	55	1	0	0	2	3	0
	1	56	1	0	0	1	3	0
	1	57	1	0	0	1	4	0
	1	58	1	0	0	-2	6	5
	1	58	1	0	0	-3	7	5
	1	59	1	0	0	1	5	2
	1	60	1	0	0	-1	6	2
	1	61	1	0	0	0	5	0
	1	62	1	0	0	-1	5	0
	1	63	1	0	0	0	4	0
	2	0	1	0	0	-4	6	5
	2	0	1	0	0	-4	7	5
	2	1	1	0	0	-4	5	0
	2	2	1	0	0	-4	4	0
	2	3	1	0	0	-5	5	0
	2	4	1	0	0	-4	3	0
	2	5	1	0	0	-5	6	2
	2	6	1	0	0	-3	3	0
	2	7	1	0	0	-4	2	0
	2	8	1	0	0	-3	2	0
	2	9	1	0	0	-5	2	0
	2	10	1	0	0	-3	1	0
	2	11	1	0	0	-5	3	0
	2	12	1	0	0	-2	1	0
	2	13	1	0	0	-6	5	2
	2	14	1	0	0	-3	5	0
	2	15	1	0	0	-5	4	0
	2	16	1	0	0	-3	4	0
	2	17	1	0	0	-6	4	0
	2	18	1	0	0	-2	3	0
	2	19	1	0	0	-7	4	3
	2	19	1	0	0	-7	3	3
	2	20	1	0	0	-2	2	0
	2	21	1	0	0	-6	3	0
	2	22	1	0	0	-1	1	0
	2	23	1	0	0	-4	1	0
	2	24	1	0	0	-1	0	0
	2	25	1	0	0	-3	0	0
	2	26	1	0	0	0	0	0
	2	27	1	0	0	-4	0	0
	2	28	1	0	0	1	-2	0
	2	29	1	0	0	-6	2	0
	2	30	1	0	0	0	-1	0
	2	31	1	0	0	-5	1	0
	2	32	1	0	0	-2	0	0
	2	33	1	0	0	-6	1	2
	2	34	1	0	0	-2	-1	0
	2	35	1	0	0	-5	0	0
	2	36	1	0	0	-1	-1	0
	2	37	1	0	0	-4	-1	0
	2	38	1	0	0	0	-2	0
	2	39	1	0	0	-5	-1	2
	2	40	1	0	0	2	-4	1
	2	41	1	0	0	-3	-2	0
	2	42	1	0	0	2	-4	4
	2	43	1	0	0	-3	-1	0
	2	44	1	0	0	1	-3	0
	2	45	1	0	0	-2	-2	0
	2	46	1	0	0	1	-4	0
	2	47	1	0	0	-4	-2	0
	2	48	1	0	0	3	-6	0
	2	49	1	0	0	-3	-3	0
	2	50	1	0	0	2	-5	0
	2	51	1	0	0	-3	-4	3
	2	51	1	0	0	-4	-3	3
	2	52	1	0	0	0	-3	0
	2	53	1	0	0	-2	-4	0
	2	54	1	0	0	-1	-2	0
	2	55	1	0	0	-2	-3	0
	2	56	1	0	0	-1	-3	0
	2	57	1	0	0	-1	-4	0
	2	58	1	0	0	3	-7	5
	2	58	1	0	0	2	-6	5
	2	59	1	0	0	-1	-5	2
	2	60	1	0	0	1	-6	2
	2	61	1	0	0	0	-5	0
	2	62	1	0	0	1	-5	0
	2	63	1	0	0	0	-4	0
	3	0	2	0	0	4	-7	5
	3	0	2	0	0	4	-6	5
	3	1	2	0	0	4	-5	0
	3	2	2	0	0	4	-4	0
	3	3	2	0	0	5	-5	0
	3	4	2	0	0	4	-3	0
	3	5	2	0	0	5	-6	2
	3	6	2	0	0	3	-3	0
	3	7	2	0	0	4	-2	0
	3	8	2	0	0	3	-2	0
	3	9	2	0	0	5	-2	0
	3	10	2	0	0	3	-1	0
	3	11	2	0	0	5	-3	0
	3	12	2	0	0	2	-1	0
	3	13	2	0	0	5	-4	0
	3	14	2	0	0	3	-5	0
	3	15	2	0	0	6	-4	0
	3	16	2	0	0	3	-4	0
	3	17	2	0	0	6	-5	2
	3	18	2	0	0	2	-3	0
	3	19	2	0	0	7	-3	3
	3	19	2	0	0	7	-4	3
	3	20	2	0	0	2	-2	0
	3	21	2	0	0	6	-3	0
	3	22	2	0	0	1	-1	0
	3	23	2	0	0	4	-1	0
	3	24	2	0	0	1	0	0
	3	25	2	0	0	3	0	0
	3	26	2	0	0	-1	2	1
	3	27	2	0	0	4	0	0
	3	29	2	0	0	6	-2	0
	3	30	2	0	0	0	1	0
	3	31	2	0	0	5	-1	0
	3	32	2	0	0	2	0	0
	3	33	2	0	0	6	-1	2
	3	34	2	0	0	2	1	0
	3	35	2	0	0	5	0	0
	3	36	2	0	0	1	1	0
	3	37	2	0	0	4	1	0
	3	38	2	0	0	0	2	0
	3	39	2	0	0	5	1	2
	3	40	2	0	0	-1	2	4
	3	41	2	0	0	3	2	0
	3	42	2	0	0	-2	4	0
	3	43	2	0	0	3	1	0
	3	44	2	0	0	-1	3	0
	3	45	2	0	0	2	2	0
	3	46	2	0	0	-1	4	0
	3	47	2	0	0	4	2	0
	3	48	2	0	0	-3	6	0
	3	49	2	0	0	3	3	0
	3	50	2	0	0	-2	5	0
	3	51	2	0	0	4	3	3
	3	51	2	0	0	3	4	3
	3	52	2	0	0	0	3	0
	3	53	2	0	0	2	4	0
	3	54	2	0	0	1	2	0
	3	55	2	0	0	2	3	0
	3	56	2	0	0	1	3	0
	3	57	2	0	0	1	4	0
	3	58	2	0	0	-2	6	5
	3	58	2	0	0	-3	7	5
	3	59	2	0	0	1	5	2
	3	60	2	0	0	-1	6	2
	3	61	2	0	0	0	5	0
	3	62	2	0	0	-1	5	0
	3	63	2	0	0	0	4	0
	4	0	2	0	0	-4	6	5
	4	0	2	0	0	-4	7	5
	4	1	2	0	0	-4	5	0
	4	2	2	0	0	-4	4	0
	4	3	2	0	0	-5	5	0
	4	4	2	0	0	-4	3	0
	4	5	2	0	0	-5	6	2
	4	6	2	0	0	-3	3	0
	4	7	2	0	0	-4	2	0
	4	8	2	0	0	-3	2	0
	4	9	2	0	0	-5	2	0
	4	10	2	0	0	-3	1	0
	4	11	2	0	0	-5	3	0
	4	12	2	0	0	-2	1	0
	4	13	2	0	0	-6	5	2
	4	14	2	0	0	-3	5	0
	4	15	2	0	0	-5	4	0
	4	16	2	0	0	-3	4	0
	4	17	2	0	0	-6	4	0
	4	18	2	0	0	-2	3	0
	4	19	2	0	0	-7	4	3
	4	19	2	0	0	-7	3	3
	4	20	2	0	0	-2	2	0
	4	21	2	0	0	-6	3	0
	4	22	2	0	0	-1	1	0
	4	23	2	0	0	-4	1	0
	4	24	2	0	0	-1	0	0
	4	25	2	0	0	-3	0	0
	4	26	2	0	0	0	0	0
	4	27	2	0	0	-4	0	0
	4	28	2	0	0	1	-2	0
	4	29	2	0	0	-6	2	0
	4	30	2	0	0	0	-1	0
	4	31	2	0	0	-5	1	0
	4	32	2	0	0	-2	0	0
	4	33	2	0	0	-6	1	2
	4	34	2	0	0	-2	-1	0
	4	35	2	0	0	-5	0	0
	4	36	2	0	0	-1	-1	0
	4	37	2	0	0	-4	-1	0
	4	38	2	0	0	0	-2	0
	4	39	2	0	0	-5	-1	2
	4	40	2	0	0	2	-4	1
	4	41	2	0	0	-3	-2	0
	4	42	2	0	0	2	-4	4
	4	43	2	0	0	-3	-1	0
	4	44	2	0	0	1	-3	0
	4	45	2	0	0	-2	-2	0
	4	46	2	0	0	1	-4	0
	4	47	2	0	0	-4	-2	0
	4	48	2	0	0	3	-6	0
	4	49	2	0	0	-3	-3	0
	4	50	2	0	0	2	-5	0
	4	51	2	0	0	-3	-4	3
	4	51	2	0	0	-4	-3	3
	4	52	2	0	0	0	-3	0
	4	53	2	0	0	-2	-4	0
	4	54	2	0	0	-1	-2	0
	4	55	2	0	0	-2	-3	0
	4	56	2	0	0	-1	-3	0
	4	57	2	0	0	-1	-4	0
	4	58	2	0	0	3	-7	5
	4	58	2	0	0	2	-6	5
	4	59	2	0	0	-1	-5	2
	4	60	2	0	0	1	-6	2
	4	61	2	0	0	0	-5	0
	4	62	2	0	0	1	-5	0
	4	63	2	0	0	0	-4	0
	5	0	3	0	0	4	-7	5
	5	0	3	0	0	4	-6	5
	5	1	3	0	0	4	-5	0
	5	2	3	0	0	4	-4	0
	5	3	3	0	0	5	-5	0
	5	4	3	0	0	4	-3	0
	5	5	3	0	0	5	-6	2
	5	6	3	0	0	3	-3	0
	5	7	3	0	0	4	-2	0
	5	8	3	0	0	3	-2	0
	5	9	3	0	0	5	-2	0
	5	10	3	0	0	3	-1	0
	5	11	3	0	0	5	-3	0
	5	12	3	0	0	2	-1	0
	5	13	3	0	0	5	-4	0
	5	14	3	0	0	3	-5	0
	5	15	3	0	0	6	-4	0
	5	16	3	0	0	3	-4	0
	5	17	3	0	0	6	-5	2
	5	18	3	0	0	2	-3	0
	5	19	3	0	0	7	-3	3
	5	19	3	0	0	7	-4	3
	5	20	3	0	0	2	-2	0
	5	21	3	0	0	6	-3	0
	5	22	3	0	0	1	-1	0
	5	23	3	0	0	4	-1	0
	5	24	3	0	0	1	0	0
	5	25	3	0	0	3	0	0
	5	26	3	0	0	-1	2	1
	5	27	3	0	0	4	0	0
	5	29	3	0	0	6	-2	0
	5	30	3	0	0	0	1	0
	5	31	3	0	0	5	-1	0
	5	32	3	0	0	2	0	0
	5	33	3	0	0	6	-1	2
	5	34	3	0	0	2	1	0
	5	35	3	0	0	5	0	0
	5	36	3	0	0	1	1	0
	5	37	3	0	0	4	1	0
	5	38	3	0	0	0	2	0
	5	39	3	0	0	5	1	2
	5	40	3	0	0	-1	2	4
	5	41	3	0	0	3	2	0
	5	42	3	0	0	-2	4	0
	5	43	3	0	0	3	1	0
	5	44	3	0	0	-1	3	0
	5	45	3	0	0	2	2	0
	5	46	3	0	0	-1	4	0
	5	47	3	0	0	4	2	0
	5	48	3	0	0	-3	6	0
	5	49	3	0	0	3	3	0
	5	50	3	0	0	-2	5	0
	5	51	3	0	0	4	3	3
	5	51	3	0	0	3	4	3
	5	52	3	0	0	0	3	0
	5	53	3	0	0	2	4	0
	5	54	3	0	0	1	2	0
	5	55	3	0	0	2	3	0
	5	56	3	0	0	1	3	0
	5	57	3	0	0	1	4	0
	5	58	3	0	0	-2	6	5
	5	58	3	0	0	-3	7	5
	5	59	3	0	0	1	5	2
	5	60	3	0	0	-1	6	2
	5	61	3	0	0	0	5	0
	5	62	3	0	0	-1	5	0
	5	63	3	0	0	0	4	0
	6	0	3	0	0	-4	6	5
	6	0	3	0	0	-4	7	5
	6	1	3	0	0	-4	5	0
	6	2	3	0	0	-4	4	0
	6	3	3	0	0	-5	5	0
	6	4	3	0	0	-4	3	0
	6	5	3	0	0	-5	6	2
	6	6	3	0	0	-3	3	0
	6	7	3	0	0	-4	2	0
	6	8	3	0	0	-3	2	0
	6	9	3	0	0	-5	2	0
	6	10	3	0	0	-3	1	0
	6	11	3	0	0	-5	3	0
	6	12	3	0	0	-2	1	0
	6	13	3	0	0	-6	5	2
	6	14	3	0	0	-3	5	0
	6	15	3	0	0	-5	4	0
	6	16	3	0	0	-3	4	0
	6	17	3	0	0	-6	4	0
	6	18	3	0	0	-2	3	0
	6	19	3	0	0	-7	4	3
	6	19	3	0	0	-7	3	3
	6	20	3	0	0	-2	2	0
	6	21	3	0	0	-6	3	0
	6	22	3	0	0	-1	1	0
	6	23	3	0	0	-4	1	0
	6	24	3	0	0	-1	0	0
	6	25	3	0	0	-3	0	0
	6	26	3	0	0	0	0	0
	6	27	3	0	0	-4	0	0
	6	28	3	0	0	1	-2	0
	6	29	3	0	0	-6	2	0
	6	30	3	0	0	0	-1	0
	6	31	3	0	0	-5	1	0
	6	32	3	0	0	-2	0	0
	6	33	3	0	0	-6	1	2
	6	34	3	0	0	-2	-1	0
	6	35	3	0	0	-5	0	0
	6	36	3	0	0	-1	-1	0
	6	37	3	0	0	-4	-1	0
	6	38	3	0	0	0	-2	0
	6	39	3	0	0	-5	-1	2
	6	40	3	0	0	2	-4	1
	6	41	3	0	0	-3	-2	0
	6	42	3	0	0	2	-4	4
	6	43	3	0	0	-3	-1	0
	6	44	3	0	0	1	-3	0
	6	45	3	0	0	-2	-2	0
	6	46	3	0	0	1	-4	0
	6	47	3	0	0	-4	-2	0
	6	48	3	0	0	3	-6	0
	6	49	3	0	0	-3	-3	0
	6	50	3	0	0	2	-5	0
	6	51	3	0	0	-3	-4	3
	6	51	3	0	0	-4	-3	3
	6	52	3	0	0	0	-3	0
	6	53	3	0	0	-2	-4	0
	6	54	3	0	0	-1	-2	0
	6	55	3	0	0	-2	-3	0
	6	56	3	0	0	-1	-3	0
	6	57	3	0	0	-1	-4	0
	6	58	3	0	0	3	-7	5
	6	58	3	0	0	2	-6	5
	6	59	3	0	0	-1	-5	2
	6	60	3	0	0	1	-6	2
	6	61	3	0	0	0	-5	0
	6	62	3	0	0	1	-5	0
	6	63	3	0	0	0	-4	0
	7	0	4	0	0	4	-7	5
	7	0	4	0	0	4	-6	5
	7	1	4	0	0	4	-5	0
	7	2	4	0	0	4	-4	0
	7	3	4	0	0	5	-5	0
	7	4	4	0	0	4	-3	0
	7	5	4	0	0	5	-6	2
	7	6	4	0	0	3	-3	0
	7	7	4	0	0	4	-2	0
	7	8	4	0	0	3	-2	0
	7	9	4	0	0	5	-2	0
	7	10	4	0	0	3	-1	0
	7	11	4	0	0	5	-3	0
	7	12	4	0	0	2	-1	0
	7	13	4	0	0	5	-4	0
	7	14	4	0	0	3	-5	0
	7	15	4	0	0	6	-4	0
	7	16	4	0	0	3	-4	0
	7	17	4	0	0	6	-5	2
	7	18	4	0	0	2	-3	0
	7	19	4	0	0	7	-3	3
	7	19	4	0	0	7	-4	3
	7	20	4	0	0	2	-2	0
	7	21	4	0	0	6	-3	0
	7	22	4	0	0	1	-1	0
	7	23	4	0	0	4	-1	0
	7	24	4	0	0	1	0	0
	7	25	4	0	0	3	0	0
	7	26	4	0	0	-1	2	1
	7	27	4	0	0	4	0	0
	7	29	4	0	0	6	-2	0
	7	30	4	0	0	0	1	0
	7	31	4	0	0	5	-1	0
	7	32	4	0	0	2	0	0
	7	33	4	0	0	6	-1	2
	7	34	4	0	0	2	1	0
	7	35	4	0	0	5	0	0
	7	36	4	0	0	1	1	0
	7	37	4	0	0	4	1	0
	7	38	4	0	0	0	2	0
	7	39	4	0	0	5	1	2
	7	40	4	0	0	-1	2	4
	7	41	4	0	0	3	2	0
	7	42	4	0	0	-2	4	0
	7	43	4	0	0	3	1	0
	7	44	4	0	0	-1	3	0
	7	45	4	0	0	2	2	0
	7	46	4	0	0	-1	4	0
	7	47	4	0	0	4	2	0
	7	48	4	0	0	-3	6	0
	7	49	4	0	0	3	3	0
	7	50	4	0	0	-2	5	0
	7	51	4	0	0	4	3	3
	7	51	4	0	0	3	4	3
	7	52	4	0	0	0	3	0
	7	53	4	0	0	2	4	0
	7	54	4	0	0	1	2	0
	7	55	4	0	0	2	3	0
	7	56	4	0	0	1	3	0
	7	57	4	0	0	1	4	0
	7	58	4	0	0	-2	6	5
	7	58	4	0	0	-3	7	5
	7	59	4	0	0	1	5	2
	7	60	4	0	0	-1	6	2
	7	61	4	0	0	0	5	0
	7	62	4	0	0	-1	5	0
	7	63	4	0	0	0	4	0
	8	0	4	0	0	-4	6	5
	8	0	4	0	0	-4	7	5
	8	1	4	0	0	-4	5	0
	8	2	4	0	0	-4	4	0
	8	3	4	0	0	-5	5	0
	8	4	4	0	0	-4	3	0
	8	5	4	0	0	-5	6	2
	8	6	4	0	0	-3	3	0
	8	7	4	0	0	-4	2	0
	8	8	4	0	0	-3	2	0
	8	9	4	0	0	-5	2	0
	8	10	4	0	0	-3	1	0
	8	11	4	0	0	-5	3	0
	8	12	4	0	0	-2	1	0
	8	13	4	0	0	-6	5	2
	8	14	4	0	0	-3	5	0
	8	15	4	0	0	-5	4	0
	8	16	4	0	0	-3	4	0
	8	17	4	0	0	-6	4	0
	8	18	4	0	0	-2	3	0
	8	19	4	0	0	-7	4	3
	8	19	4	0	0	-7	3	3
	8	20	4	0	0	-2	2	0
	8	21	4	0	0	-6	3	0
	8	22	4	0	0	-1	1	0
	8	23	4	0	0	-4	1	0
	8	24	4	0	0	-1	0	0
	8	25	4	0	0	-3	0	0
	8	26	4	0	0	0	0	0
	8	27	4	0	0	-4	0	0
	8	28	4	0	0	1	-2	0
	8	29	4	0	0	-6	2	0
	8	30	4	0	0	0	-1	0
	8	31	4	0	0	-5	1	0
	8	32	4	0	0	-2	0	0
	8	33	4	0	0	-6	1	2
	8	34	4	0	0	-2	-1	0
	8	35	4	0	0	-5	0	0
	8	36	4	0	0	-1	-1	0
	8	37	4	0	0	-4	-1	0
	8	38	4	0	0	0	-2	0
	8	39	4	0	0	-5	-1	2
	8	40	4	0	0	2	-4	1
	8	41	4	0	0	-3	-2	0
	8	42	4	0	0	2	-4	4
	8	43	4	0	0	-3	-1	0
	8	44	4	0	0	1	-3	0
	8	45	4	0	0	-2	-2	0
	8	46	4	0	0	1	-4	0
	8	47	4	0	0	-4	-2	0
	8	48	4	0	0	3	-6	0
	8	49	4	0	0	-3	-3	0
	8	50	4	0	0	2	-5	0
	8	51	4	0	0	-3	-4	3
	8	51	4	0	0	-4	-3	3
	8	52	4	0	0	0	-3	0
	8	53	4	0	0	-2	-4	0
	8	54	4	0	0	-1	-2	0
	8	55	4	0	0	-2	-3	0
	8	56	4	0	0	-1	-3	0
	8	57	4	0	0	-1	-4	0
	8	58	4	0	0	3	-7	5
	8	58	4	0	0	2	-6	5
	8	59	4	0	0	-1	-5	2
	8	60	4	0	0	1	-6	2
	8	61	4	0	0	0	-5	0
	8	62	4	0	0	1	-5	0
	8	63	4	0	0	0	-4	0
	9	0	5	0	0	-3	7	5
	9	0	5	0	0	-2	6	5
	9	1	5	0	0	-1	5	0
	9	2	5	0	0	0	4	0
	9	3	5	0	0	0	5	0
	9	4	5	0	0	1	3	0
	9	5	5	0	0	-1	6	2
	9	6	5	0	0	0	3	0
	9	7	5	0	0	2	2	0
	9	8	5	0	0	1	2	0
	9	9	5	0	0	3	2	0
	9	10	5	0	0	2	1	0
	9	11	5	0	0	2	3	0
	9	12	5	0	0	1	1	0
	9	13	5	0	0	1	4	0
	9	14	5	0	0	-2	5	0
	9	15	5	0	0	2	4	0
	9	16	5	0	0	-1	4	0
	9	17	5	0	0	1	5	2
	9	18	5	0	0	-1	3	0
	9	19	5	0	0	4	3	3
	9	19	5	0	0	3	4	3
	9	20	5	0	0	0	2	0
	9	21	5	0	0	3	3	0
	9	22	5	0	0	0	1	0
	9	23	5	0	0	3	1	0
	9	24	5	0	0	1	0	0
	9	25	5	0	0	3	0	0
	9	26	5	0	0	1	-2	1
	9	27	5	0	0	4	0	0
	9	29	5	0	0	4	2	0
	9	30	5	0	0	1	-1	0
	9	31	5	0	0	4	1	0
	9	32	5	0	0	2	0	0
	9	33	5	0	0	5	1	2
	9	34	5	0	0	3	-1	0
	9	35	5	0	0	5	0	0
	9	36	5	0	0	2	-1	0
	9	37	5	0	0	5	-1	0
	9	38	5	0	0	2	-2	0
	9	39	5	0	0	6	-1	2
	9	40	5	0	0	1	-2	4
	9	41	5	0	0	5	-2	0
	9	42	5	0	0	2	-4	0
	9	43	5	0	0	4	-1	0
	9	44	5	0	0	2	-3	0
	9	45	5	0	0	4	-2	0
	9	46	5	0	0	3	-4	0
	9	47	5	0	0	6	-2	0
	9	48	5	0	0	3	-6	0
	9	49	5	0	0	6	-3	0
	9	50	5	0	0	3	-5	0
	9	51	5	0	0	7	-3	3
	9	51	5	0	0	7	-4	3
	9	52	5	0	0	3	-3	0
	9	53	5	0	0	6	-4	0
	9	54	5	0	0	3	-2	0
	9	55	5	0	0	5	-3	0
	9	56	5	0	0	4	-3	0
	9	57	5	0	0	5	-4	0
	9	58	5	0	0	4	-6	5
	9	58	5	0	0	4	-7	5
	9	59	5	0	0	6	-5	2
	9	60	5	0	0	5	-6	2
	9	61	5	0	0	5	-5	0
	9	62	5	0	0	4	-5	0
	9	63	5	0	0	4	-4	0
	10	0	5	0	0	2	-6	5
	10	0	5	0	0	3	-7	5
	10	1	5	0	0	1	-5	0
	10	2	5	0	0	0	-4	0
	10	3	5	0	0	0	-5	0
	10	4	5	0	0	-1	-3	0
	10	5	5	0	0	1	-6	2
	10	6	5	0	0	0	-3	0
	10	7	5	0	0	-2	-2	0
	10	8	5	0	0	-1	-2	0
	10	9	5	0	0	-3	-2	0
	10	10	5	0	0	-2	-1	0
	10	11	5	0	0	-2	-3	0
	10	12	5	0	0	-1	-1	0
	10	13	5	0	0	-1	-5	2
	10	14	5	0	0	2	-5	0
	10	15	5	0	0	-1	-4	0
	10	16	5	0	0	1	-4	0
	10	17	5	0	0	-2	-4	0
	10	18	5	0	0	1	-3	0
	10	19	5	0	0	-3	-4	3
	10	19	5	0	0	-4	-3	3
	10	20	5	0	0	0	-2	0
	10	21	5	0	0	-3	-3	0
	10	22	5	0	0	0	-1	0
	10	23	5	0	0	-3	-1	0
	10	24	5	0	0	-1	0	0
	10	25	5	0	0	-3	0	0
	10	26	5	0	0	0	0	0
	10	27	5	0	0	-4	0	0
	10	28	5	0	0	-1	2	0
	10	29	5	0	0	-4	-2	0
	10	30	5	0	0	-1	1	0
	10	31	5	0	0	-4	-1	0
	10	32	5	0	0	-2	0	0
	10	33	5	0	0	-5	-1	2
	10	34	5	0	0	-3	1	0
	10	35	5	0	0	-5	0	0
	10	36	5	0	0	-2	1	0
	10	37	5	0	0	-5	1	0
	10	38	5	0	0	-2	2	0
	10	39	5	0	0	-6	1	2
	10	40	5	0	0	-2	4	1
	10	41	5	0	0	-5	2	0
	10	42	5	0	0	-2	4	4
	10	43	5	0	0	-4	1	0
	10	44	5	0	0	-2	3	0
	10	45	5	0	0	-4	2	0
	10	46	5	0	0	-3	4	0
	10	47	5	0	0	-6	2	0
	10	48	5	0	0	-3	6	0
	10	49	5	0	0	-6	3	0
	10	50	5	0	0	-3	5	0
	10	51	5	0	0	-7	4	3
	10	51	5	0	0	-7	3	3
	10	52	5	0	0	-3	3	0
	10	53	5	0	0	-6	4	0
	10	54	5	0	0	-3	2	0
	10	55	5	0	0	-5	3	0
	10	56	5	0	0	-4	3	0
	10	57	5	0	0	-5	4	0
	10	58	5	0	0	-4	7	5
	10	58	5	0	0	-4	6	5
	10	59	5	0	0	-6	5	2
	10	60	5	0	0	-5	6	2
	10	61	5	0	0	-5	5	0
	10	62	5	0	0	-4	5	0
	10	63	5	0	0	-4	4	0
	11	0	6	0	0	4	-7	5
	11	0	6	0	0	4	-6	5
	11	1	6	0	0	5	-6	2
	11	2	6	0	0	4	-4	0
	11	3	6	0	0	5	-5	0
	11	4	6	0	0	4	-3	0
	11	5	6	0	0	4	-5	0
	11	6	6	0	0	3	-3	0
	11	7	6	0	0	5	-4	0
	11	8	6	0	0	3	-2	0
	11	9	6	0	0	6	-4	0
	11	10	6	0	0	3	-1	0
	11	11	6	0	0	4	-2	0
	11	12	6	0	0	2	-1	0
	11	13	6	0	0	5	-2	0
	11	14	6	0	0	3	-5	0
	11	15	6	0	0	5	-3	0
	11	16	6	0	0	3	-4	0
	11	17	6	0	0	6	-5	2
	11	18	6	0	0	2	-3	0
	11	19	6	0	0	7	-3	3
	11	19	6	0	0	7	-4	3
	11	20	6	0	0	2	-2	0
	11	21	6	0	0	6	-3	0
	11	22	6	0	0	2	-4	1
	11	23	6	0	0	4	-1	0
	11	24	6	0	0	1	-1	0
	11	25	6	0	0	3	0	0
	11	26	6	0	0	1	0	0
	11	27	6	0	0	4	0	0
	11	29	6	0	0	6	-2	0
	11	30	6	0	0	0	1	0
	11	31	6	0	0	5	-1	0
	11	32	6	0	0	2	0	0
	11	33	6	0	0	6	-1	2
	11	34	6	0	0	2	1	0
	11	35	6	0	0	5	0	0
	11	36	6	0	0	1	1	0
	11	37	6	0	0	4	1	0
	11	38	6	0	0	0	2	0
	11	39	6	0	0	5	1	2
	11	40	6	0	0	-1	2	4
	11	41	6	0	0	3	2	0
	11	42	6	0	0	-2	4	0
	11	43	6	0	0	3	1	0
	11	44	6	0	0	-1	3	0
	11	45	6	0	0	2	2	0
	11	46	6	0	0	-1	4	0
	11	47	6	0	0	4	2	0
	11	48	6	0	0	-3	6	0
	11	49	6	0	0	3	3	0
	11	50	6	0	0	-2	5	0
	11	51	6	0	0	4	3	3
	11	51	6	0	0	3	4	3
	11	52	6	0	0	0	3	0
	11	53	6	0	0	2	4	0
	11	54	6	0	0	1	2	0
	11	55	6	0	0	2	3	0
	11	56	6	0	0	1	3	0
	11	57	6	0	0	1	4	0
	11	58	6	0	0	-1	5	0
	11	59	6	0	0	1	5	2
	11	60	6	0	0	-2	6	5
	11	60	6	0	0	-3	7	5
	11	61	6	0	0	0	5	0
	11	62	6	0	0	-1	6	2
	11	63	6	0	0	0	4	0
	12	0	6	0	0	-4	6	5
	12	0	6	0	0	-4	7	5
	12	1	6	0	0	-5	6	2
	12	2	6	0	0	-4	4	0
	12	3	6	0	0	-5	5	0
	12	4	6	0	0	-4	3	0
	12	5	6	0	0	-4	5	0
	12	6	6	0	0	-3	3	0
	12	7	6	0	0	-6	5	2
	12	8	6	0	0	-3	2	0
	12	9	6	0	0	-5	4	0
	12	10	6	0	0	-3	1	0
	12	11	6	0	0	-4	2	0
	12	12	6	0	0	-2	1	0
	12	13	6	0	0	-5	2	0
	12	14	6	0	0	-3	5	0
	12	15	6	0	0	-5	3	0
	12	16	6	0	0	-3	4	0
	12	17	6	0	0	-6	4	0
	12	18	6	0	0	-2	3	0
	12	19	6	0	0	-7	4	3
	12	19	6	0	0	-7	3	3
	12	20	6	0	0	-2	2	0
	12	21	6	0	0	-6	3	0
	12	22	6	0	0	-1	2	1
	12	23	6	0	0	-4	1	0
	12	24	6	0	0	-1	1	0
	12	25	6	0	0	-3	0	0
	12	26	6	0	0	-1	0	0
	12	27	6	0	0	-4	0	0
	12	28	6	0	0	0	0	0
	12	29	6	0	0	-6	2	0
	12	30	6	0	0	0	-1	0
	12	31	6	0	0	-5	1	0
	12	32	6	0	0	-2	0	0
	12	33	6	0	0	-6	1	2
	12	34	6	0	0	-2	-1	0
	12	35	6	0	0	-5	0	0
	12	36	6	0	0	-1	-1	0
	12	37	6	0	0	-4	-1	0
	12	38	6	0	0	0	-2	0
	12	39	6	0	0	-5	-1	2
	12	40	6	0	0	1	-2	0
	12	41	6	0	0	-3	-2	0
	12	42	6	0	0	2	-4	4
	12	43	6	0	0	-3	-1	0
	12	44	6	0	0	1	-3	0
	12	45	6	0	0	-2	-2	0
	12	46	6	0	0	1	-4	0
	12	47	6	0	0	-4	-2	0
	12	48	6	0	0	3	-6	0
	12	49	6	0	0	-3	-3	0
	12	50	6	0	0	2	-5	0
	12	51	6	0	0	-4	-3	3
	12	51	6	0	0	-3	-4	3
	12	52	6	0	0	0	-3	0
	12	53	6	0	0	-2	-4	0
	12	54	6	0	0	-1	-2	0
	12	55	6	0	0	-2	-3	0
	12	56	6	0	0	-1	-3	0
	12	57	6	0	0	-1	-4	0
	12	58	6	0	0	1	-5	0
	12	59	6	0	0	-1	-5	2
	12	60	6	0	0	2	-6	5
	12	60	6	0	0	3	-7	5
	12	61	6	0	0	0	-5	0
	12	62	6	0	0	1	-6	2
	12	63	6	0	0	0	-4	0
	13	0	7	0	0	-3	7	5
	13	0	7	0	0	-2	6	5
	13	1	7	0	0	-1	5	0
	13	2	7	0	0	0	4	0
	13	3	7	0	0	0	5	0
	13	4	7	0	0	1	3	0
	13	5	7	0	0	-1	6	2
	13	6	7	0	0	0	3	0
	13	7	7	0	0	2	2	0
	13	8	7	0	0	1	2	0
	13	9	7	0	0	3	2	0
	13	10	7	0	0	2	1	0
	13	11	7	0	0	2	3	0
	13	12	7	0	0	1	1	0
	13	13	7	0	0	1	4	0
	13	14	7	0	0	-2	5	0
	13	15	7	0	0	2	4	0
	13	16	7	0	0	-1	4	0
	13	17	7	0	0	1	5	2
	13	18	7	0	0	-1	3	0
	13	19	7	0	0	4	3	3
	13	19	7	0	0	3	4	3
	13	20	7	0	0	0	2	0
	13	21	7	0	0	3	3	0
	13	22	7	0	0	0	1	0
	13	23	7	0	0	3	1	0
	13	24	7	0	0	1	0	0
	13	25	7	0	0	3	0	0
	13	26	7	0	0	1	-2	1
	13	27	7	0	0	4	0	0
	13	29	7	0	0	4	2	0
	13	30	7	0	0	1	-1	0
	13	31	7	0	0	4	1	0
	13	32	7	0	0	2	0	0
	13	33	7	0	0	5	1	2
	13	34	7	0	0	3	-1	0
	13	35	7	0	0	5	0	0
	13	36	7	0	0	2	-1	0
	13	37	7	0	0	5	-1	0
	13	38	7	0	0	2	-2	0
	13	39	7	0	0	6	-1	2
	13	40	7	0	0	1	-2	4
	13	41	7	0	0	5	-2	0
	13	42	7	0	0	2	-4	0
	13	43	7	0	0	4	-1	0
	13	44	7	0	0	2	-3	0
	13	45	7	0	0	4	-2	0
	13	46	7	0	0	3	-4	0
	13	47	7	0	0	6	-2	0
	13	48	7	0	0	3	-6	0
	13	49	7	0	0	6	-3	0
	13	50	7	0	0	3	-5	0
	13	51	7	0	0	7	-3	3
	13	51	7	0	0	7	-4	3
	13	52	7	0	0	3	-3	0
	13	53	7	0	0	6	-4	0
	13	54	7	0	0	3	-2	0
	13	55	7	0	0	5	-3	0
	13	56	7	0	0	4	-3	0
	13	57	7	0	0	5	-4	0
	13	58	7	0	0	4	-6	5
	13	58	7	0	0	4	-7	5
	13	59	7	0	0	6	-5	2
	13	60	7	0	0	5	-6	2
	13	61	7	0	0	5	-5	0
	13	62	7	0	0	4	-5	0
	13	63	7	0	0	4	-4	0
	14	0	7	0	0	2	-6	5
	14	0	7	0	0	3	-7	5
	14	1	7	0	0	1	-5	0
	14	2	7	0	0	0	-4	0
	14	3	7	0	0	0	-5	0
	14	4	7	0	0	-1	-3	0
	14	5	7	0	0	1	-6	2
	14	6	7	0	0	0	-3	0
	14	7	7	0	0	-2	-2	0
	14	8	7	0	0	-1	-2	0
	14	9	7	0	0	-3	-2	0
	14	10	7	0	0	-2	-1	0
	14	11	7	0	0	-2	-3	0
	14	12	7	0	0	-1	-1	0
	14	13	7	0	0	-1	-5	2
	14	14	7	0	0	2	-5	0
	14	15	7	0	0	-1	-4	0
	14	16	7	0	0	1	-4	0
	14	17	7	0	0	-2	-4	0
	14	18	7	0	0	1	-3	0
	14	19	7	0	0	-3	-4	3
	14	19	7	0	0	-4	-3	3
	14	20	7	0	0	0	-2	0
	14	21	7	0	0	-3	-3	0
	14	22	7	0	0	0	-1	0
	14	23	7	0	0	-3	-1	0
	14	24	7	0	0	-1	0	0
	14	25	7	0	0	-3	0	0
	14	26	7	0	0	0	0	0
	14	27	7	0	0	-4	0	0
	14	28	7	0	0	-1	2	0
	14	29	7	0	0	-4	-2	0
	14	30	7	0	0	-1	1	0
	14	31	7	0	0	-4	-1	0
	14	32	7	0	0	-2	0	0
	14	33	7	0	0	-5	-1	2
	14	34	7	0	0	-3	1	0
	14	35	7	0	0	-5	0	0
	14	36	7	0	0	-2	1	0
	14	37	7	0	0	-5	1	0
	14	38	7	0	0	-2	2	0
	14	39	7	0	0	-6	1	2
	14	40	7	0	0	-2	4	1
	14	41	7	0	0	-5	2	0
	14	42	7	0	0	-2	4	4
	14	43	7	0	0	-4	1	0
	14	44	7	0	0	-2	3	0
	14	45	7	0	0	-4	2	0
	14	46	7	0	0	-3	4	0
	14	47	7	0	0	-6	2	0
	14	48	7	0	0	-3	6	0
	14	49	7	0	0	-6	3	0
	14	50	7	0	0	-3	5	0
	14	51	7	0	0	-7	4	3
	14	51	7	0	0	-7	3	3
	14	52	7	0	0	-3	3	0
	14	53	7	0	0	-6	4	0
	14	54	7	0	0	-3	2	0
	14	55	7	0	0	-5	3	0
	14	56	7	0	0	-4	3	0
	14	57	7	0	0	-5	4	0
	14	58	7	0	0	-4	7	5
	14	58	7	0	0	-4	6	5
	14	59	7	0	0	-6	5	2
	14	60	7	0	0	-5	6	2
	14	61	7	0	0	-5	5	0
	14	62	7	0	0	-4	5	0
	14	63	7	0	0	-4	4	0
	15	0	8	0	0	4	-7	5
	15	0	8	0	0	4	-6	5
	15	1	8	0	0	4	-5	0
	15	2	8	0	0	4	-4	0
	15	3	8	0	0	5	-5	0
	15	4	8	0	0	4	-3	0
	15	5	8	0	0	5	-6	2
	15	6	8	0	0	3	-3	0
	15	7	8	0	0	4	-2	0
	15	8	8	0	0	3	-2	0
	15	9	8	0	0	5	-2	0
	15	10	8	0	0	3	-1	0
	15	11	8	0	0	5	-3	0
	15	12	8	0	0	2	-1	0
	15	13	8	0	0	5	-4	0
	15	14	8	0	0	3	-5	0
	15	15	8	0	0	6	-4	0
	15	16	8	0	0	3	-4	0
	15	17	8	0	0	6	-5	2
	15	18	8	0	0	2	-3	0
	15	19	8	0	0	7	-3	3
	15	19	8	0	0	7	-4	3
	15	20	8	0	0	2	-2	0
	15	21	8	0	0	6	-3	0
	15	22	8	0	0	1	-1	0
	15	23	8	0	0	4	-1	0
	15	24	8	0	0	1	0	0
	15	25	8	0	0	3	0	0
	15	26	8	0	0	-1	2	1
	15	27	8	0	0	4	0	0
	15	29	8	0	0	6	-2	0
	15	30	8	0	0	0	1	0
	15	31	8	0	0	5	-1	0
	15	32	8	0	0	2	0	0
	15	33	8	0	0	6	-1	2
	15	34	8	0	0	2	1	0
	15	35	8	0	0	5	0	0
	15	36	8	0	0	1	1	0
	15	37	8	0	0	4	1	0
	15	38	8	0	0	0	2	0
	15	39	8	0	0	5	1	2
	15	40	8	0	0	-1	2	4
	15	41	8	0	0	3	2	0
	15	42	8	0	0	-2	4	0
	15	43	8	0	0	3	1	0
	15	44	8	0	0	-1	3	0
	15	45	8	0	0	2	2	0
	15	46	8	0	0	-1	4	0
	15	47	8	0	0	4	2	0
	15	48	8	0	0	-3	6	0
	15	49	8	0	0	3	3	0
	15	50	8	0	0	-2	5	0
	15	51	8	0	0	4	3	3
	15	51	8	0	0	3	4	3
	15	52	8	0	0	0	3	0
	15	53	8	0	0	2	4	0
	15	54	8	0	0	1	2	0
	15	55	8	0	0	2	3	0
	15	56	8	0	0	1	3	0
	15	57	8	0	0	1	4	0
	15	58	8	0	0	-2	6	5
	15	58	8	0	0	-3	7	5
	15	59	8	0	0	1	5	2
	15	60	8	0	0	-1	6	2
	15	61	8	0	0	0	5	0
	15	62	8	0	0	-1	5	0
	15	63	8	0	0	0	4	0
	16	0	8	0	0	-4	6	5
	16	0	8	0	0	-4	7	5
	16	1	8	0	0	-4	5	0
	16	2	8	0	0	-4	4	0
	16	3	8	0	0	-5	5	0
	16	4	8	0	0	-4	3	0
	16	5	8	0	0	-5	6	2
	16	6	8	0	0	-3	3	0
	16	7	8	0	0	-4	2	0
	16	8	8	0	0	-3	2	0
	16	9	8	0	0	-5	2	0
	16	10	8	0	0	-3	1	0
	16	11	8	0	0	-5	3	0
	16	12	8	0	0	-2	1	0
	16	13	8	0	0	-6	5	2
	16	14	8	0	0	-3	5	0
	16	15	8	0	0	-5	4	0
	16	16	8	0	0	-3	4	0
	16	17	8	0	0	-6	4	0
	16	18	8	0	0	-2	3	0
	16	19	8	0	0	-7	4	3
	16	19	8	0	0	-7	3	3
	16	20	8	0	0	-2	2	0
	16	21	8	0	0	-6	3	0
	16	22	8	0	0	-1	1	0
	16	23	8	0	0	-4	1	0
	16	24	8	0	0	-1	0	0
	16	25	8	0	0	-3	0	0
	16	26	8	0	0	0	0	0
	16	27	8	0	0	-4	0	0
	16	28	8	0	0	1	-2	0
	16	29	8	0	0	-6	2	0
	16	30	8	0	0	0	-1	0
	16	31	8	0	0	-5	1	0
	16	32	8	0	0	-2	0	0
	16	33	8	0	0	-6	1	2
	16	34	8	0	0	-2	-1	0
	16	35	8	0	0	-5	0	0
	16	36	8	0	0	-1	-1	0
	16	37	8	0	0	-4	-1	0
	16	38	8	0	0	0	-2	0
	16	39	8	0	0	-5	-1	2
	16	40	8	0	0	2	-4	1
	16	41	8	0	0	-3	-2	0
	16	42	8	0	0	2	-4	4
	16	43	8	0	0	-3	-1	0
	16	44	8	0	0	1	-3	0
	16	45	8	0	0	-2	-2	0
	16	46	8	0	0	1	-4	0
	16	47	8	0	0	-4	-2	0
	16	48	8	0	0	3	-6	0
	16	49	8	0	0	-3	-3	0
	16	50	8	0	0	2	-5	0
	16	51	8	0	0	-3	-4	3
	16	51	8	0	0	-4	-3	3
	16	52	8	0	0	0	-3	0
	16	53	8	0	0	-2	-4	0
	16	54	8	0	0	-1	-2	0
	16	55	8	0	0	-2	-3	0
	16	56	8	0	0	-1	-3	0
	16	57	8	0	0	-1	-4	0
	16	58	8	0	0	3	-7	5
	16	58	8	0	0	2	-6	5
	16	59	8	0	0	-1	-5	2
	16	60	8	0	0	1	-6	2
	16	61	8	0	0	0	-5	0
	16	62	8	0	0	1	-5	0
	16	63	8	0	0	0	-4	0
