# SKIROC CHANNEL | LAYER SENSOR_IX SENSOR_IV IX IV TYPE
	1	0	1	0	0	-1	2	1
	1	1	1	0	0	-5	5	0
	1	2	1	0	0	-4	3	0
	1	3	1	0	0	-5	4	0
	1	4	1	0	0	-6	5	2
	1	5	1	0	0	-6	4	0
	1	6	1	0	0	-5	3	0
	1	7	1	0	0	-7	3	3
	1	7	1	0	0	-7	4	3
	1	8	1	0	0	-6	3	0
	1	9	1	0	0	-4	2	0
	1	10	1	0	0	-5	2	0
	1	11	1	0	0	-6	2	0
	1	12	1	0	0	-6	1	5
	1	12	1	0	0	-5	1	5
	1	13	1	0	0	-4	1	0
	1	14	1	0	0	-5	0	0
	1	15	1	0	0	-4	0	0
	1	16	1	0	0	-3	1	0
	1	17	1	0	0	-3	0	0
	1	18	1	0	0	-2	0	0
	1	19	1	0	0	-1	0	0
	1	20	1	0	0	-2	1	0
	1	21	1	0	0	0	0	0
	1	22	1	0	0	-1	1	0
	1	23	1	0	0	0	1	0
	1	24	1	0	0	1	1	0
	1	25	1	0	0	2	1	0
	1	26	1	0	0	3	1	0
	1	27	1	0	0	4	1	0
	1	28	1	0	0	5	1	2
	1	29	1	0	0	4	2	0
	1	30	1	0	0	3	2	0
	1	31	1	0	0	2	2	0
	1	32	1	0	0	1	2	0
	1	33	1	0	0	0	2	0
	1	34	1	0	0	3	3	0
	1	35	1	0	0	-1	2	4
	1	36	1	0	0	2	3	0
	1	37	1	0	0	1	3	0
	1	38	1	0	0	4	3	3
	1	38	1	0	0	3	4	3
	1	39	1	0	0	2	4	0
	1	40	1	0	0	0	3	0
	1	41	1	0	0	1	4	0
	1	42	1	0	0	-2	2	0
	1	43	1	0	0	-1	3	0
	1	44	1	0	0	0	4	0
	1	45	1	0	0	1	5	2
	1	46	1	0	0	0	5	0
	1	47	1	0	0	-1	4	0
	1	48	1	0	0	-1	5	0
	1	49	1	0	0	-2	3	0
	1	50	1	0	0	-1	6	2
	1	51	1	0	0	-2	4	0
	1	52	1	0	0	-2	5	0
	1	53	1	0	0	-2	6	0
	1	54	1	0	0	-3	6	0
	1	55	1	0	0	-3	5	0
	1	56	1	0	0	-3	4	0
	1	57	1	0	0	-3	3	0
	1	58	1	0	0	-4	7	3
	1	58	1	0	0	-3	7	3
	1	59	1	0	0	-4	6	0
	1	60	1	0	0	-4	5	0
	1	61	1	0	0	-5	6	2
	1	62	1	0	0	-4	4	0
	1	63	1	0	0	-3	2	0
	2	0	1	0	0	2	-4	1
	2	1	1	0	0	1	-1	0
	2	2	1	0	0	0	-1	0
	2	3	1	0	0	-1	-1	0
	2	4	1	0	0	1	-2	0
	2	5	1	0	0	-2	-1	0
	2	6	1	0	0	-3	-1	0
	2	7	1	0	0	-4	-1	0
	2	8	1	0	0	0	-2	0
	2	9	1	0	0	-5	-1	2
	2	10	1	0	0	-1	-2	0
	2	11	1	0	0	-2	-2	0
	2	12	1	0	0	-3	-2	0
	2	13	1	0	0	-4	-2	0
	2	14	1	0	0	-4	-3	3
	2	14	1	0	0	-3	-4	3
	2	15	1	0	0	-3	-3	0
	2	16	1	0	0	-2	-3	0
	2	17	1	0	0	-1	-3	0
	2	18	1	0	0	0	-3	0
	2	19	1	0	0	-2	-4	0
	2	20	1	0	0	1	-3	0
	2	21	1	0	0	-1	-4	0
	2	22	1	0	0	0	-4	0
	2	23	1	0	0	-1	-5	2
	2	24	1	0	0	0	-5	0
	2	25	1	0	0	1	-4	0
	2	26	1	0	0	1	-5	0
	2	27	1	0	0	2	-3	0
	2	28	1	0	0	1	-6	2
	2	29	1	0	0	2	-4	4
	2	30	1	0	0	2	-5	0
	2	31	1	0	0	2	-6	0
	2	32	1	0	0	3	-7	3
	2	32	1	0	0	4	-7	3
	2	33	1	0	0	3	-6	0
	2	34	1	0	0	3	-5	0
	2	35	1	0	0	3	-4	0
	2	36	1	0	0	4	-6	0
	2	37	1	0	0	4	-5	0
	2	38	1	0	0	5	-6	2
	2	39	1	0	0	5	-5	0
	2	40	1	0	0	4	-4	0
	2	41	1	0	0	3	-3	0
	2	42	1	0	0	6	-5	2
	2	43	1	0	0	5	-4	0
	2	44	1	0	0	6	-4	0
	2	45	1	0	0	4	-3	0
	2	46	1	0	0	5	-3	0
	2	47	1	0	0	6	-3	0
	2	48	1	0	0	7	-4	3
	2	48	1	0	0	7	-3	3
	2	49	1	0	0	6	-2	0
	2	50	1	0	0	5	-2	0
	2	51	1	0	0	4	-2	0
	2	52	1	0	0	6	-1	2
	2	53	1	0	0	5	-1	0
	2	54	1	0	0	3	-2	0
	2	55	1	0	0	4	-1	0
	2	56	1	0	0	5	0	0
	2	57	1	0	0	4	0	0
	2	58	1	0	0	3	-1	0
	2	59	1	0	0	3	0	0
	2	60	1	0	0	2	0	0
	2	61	1	0	0	2	-1	0
	2	62	1	0	0	1	0	0
	2	63	1	0	0	2	-2	0
	3	0	2	0	0	1	-2	1
	3	1	2	0	0	0	-5	0
	3	2	2	0	0	-1	-3	0
	3	3	2	0	0	-1	-4	0
	3	4	2	0	0	-1	-5	2
	3	5	2	0	0	-2	-4	0
	3	6	2	0	0	-2	-3	0
	3	7	2	0	0	-4	-3	3
	3	7	2	0	0	-3	-4	3
	3	8	2	0	0	-3	-3	0
	3	9	2	0	0	-2	-2	0
	3	10	2	0	0	-3	-2	0
	3	11	2	0	0	-4	-2	0
	3	12	2	0	0	-5	-1	5
	3	12	2	0	0	-4	-1	5
	3	13	2	0	0	-3	-1	0
	3	14	2	0	0	-5	0	0
	3	15	2	0	0	-4	0	0
	3	16	2	0	0	-2	-1	0
	3	17	2	0	0	-3	0	0
	3	18	2	0	0	-2	0	0
	3	19	2	0	0	-1	0	0
	3	20	2	0	0	-1	-1	0
	3	21	2	0	0	0	0	0
	3	22	2	0	0	0	-1	0
	3	23	2	0	0	1	-1	0
	3	24	2	0	0	2	-1	0
	3	25	2	0	0	3	-1	0
	3	26	2	0	0	4	-1	0
	3	27	2	0	0	5	-1	0
	3	28	2	0	0	6	-1	2
	3	29	2	0	0	6	-2	0
	3	30	2	0	0	5	-2	0
	3	31	2	0	0	4	-2	0
	3	32	2	0	0	3	-2	0
	3	33	2	0	0	2	-2	0
	3	34	2	0	0	6	-3	0
	3	35	2	0	0	1	-2	4
	3	36	2	0	0	5	-3	0
	3	37	2	0	0	4	-3	0
	3	38	2	0	0	7	-3	3
	3	38	2	0	0	7	-4	3
	3	39	2	0	0	6	-4	0
	3	40	2	0	0	3	-3	0
	3	41	2	0	0	5	-4	0
	3	42	2	0	0	0	-2	0
	3	43	2	0	0	2	-3	0
	3	44	2	0	0	4	-4	0
	3	45	2	0	0	6	-5	2
	3	46	2	0	0	5	-5	0
	3	47	2	0	0	3	-4	0
	3	48	2	0	0	4	-5	0
	3	49	2	0	0	1	-3	0
	3	50	2	0	0	5	-6	2
	3	51	2	0	0	2	-4	0
	3	52	2	0	0	3	-5	0
	3	53	2	0	0	4	-6	0
	3	54	2	0	0	3	-6	0
	3	55	2	0	0	2	-5	0
	3	56	2	0	0	1	-4	0
	3	57	2	0	0	0	-3	0
	3	58	2	0	0	3	-7	3
	3	58	2	0	0	4	-7	3
	3	59	2	0	0	2	-6	0
	3	60	2	0	0	1	-5	0
	3	61	2	0	0	1	-6	2
	3	62	2	0	0	0	-4	0
	3	63	2	0	0	-1	-2	0
	4	0	2	0	0	-2	4	1
	4	1	2	0	0	0	1	0
	4	2	2	0	0	-1	1	0
	4	3	2	0	0	-2	1	0
	4	4	2	0	0	-1	2	0
	4	5	2	0	0	-3	1	0
	4	6	2	0	0	-4	1	0
	4	7	2	0	0	-5	1	0
	4	8	2	0	0	-2	2	0
	4	9	2	0	0	-6	1	0
	4	10	2	0	0	-3	2	2
	4	11	2	0	0	-4	2	0
	4	12	2	0	0	-5	2	0
	4	13	2	0	0	-6	2	0
	4	14	2	0	0	-7	3	0
	4	14	2	0	0	-7	4	0
	4	15	2	0	0	-6	3	3
	4	16	2	0	0	-5	3	0
	4	17	2	0	0	-4	3	0
	4	18	2	0	0	-3	3	0
	4	19	2	0	0	-6	4	0
	4	20	2	0	0	-2	3	0
	4	21	2	0	0	-5	4	0
	4	22	2	0	0	-4	4	0
	4	23	2	0	0	-6	5	0
	4	24	2	0	0	-5	5	2
	4	25	2	0	0	-3	4	0
	4	26	2	0	0	-4	5	0
	4	27	2	0	0	-1	3	0
	4	28	2	0	0	-5	6	0
	4	29	2	0	0	-2	4	2
	4	30	2	0	0	-3	5	4
	4	31	2	0	0	-4	6	0
	4	32	2	0	0	-4	7	0
	4	32	2	0	0	-3	7	3
	4	33	2	0	0	-3	6	0
	4	34	2	0	0	-2	5	0
	4	35	2	0	0	-1	4	0
	4	36	2	0	0	-2	6	0
	4	37	2	0	0	-1	5	0
	4	38	2	0	0	-1	6	2
	4	39	2	0	0	0	5	2
	4	40	2	0	0	0	4	0
	4	41	2	0	0	0	3	0
	4	42	2	0	0	1	5	0
	4	43	2	0	0	1	4	2
	4	44	2	0	0	2	4	0
	4	45	2	0	0	1	3	0
	4	46	2	0	0	2	3	0
	4	47	2	0	0	3	3	0
	4	48	2	0	0	3	4	0
	4	48	2	0	0	4	3	3
	4	49	2	0	0	4	2	0
	4	50	2	0	0	3	2	0
	4	51	2	0	0	2	2	0
	4	52	2	0	0	5	1	2
	4	53	2	0	0	4	1	0
	4	54	2	0	0	1	2	0
	4	55	2	0	0	3	1	0
	4	56	2	0	0	5	0	0
	4	57	2	0	0	4	0	0
	4	58	2	0	0	2	1	0
	4	59	2	0	0	3	0	0
	4	60	2	0	0	2	0	0
	4	61	2	0	0	1	1	0
	4	62	2	0	0	1	0	0
	4	63	2	0	0	0	2	0
	5	0	3	0	0	-1	2	1
	5	1	3	0	0	-5	5	0
	5	2	3	0	0	-4	3	0
	5	3	3	0	0	-5	4	0
	5	4	3	0	0	-6	5	2
	5	5	3	0	0	-6	4	0
	5	6	3	0	0	-5	3	0
	5	7	3	0	0	-7	3	3
	5	7	3	0	0	-7	4	3
	5	8	3	0	0	-6	3	0
	5	9	3	0	0	-4	2	0
	5	10	3	0	0	-5	2	0
	5	11	3	0	0	-6	2	0
	5	12	3	0	0	-6	1	5
	5	12	3	0	0	-5	1	5
	5	13	3	0	0	-4	1	0
	5	14	3	0	0	-5	0	0
	5	15	3	0	0	-4	0	0
	5	16	3	0	0	-3	1	0
	5	17	3	0	0	-3	0	0
	5	18	3	0	0	-2	0	0
	5	19	3	0	0	-1	0	0
	5	20	3	0	0	-2	1	0
	5	21	3	0	0	0	0	0
	5	22	3	0	0	-1	1	0
	5	23	3	0	0	0	1	0
	5	24	3	0	0	1	1	0
	5	25	3	0	0	2	1	0
	5	26	3	0	0	3	1	0
	5	27	3	0	0	4	1	0
	5	28	3	0	0	5	1	2
	5	29	3	0	0	4	2	0
	5	30	3	0	0	3	2	0
	5	31	3	0	0	2	2	0
	5	32	3	0	0	1	2	0
	5	33	3	0	0	0	2	0
	5	34	3	0	0	3	3	0
	5	35	3	0	0	-1	2	4
	5	36	3	0	0	2	3	0
	5	37	3	0	0	1	3	0
	5	38	3	0	0	4	3	3
	5	38	3	0	0	3	4	3
	5	39	3	0	0	2	4	0
	5	40	3	0	0	0	3	0
	5	41	3	0	0	1	4	0
	5	42	3	0	0	-2	2	0
	5	43	3	0	0	-1	3	0
	5	44	3	0	0	0	4	0
	5	45	3	0	0	1	5	2
	5	46	3	0	0	0	5	0
	5	47	3	0	0	-1	4	0
	5	48	3	0	0	-1	5	0
	5	49	3	0	0	-2	3	0
	5	50	3	0	0	-1	6	2
	5	51	3	0	0	-2	4	0
	5	52	3	0	0	-2	5	0
	5	53	3	0	0	-2	6	0
	5	54	3	0	0	-3	6	0
	5	55	3	0	0	-3	5	0
	5	56	3	0	0	-3	4	0
	5	57	3	0	0	-3	3	0
	5	58	3	0	0	-4	7	3
	5	58	3	0	0	-3	7	3
	5	59	3	0	0	-4	6	0
	5	60	3	0	0	-4	5	0
	5	61	3	0	0	-5	6	2
	5	62	3	0	0	-4	4	0
	5	63	3	0	0	-3	2	0
	6	0	3	0	0	2	-4	1
	6	1	3	0	0	1	-1	0
	6	2	3	0	0	0	-1	0
	6	3	3	0	0	-1	-1	0
	6	4	3	0	0	1	-2	0
	6	5	3	0	0	-2	-1	0
	6	6	3	0	0	-3	-1	0
	6	7	3	0	0	-4	-1	0
	6	8	3	0	0	0	-2	0
	6	9	3	0	0	-5	-1	2
	6	10	3	0	0	-1	-2	0
	6	11	3	0	0	-2	-2	0
	6	12	3	0	0	-3	-2	0
	6	13	3	0	0	-4	-2	0
	6	14	3	0	0	-4	-3	3
	6	14	3	0	0	-3	-4	3
	6	15	3	0	0	-3	-3	0
	6	16	3	0	0	-2	-3	0
	6	17	3	0	0	-1	-3	0
	6	18	3	0	0	0	-3	0
	6	19	3	0	0	-2	-4	0
	6	20	3	0	0	1	-3	0
	6	21	3	0	0	-1	-4	0
	6	22	3	0	0	0	-4	0
	6	23	3	0	0	-1	-5	2
	6	24	3	0	0	0	-5	0
	6	25	3	0	0	1	-4	0
	6	26	3	0	0	1	-5	0
	6	27	3	0	0	2	-3	0
	6	28	3	0	0	1	-6	2
	6	29	3	0	0	2	-4	4
	6	30	3	0	0	2	-5	0
	6	31	3	0	0	2	-6	0
	6	32	3	0	0	3	-7	3
	6	32	3	0	0	4	-7	3
	6	33	3	0	0	3	-6	0
	6	34	3	0	0	3	-5	0
	6	35	3	0	0	3	-4	0
	6	36	3	0	0	4	-6	0
	6	37	3	0	0	4	-5	0
	6	38	3	0	0	5	-6	2
	6	39	3	0	0	5	-5	0
	6	40	3	0	0	4	-4	0
	6	41	3	0	0	3	-3	0
	6	42	3	0	0	6	-5	2
	6	43	3	0	0	5	-4	0
	6	44	3	0	0	6	-4	0
	6	45	3	0	0	4	-3	0
	6	46	3	0	0	5	-3	0
	6	47	3	0	0	6	-3	0
	6	48	3	0	0	7	-4	3
	6	48	3	0	0	7	-3	3
	6	49	3	0	0	6	-2	0
	6	50	3	0	0	5	-2	0
	6	51	3	0	0	4	-2	0
	6	52	3	0	0	6	-1	2
	6	53	3	0	0	5	-1	0
	6	54	3	0	0	3	-2	0
	6	55	3	0	0	4	-1	0
	6	56	3	0	0	5	0	0
	6	57	3	0	0	4	0	0
	6	58	3	0	0	3	-1	0
	6	59	3	0	0	3	0	0
	6	60	3	0	0	2	0	0
	6	61	3	0	0	2	-1	0
	6	62	3	0	0	1	0	0
	6	63	3	0	0	2	-2	0
	7	0	4	0	0	1	-2	1
	7	1	4	0	0	0	-5	0
	7	2	4	0	0	-1	-3	0
	7	3	4	0	0	-1	-4	0
	7	4	4	0	0	-1	-5	2
	7	5	4	0	0	-2	-4	0
	7	6	4	0	0	-2	-3	0
	7	7	4	0	0	-4	-3	3
	7	7	4	0	0	-3	-4	3
	7	8	4	0	0	-3	-3	0
	7	9	4	0	0	-2	-2	0
	7	10	4	0	0	-3	-2	0
	7	11	4	0	0	-4	-2	0
	7	12	4	0	0	-5	-1	5
	7	12	4	0	0	-4	-1	5
	7	13	4	0	0	-3	-1	0
	7	14	4	0	0	-5	0	0
	7	15	4	0	0	-4	0	0
	7	16	4	0	0	-2	-1	0
	7	17	4	0	0	-3	0	0
	7	18	4	0	0	-2	0	0
	7	19	4	0	0	-1	0	0
	7	20	4	0	0	-1	-1	0
	7	21	4	0	0	0	0	0
	7	22	4	0	0	0	-1	0
	7	23	4	0	0	1	-1	0
	7	24	4	0	0	2	-1	0
	7	25	4	0	0	3	-1	0
	7	26	4	0	0	4	-1	0
	7	27	4	0	0	5	-1	0
	7	28	4	0	0	6	-1	2
	7	29	4	0	0	6	-2	0
	7	30	4	0	0	5	-2	0
	7	31	4	0	0	4	-2	0
	7	32	4	0	0	3	-2	0
	7	33	4	0	0	2	-2	0
	7	34	4	0	0	6	-3	0
	7	35	4	0	0	1	-2	4
	7	36	4	0	0	5	-3	0
	7	37	4	0	0	4	-3	0
	7	38	4	0	0	7	-3	3
	7	38	4	0	0	7	-4	3
	7	39	4	0	0	6	-4	0
	7	40	4	0	0	3	-3	0
	7	41	4	0	0	5	-4	0
	7	42	4	0	0	0	-2	0
	7	43	4	0	0	2	-3	0
	7	44	4	0	0	4	-4	0
	7	45	4	0	0	6	-5	2
	7	46	4	0	0	5	-5	0
	7	47	4	0	0	3	-4	0
	7	48	4	0	0	4	-5	0
	7	49	4	0	0	1	-3	0
	7	50	4	0	0	5	-6	2
	7	51	4	0	0	2	-4	0
	7	52	4	0	0	3	-5	0
	7	53	4	0	0	4	-6	0
	7	54	4	0	0	3	-6	0
	7	55	4	0	0	2	-5	0
	7	56	4	0	0	1	-4	0
	7	57	4	0	0	0	-3	0
	7	58	4	0	0	3	-7	3
	7	58	4	0	0	4	-7	3
	7	59	4	0	0	2	-6	0
	7	60	4	0	0	1	-5	0
	7	61	4	0	0	1	-6	2
	7	62	4	0	0	0	-4	0
	7	63	4	0	0	-1	-2	0
	8	0	4	0	0	-2	4	1
	8	1	4	0	0	0	1	0
	8	2	4	0	0	-1	1	0
	8	3	4	0	0	-2	1	0
	8	4	4	0	0	-1	2	0
	8	5	4	0	0	-3	1	0
	8	6	4	0	0	-4	1	0
	8	7	4	0	0	-5	1	0
	8	8	4	0	0	-2	2	0
	8	9	4	0	0	-6	1	0
	8	10	4	0	0	-3	2	2
	8	11	4	0	0	-4	2	0
	8	12	4	0	0	-5	2	0
	8	13	4	0	0	-6	2	0
	8	14	4	0	0	-7	3	0
	8	14	4	0	0	-7	4	0
	8	15	4	0	0	-6	3	3
	8	16	4	0	0	-5	3	0
	8	17	4	0	0	-4	3	0
	8	18	4	0	0	-3	3	0
	8	19	4	0	0	-6	4	0
	8	20	4	0	0	-2	3	0
	8	21	4	0	0	-5	4	0
	8	22	4	0	0	-4	4	0
	8	23	4	0	0	-6	5	0
	8	24	4	0	0	-5	5	2
	8	25	4	0	0	-3	4	0
	8	26	4	0	0	-4	5	0
	8	27	4	0	0	-1	3	0
	8	28	4	0	0	-5	6	0
	8	29	4	0	0	-2	4	2
	8	30	4	0	0	-3	5	4
	8	31	4	0	0	-4	6	0
	8	32	4	0	0	-4	7	0
	8	32	4	0	0	-3	7	3
	8	33	4	0	0	-3	6	0
	8	34	4	0	0	-2	5	0
	8	35	4	0	0	-1	4	0
	8	36	4	0	0	-2	6	0
	8	37	4	0	0	-1	5	0
	8	38	4	0	0	-1	6	2
	8	39	4	0	0	0	5	2
	8	40	4	0	0	0	4	0
	8	41	4	0	0	0	3	0
	8	42	4	0	0	1	5	0
	8	43	4	0	0	1	4	2
	8	44	4	0	0	2	4	0
	8	45	4	0	0	1	3	0
	8	46	4	0	0	2	3	0
	8	47	4	0	0	3	3	0
	8	48	4	0	0	3	4	0
	8	48	4	0	0	4	3	3
	8	49	4	0	0	4	2	0
	8	50	4	0	0	3	2	0
	8	51	4	0	0	2	2	0
	8	52	4	0	0	5	1	2
	8	53	4	0	0	4	1	0
	8	54	4	0	0	1	2	0
	8	55	4	0	0	3	1	0
	8	56	4	0	0	5	0	0
	8	57	4	0	0	4	0	0
	8	58	4	0	0	2	1	0
	8	59	4	0	0	3	0	0
	8	60	4	0	0	2	0	0
	8	61	4	0	0	1	1	0
	8	62	4	0	0	1	0	0
	8	63	4	0	0	0	2	0
