SCHEME_CODE 0
# CODE  LAYER SENSOR_IX SENSOR_IV  IX  IV TYPE  VALUE
 0 1 0 0 4 -7  3 231.493
 0 1 0 0 5 -6  2 234.08
 0 1 0 0 4 -4  0 231.24
 0 1 0 0 5 -5  0 235.28
 0 1 0 0 4 -3  0 233.827
 0 1 0 0 4 -5  0 240.513
 0 1 0 0 3 -3  0 234.72
 0 1 0 0 5 -4  0 233.367
 0 1 0 0 3 -2  0 231.113
 0 1 0 0 6 -4  0 231.813
 0 1 0 0 3 -1  0 235.173
 0 1 0 0 4 -2  0 238.313
 0 1 0 0 2 -1  0 231.793
 0 1 0 0 5 -2  0 235.78
 0 1 0 0 3 -5  0 228.52
 0 1 0 0 5 -3  0 233.593
 0 1 0 0 3 -4  0 232.767
 0 1 0 0 6 -5  2 234.727
 0 1 0 0 2 -3  0 229.153
 0 1 0 0 7 -3  3 235.687
 0 1 0 0 2 -2  0 231.927
 0 1 0 0 6 -3  0 234.067
 0 1 0 0 2 -4  1 233.26
 0 1 0 0 4 -1  0 227.547
 0 1 0 0 1 -1  0 232.353
 0 1 0 0 3 0  0 237.893
 0 1 0 0 1 0  0 232.56
 0 1 0 0 4 0  0 232.133
 0 1 0 0 6 -2  0 231.047
 0 1 0 0 0 1  0 229.067
 0 1 0 0 5 -1  0 234.993
 0 1 0 0 2 0  0 233.673
 0 1 0 0 6 -1  2 230.473
 0 1 0 0 2 1  0 233.467
 0 1 0 0 5 0  0 234.313
 0 1 0 0 1 1  0 230.927
 0 1 0 0 4 1  0 230.42
 0 1 0 0 0 2  0 229.373
 0 1 0 0 5 1  2 230.913
 0 1 0 0 -1 2  4 235.493
 0 1 0 0 3 2  0 229.94
 0 1 0 0 -2 4  0 232.007
 0 1 0 0 3 1  0 228.573
 0 1 0 0 -1 3  0 231.42
 0 1 0 0 2 2  0 227.84
 0 1 0 0 -1 4  0 231.387
 0 1 0 0 4 2  0 240.467
 0 1 0 0 -3 6  0 224.96
 0 1 0 0 3 3  0 236.16
 0 1 0 0 -2 5  0 236.487
 0 1 0 0 4 3  3 233.04
 0 1 0 0 0 3  0 233.613
 0 1 0 0 2 4  0 235.34
 0 1 0 0 1 2  0 236.54
 0 1 0 0 2 3  0 234.753
 0 1 0 0 1 3  0 234.233
 0 1 0 0 1 4  0 238.78
 0 1 0 0 -1 5  0 237.207
 0 1 0 0 1 5  2 231.413
 0 1 0 0 -2 6  3 238.413
 0 1 0 0 0 5  0 230.613
 0 1 0 0 -1 6  2 230.067
 0 1 0 0 0 4  0 228.847
 0 1 0 0 -4 6  3 224.74
 0 1 0 0 -5 6  2 229.42
 0 1 0 0 -4 4  0 221.887
 0 1 0 0 -5 5  0 221.407
 0 1 0 0 -4 3  0 218.107
 0 1 0 0 -4 5  0 221.127
 0 1 0 0 -3 3  0 223.187
 0 1 0 0 -6 5  2 218.047
 0 1 0 0 -3 2  0 223.393
 0 1 0 0 -5 4  0 224.333
 0 1 0 0 -3 1  0 223.233
 0 1 0 0 -4 2  0 221.527
 0 1 0 0 -2 1  0 229.02
 0 1 0 0 -5 2  0 222.953
 0 1 0 0 -3 5  0 216.9
 0 1 0 0 -5 3  0 224.347
 0 1 0 0 -3 4  0 220.067
 0 1 0 0 -6 4  0 220.287
 0 1 0 0 -2 3  0 216.22
 0 1 0 0 -7 4  3 225.74
 0 1 0 0 -2 2  0 221.147
 0 1 0 0 -6 3  0 220.627
 0 1 0 0 -1 2  1 215.587
 0 1 0 0 -4 1  0 221.133
 0 1 0 0 -1 1  0 221.673
 0 1 0 0 -3 0  0 222.107
 0 1 0 0 -1 0  0 225.473
 0 1 0 0 -4 0  0 219.607
 0 1 0 0 0 0  0 219.747
 0 1 0 0 -6 2  0 220.067
 0 1 0 0 0 -1  0 224.033
 0 1 0 0 -5 1  0 227.407
 0 1 0 0 -2 0  0 227.293
 0 1 0 0 -6 1  2 220.407
 0 1 0 0 -2 -1  0 221.987
 0 1 0 0 -5 0  0 223.933
 0 1 0 0 -1 -1  0 224.94
 0 1 0 0 -4 -1  0 222.293
 0 1 0 0 0 -2  0 216.253
 0 1 0 0 -5 -1  2 217.68
 0 1 0 0 1 -2  0 223.333
 0 1 0 0 -3 -2  0 218.227
 0 1 0 0 2 -4  4 220.653
 0 1 0 0 -3 -1  0 225.553
 0 1 0 0 1 -3  0 220.3
 0 1 0 0 -2 -2  0 225.72
 0 1 0 0 1 -4  0 221.973
 0 1 0 0 -4 -2  0 224.04
 0 1 0 0 3 -6  0 218.893
 0 1 0 0 -3 -3  0 218.447
 0 1 0 0 2 -5  0 219.14
 0 1 0 0 -4 -3  3 221.973
 0 1 0 0 0 -3  0 221.373
 0 1 0 0 -2 -4  0 219.8
 0 1 0 0 -1 -2  0 224.58
 0 1 0 0 -2 -3  0 216.787
 0 1 0 0 -1 -3  0 217.72
 0 1 0 0 -1 -4  0 222.733
 0 1 0 0 1 -5  0 221.32
 0 1 0 0 -1 -5  2 224.953
 0 1 0 0 2 -6  3 222.133
 0 1 0 0 0 -5  0 223.753
 0 1 0 0 1 -6  2 217.187
 0 1 0 0 0 -4  0 228.533
 0 2 0 0 4 -7  3 1439
 0 2 0 0 5 -6  2 253.58
 0 2 0 0 4 -4  0 251.593
 0 2 0 0 5 -5  0 246.393
 0 2 0 0 4 -3  0 257.387
 0 2 0 0 4 -5  0 251.453
 0 2 0 0 3 -3  0 253.007
 0 2 0 0 5 -4  0 247.607
 0 2 0 0 3 -2  0 247.8
 0 2 0 0 6 -4  0 256.293
 0 2 0 0 3 -1  0 249.58
 0 2 0 0 4 -2  0 252.347
 0 2 0 0 2 -1  0 254.933
 0 2 0 0 5 -2  0 251.76
 0 2 0 0 3 -5  0 261.533
 0 2 0 0 5 -3  0 257.54
 0 2 0 0 3 -4  0 251.153
 0 2 0 0 6 -5  2 253.907
 0 2 0 0 2 -3  0 259.033
 0 2 0 0 7 -3  3 257.64
 0 2 0 0 2 -2  0 255.187
 0 2 0 0 6 -3  0 250.72
 0 2 0 0 2 -4  1 248.367
 0 2 0 0 4 -1  0 253.98
 0 2 0 0 1 -1  0 250.267
 0 2 0 0 3 0  0 255.107
 0 2 0 0 1 0  0 253.227
 0 2 0 0 4 0  0 252.8
 0 2 0 0 6 -2  0 255.613
 0 2 0 0 0 1  0 258.087
 0 2 0 0 5 -1  0 254.587
 0 2 0 0 2 0  0 246.867
 0 2 0 0 6 -1  2 243.473
 0 2 0 0 2 1  0 250.72
 0 2 0 0 5 0  0 252.493
 0 2 0 0 1 1  0 254.647
 0 2 0 0 4 1  0 250.667
 0 2 0 0 0 2  0 255.693
 0 2 0 0 5 1  2 255.253
 0 2 0 0 -1 2  4 252.373
 0 2 0 0 3 2  0 252.38
 0 2 0 0 -2 4  0 258.793
 0 2 0 0 3 1  0 252.167
 0 2 0 0 -1 3  0 254.94
 0 2 0 0 2 2  0 246.153
 0 2 0 0 -1 4  0 251.74
 0 2 0 0 4 2  0 259.48
 0 2 0 0 -3 6  0 252.713
 0 2 0 0 3 3  0 252.473
 0 2 0 0 -2 5  0 250.447
 0 2 0 0 4 3  3 250.493
 0 2 0 0 0 3  0 259
 0 2 0 0 2 4  0 256.973
 0 2 0 0 1 2  0 252.2
 0 2 0 0 2 3  0 249.847
 0 2 0 0 1 3  0 250.58
 0 2 0 0 1 4  0 251.287
 0 2 0 0 -1 5  0 251.8
 0 2 0 0 1 5  2 255.547
 0 2 0 0 -2 6  3 248.293
 0 2 0 0 0 5  0 254.653
 0 2 0 0 -1 6  2 255.3
 0 2 0 0 0 4  0 253.213
 0 2 0 0 -4 6  3 241.62
 0 2 0 0 -5 6  2 238.967
 0 2 0 0 -4 4  0 239.44
 0 2 0 0 -5 5  0 241.86
 0 2 0 0 -4 3  0 236.727
 0 2 0 0 -4 5  0 241.76
 0 2 0 0 -3 3  0 243.593
 0 2 0 0 -6 5  2 239.18
 0 2 0 0 -3 2  0 245.087
 0 2 0 0 -5 4  0 242.6
 0 2 0 0 -3 1  0 249.38
 0 2 0 0 -4 2  0 242.173
 0 2 0 0 -2 1  0 244.293
 0 2 0 0 -5 2  0 238.507
 0 2 0 0 -3 5  0 247.647
 0 2 0 0 -5 3  0 241.28
 0 2 0 0 -3 4  0 242.927
 0 2 0 0 -6 4  0 238.58
 0 2 0 0 -2 3  0 243.007
 0 2 0 0 -7 4  3 240.453
 0 2 0 0 -2 2  0 241.947
 0 2 0 0 -6 3  0 246.987
 0 2 0 0 -1 2  1 249.307
 0 2 0 0 -4 1  0 245.96
 0 2 0 0 -1 1  0 246.033
 0 2 0 0 -3 0  0 244.067
 0 2 0 0 -1 0  0 239.567
 0 2 0 0 -4 0  0 240.687
 0 2 0 0 0 0  0 235.947
 0 2 0 0 -6 2  0 241.133
 0 2 0 0 0 -1  0 241.453
 0 2 0 0 -5 1  0 240.3
 0 2 0 0 -2 0  0 243.627
 0 2 0 0 -6 1  2 234.7
 0 2 0 0 -2 -1  0 239.607
 0 2 0 0 -5 0  0 245.26
 0 2 0 0 -1 -1  0 243.927
 0 2 0 0 -4 -1  0 245.607
 0 2 0 0 0 -2  0 242.48
 0 2 0 0 -5 -1  2 242.193
 0 2 0 0 1 -2  0 238.867
 0 2 0 0 -3 -2  0 237.687
 0 2 0 0 2 -4  4 245
 0 2 0 0 -3 -1  0 239.373
 0 2 0 0 1 -3  0 245.927
 0 2 0 0 -2 -2  0 241.073
 0 2 0 0 1 -4  0 240.52
 0 2 0 0 -4 -2  0 239.92
 0 2 0 0 3 -6  0 238.627
 0 2 0 0 -3 -3  0 241.9
 0 2 0 0 2 -5  0 241.987
 0 2 0 0 -4 -3  3 241.773
 0 2 0 0 0 -3  0 240.74
 0 2 0 0 -2 -4  0 243.047
 0 2 0 0 -1 -2  0 239.22
 0 2 0 0 -2 -3  0 240.907
 0 2 0 0 -1 -3  0 239.34
 0 2 0 0 -1 -4  0 249.133
 0 2 0 0 1 -5  0 244.013
 0 2 0 0 -1 -5  2 243.513
 0 2 0 0 2 -6  3 249.8
 0 2 0 0 0 -5  0 242.607
 0 2 0 0 1 -6  2 245.127
 0 2 0 0 0 -4  0 238.667
 0 3 0 0 4 -7  3 1439
 0 3 0 0 4 -5  0 228.287
 0 3 0 0 4 -4  0 235.713
 0 3 0 0 5 -5  0 226.933
 0 3 0 0 4 -3  0 232.633
 0 3 0 0 5 -6  2 231.307
 0 3 0 0 3 -3  0 226.687
 0 3 0 0 4 -2  0 230.713
 0 3 0 0 3 -2  0 233.04
 0 3 0 0 5 -2  0 232.867
 0 3 0 0 3 -1  0 228.64
 0 3 0 0 5 -3  0 231.213
 0 3 0 0 2 -1  0 232.153
 0 3 0 0 5 -4  0 229.773
 0 3 0 0 3 -5  0 234.213
 0 3 0 0 6 -4  0 233.02
 0 3 0 0 3 -4  0 228.067
 0 3 0 0 6 -5  2 240.267
 0 3 0 0 2 -3  0 222.92
 0 3 0 0 7 -3  3 227.767
 0 3 0 0 2 -2  0 233.787
 0 3 0 0 6 -3  0 232.893
 0 3 0 0 1 -1  0 232.58
 0 3 0 0 4 -1  0 234.313
 0 3 0 0 1 0  0 232.307
 0 3 0 0 3 0  0 230.153
 0 3 0 0 -1 2  1 234.967
 0 3 0 0 4 0  0 228.353
 0 3 0 0 6 -2  0 231.48
 0 3 0 0 0 1  0 235.087
 0 3 0 0 5 -1  0 233.147
 0 3 0 0 2 0  0 231.353
 0 3 0 0 6 -1  2 235.9
 0 3 0 0 2 1  0 234.013
 0 3 0 0 5 0  0 227.093
 0 3 0 0 1 1  0 230.307
 0 3 0 0 4 1  0 232.96
 0 3 0 0 0 2  0 229.993
 0 3 0 0 5 1  2 228.513
 0 3 0 0 -1 2  4 233.607
 0 3 0 0 3 2  0 231.287
 0 3 0 0 -2 4  0 225.347
 0 3 0 0 3 1  0 227.293
 0 3 0 0 -1 3  0 230.253
 0 3 0 0 2 2  0 234.58
 0 3 0 0 -1 4  0 236.433
 0 3 0 0 4 2  0 234.833
 0 3 0 0 -3 6  0 236.227
 0 3 0 0 3 3  0 232.947
 0 3 0 0 -2 5  0 240.32
 0 3 0 0 4 3  3 233.72
 0 3 0 0 0 3  0 229.573
 0 3 0 0 2 4  0 230.973
 0 3 0 0 1 2  0 234.027
 0 3 0 0 2 3  0 237.553
 0 3 0 0 1 3  0 234.18
 0 3 0 0 1 4  0 234.58
 0 3 0 0 -2 6  3 231.68
 0 3 0 0 1 5  2 227.18
 0 3 0 0 -1 6  2 228.553
 0 3 0 0 0 5  0 233.66
 0 3 0 0 -1 5  0 233.94
 0 3 0 0 0 4  0 229.967
 0 3 0 0 -4 6  3 235.673
 0 3 0 0 -4 5  0 230.613
 0 3 0 0 -4 4  0 232.993
 0 3 0 0 -5 5  0 232.613
 0 3 0 0 -4 3  0 232.653
 0 3 0 0 -5 6  2 228.5
 0 3 0 0 -3 3  0 236.3
 0 3 0 0 -4 2  0 233.82
 0 3 0 0 -3 2  0 234.54
 0 3 0 0 -5 2  0 235.84
 0 3 0 0 -3 1  0 230.187
 0 3 0 0 -5 3  0 235.147
 0 3 0 0 -2 1  0 238.86
 0 3 0 0 -6 5  2 230.02
 0 3 0 0 -3 5  0 232.833
 0 3 0 0 -5 4  0 236.96
 0 3 0 0 -3 4  0 235.193
 0 3 0 0 -6 4  0 240.047
 0 3 0 0 -2 3  0 228.32
 0 3 0 0 -7 4  3 235.353
 0 3 0 0 -2 2  0 231.64
 0 3 0 0 -6 3  0 229.64
 0 3 0 0 -1 1  0 233.5
 0 3 0 0 -4 1  0 238.273
 0 3 0 0 -1 0  0 232.047
 0 3 0 0 -3 0  0 237.753
 0 3 0 0 0 0  0 228.9
 0 3 0 0 -4 0  0 232.953
 0 3 0 0 1 -2  0 229.587
 0 3 0 0 -6 2  0 240.84
 0 3 0 0 0 -1  0 230.36
 0 3 0 0 -5 1  0 233.42
 0 3 0 0 -2 0  0 228.613
 0 3 0 0 -6 1  2 229.42
 0 3 0 0 -2 -1  0 232.873
 0 3 0 0 -5 0  0 238.627
 0 3 0 0 -1 -1  0 236.193
 0 3 0 0 -4 -1  0 235.787
 0 3 0 0 0 -2  0 233.467
 0 3 0 0 -5 -1  2 231.547
 0 3 0 0 2 -4  1 235.407
 0 3 0 0 -3 -2  0 234.207
 0 3 0 0 2 -4  4 235.38
 0 3 0 0 -3 -1  0 231.1
 0 3 0 0 1 -3  0 232.053
 0 3 0 0 -2 -2  0 225.207
 0 3 0 0 1 -4  0 232.373
 0 3 0 0 -4 -2  0 229.913
 0 3 0 0 3 -6  0 230.7
 0 3 0 0 -3 -3  0 238.227
 0 3 0 0 2 -5  0 230.987
 0 3 0 0 -3 -4  3 234.54
 0 3 0 0 0 -3  0 232.387
 0 3 0 0 -2 -4  0 225.273
 0 3 0 0 -1 -2  0 231.247
 0 3 0 0 -2 -3  0 229.62
 0 3 0 0 -1 -3  0 232.747
 0 3 0 0 -1 -4  0 231.62
 0 3 0 0 3 -7  3 229.593
 0 3 0 0 -1 -5  2 235.933
 0 3 0 0 1 -6  2 240.647
 0 3 0 0 0 -5  0 230.2
 0 3 0 0 1 -5  0 233.887
 0 3 0 0 0 -4  0 230.593
 0 4 0 0 4 -7  3 1439
 0 4 0 0 4 -5  0 245.604
 0 4 0 0 4 -4  0 239.456
 0 4 0 0 5 -5  0 240.919
 0 4 0 0 4 -3  0 234.946
 0 4 0 0 5 -6  2 246.477
 0 4 0 0 3 -3  0 237.946
 0 4 0 0 4 -2  0 246.047
 0 4 0 0 3 -2  0 245.53
 0 4 0 0 5 -2  0 242.181
 0 4 0 0 3 -1  0 240.946
 0 4 0 0 5 -3  0 243.953
 0 4 0 0 2 -1  0 244.362
 0 4 0 0 5 -4  0 242.799
 0 4 0 0 3 -5  0 241.141
 0 4 0 0 6 -4  0 236.054
 0 4 0 0 3 -4  0 241.49
 0 4 0 0 6 -5  2 243.43
 0 4 0 0 2 -3  0 245.376
 0 4 0 0 7 -3  3 243.376
 0 4 0 0 2 -2  0 247.409
 0 4 0 0 6 -3  0 237.913
 0 4 0 0 1 -1  0 242.248
 0 4 0 0 4 -1  0 246.503
 0 4 0 0 1 0  0 243.839
 0 4 0 0 3 0  0 243.201
 0 4 0 0 -1 2  1 243.919
 0 4 0 0 4 0  0 241.819
 0 4 0 0 6 -2  0 244.577
 0 4 0 0 0 1  0 241.591
 0 4 0 0 5 -1  0 242.067
 0 4 0 0 2 0  0 242.221
 0 4 0 0 6 -1  2 245.336
 0 4 0 0 2 1  0 243.262
 0 4 0 0 5 0  0 238.248
 0 4 0 0 1 1  0 242.416
 0 4 0 0 4 1  0 244.691
 0 4 0 0 0 2  0 242.826
 0 4 0 0 5 1  2 240.846
 0 4 0 0 -1 2  4 238.483
 0 4 0 0 3 2  0 239.161
 0 4 0 0 -2 4  0 240.624
 0 4 0 0 3 1  0 241.678
 0 4 0 0 -1 3  0 241.013
 0 4 0 0 2 2  0 234.134
 0 4 0 0 -1 4  0 236.054
 0 4 0 0 4 2  0 243.148
 0 4 0 0 -3 6  0 242.577
 0 4 0 0 3 3  0 241.45
 0 4 0 0 -2 5  0 234.651
 0 4 0 0 4 3  3 240.369
 0 4 0 0 0 3  0 238.732
 0 4 0 0 2 4  0 236.691
 0 4 0 0 1 2  0 241.772
 0 4 0 0 2 3  0 239.671
 0 4 0 0 1 3  0 238.04
 0 4 0 0 1 4  0 245.812
 0 4 0 0 -2 6  3 242.544
 0 4 0 0 1 5  2 241.98
 0 4 0 0 -1 6  2 242.342
 0 4 0 0 0 5  0 241.154
 0 4 0 0 -1 5  0 241.477
 0 4 0 0 0 4  0 237.839
 0 4 0 0 -4 6  3 242.772
 0 4 0 0 -4 5  0 235.228
 0 4 0 0 -4 4  0 242.94
 0 4 0 0 -5 5  0 248.383
 0 4 0 0 -4 3  0 235.913
 0 4 0 0 -5 6  2 238.349
 0 4 0 0 -3 3  0 244.973
 0 4 0 0 -4 2  0 237.577
 0 4 0 0 -3 2  0 236.322
 0 4 0 0 -5 2  0 239.289
 0 4 0 0 -3 1  0 243.852
 0 4 0 0 -5 3  0 243.523
 0 4 0 0 -2 1  0 239.302
 0 4 0 0 -6 5  2 238.765
 0 4 0 0 -3 5  0 238.45
 0 4 0 0 -5 4  0 246.074
 0 4 0 0 -3 4  0 232.886
 0 4 0 0 -6 4  0 236.503
 0 4 0 0 -2 3  0 239.02
 0 4 0 0 -7 4  3 243.591
 0 4 0 0 -2 2  0 238.456
 0 4 0 0 -6 3  0 235.423
 0 4 0 0 -1 1  0 235.98
 0 4 0 0 -4 1  0 240.544
 0 4 0 0 -1 0  0 238.966
 0 4 0 0 -3 0  0 238.282
 0 4 0 0 0 0  0 241.987
 0 4 0 0 -4 0  0 240.906
 0 4 0 0 1 -2  0 241.678
 0 4 0 0 -6 2  0 234.799
 0 4 0 0 0 -1  0 241.738
 0 4 0 0 -5 1  0 237.094
 0 4 0 0 -2 0  0 235.081
 0 4 0 0 -6 1  2 234.732
 0 4 0 0 -2 -1  0 243.403
 0 4 0 0 -5 0  0 236.094
 0 4 0 0 -1 -1  0 243.906
 0 4 0 0 -4 -1  0 236.973
 0 4 0 0 0 -2  0 238.698
 0 4 0 0 -5 -1  2 238.785
 0 4 0 0 2 -4  1 236.765
 0 4 0 0 -3 -2  0 237.463
 0 4 0 0 2 -4  4 240.638
 0 4 0 0 -3 -1  0 235.148
 0 4 0 0 1 -3  0 239.886
 0 4 0 0 -2 -2  0 239.852
 0 4 0 0 1 -4  0 247.141
 0 4 0 0 -4 -2  0 238.638
 0 4 0 0 3 -6  0 235.685
 0 4 0 0 -3 -3  0 237.45
 0 4 0 0 2 -5  0 236.443
 0 4 0 0 -3 -4  3 242.483
 0 4 0 0 0 -3  0 231.765
 0 4 0 0 -2 -4  0 235.805
 0 4 0 0 -1 -2  0 242.248
 0 4 0 0 -2 -3  0 234.738
 0 4 0 0 -1 -3  0 230.342
 0 4 0 0 -1 -4  0 234.624
 0 4 0 0 3 -7  3 236.604
 0 4 0 0 -1 -5  2 242.685
 0 4 0 0 1 -6  2 238.107
 0 4 0 0 0 -5  0 237.859
 0 4 0 0 1 -5  0 231.262
 0 4 0 0 0 -4  0 243.933
