SCHEME_CODE 0
# CODE  LAYER SENSOR_IX SENSOR_IV  IX  IV TYPE  VALUE
 0 1 0 0 4 -7  5 258.082
 0 1 0 0 4 -5  0 256.093
 0 1 0 0 4 -4  0 247.947
 0 1 0 0 5 -5  0 246.967
 0 1 0 0 4 -3  0 234.9
 0 1 0 0 5 -6  2 238.912
 0 1 0 0 3 -3  0 242.602
 0 1 0 0 4 -2  0 230.306
 0 1 0 0 3 -2  0 233.827
 0 1 0 0 5 -2  0 239.682
 0 1 0 0 3 -1  0 230.803
 0 1 0 0 5 -3  0 226.706
 0 1 0 0 2 -1  0 226.663
 0 1 0 0 5 -4  0 225.244
 0 1 0 0 3 -5  0 229.84
 0 1 0 0 6 -4  0 230.539
 0 1 0 0 3 -4  0 224.395
 0 1 0 0 6 -5  2 231.867
 0 1 0 0 2 -3  0 221.994
 0 1 0 0 7 -3  3 236.385
 0 1 0 0 2 -2  0 229.07
 0 1 0 0 6 -3  0 233.912
 0 1 0 0 1 -1  0 231.237
 0 1 0 0 4 -1  0 231.238
 0 1 0 0 1 0  0 234.433
 0 1 0 0 3 0  0 238.465
 0 1 0 0 -1 2  1 244.875
 0 1 0 0 4 0  0 240.343
 0 1 0 0 6 -2  0 257.755
 0 1 0 0 0 1  0 261.176
 0 1 0 0 5 -1  0 266.033
 0 1 0 0 2 0  0 255.166
 0 1 0 0 6 -1  2 262.129
 0 1 0 0 2 1  0 266.064
 0 1 0 0 5 0  0 254.411
 0 1 0 0 1 1  0 256.459
 0 1 0 0 4 1  0 250.921
 0 1 0 0 0 2  0 252.443
 0 1 0 0 5 1  2 243.541
 0 1 0 0 -1 2  4 250.396
 0 1 0 0 3 2  0 248.157
 0 1 0 0 -2 4  0 247.4
 0 1 0 0 3 1  0 246.206
 0 1 0 0 -1 3  0 242.723
 0 1 0 0 2 2  0 245.512
 0 1 0 0 -1 4  0 242.491
 0 1 0 0 4 2  0 245.119
 0 1 0 0 -3 6  0 235.144
 0 1 0 0 3 3  0 246.257
 0 1 0 0 -2 5  0 251.167
 0 1 0 0 4 3  3 245.743
 0 1 0 0 0 3  0 247.445
 0 1 0 0 2 4  0 253.252
 0 1 0 0 1 2  0 252.977
 0 1 0 0 2 3  0 261.901
 0 1 0 0 1 3  0 257.502
 0 1 0 0 1 4  0 265.003
 0 1 0 0 -2 6  5 256.727
 0 1 0 0 1 5  2 266.749
 0 1 0 0 -1 6  2 259.326
 0 1 0 0 0 5  0 254.024
 0 1 0 0 -1 5  0 246.235
 0 1 0 0 0 4  0 253.522
 0 1 0 0 -4 6  5 274.083
 0 1 0 0 -4 5  0 271.218
 0 1 0 0 -4 4  0 265.943
 0 1 0 0 -5 5  0 272.509
 0 1 0 0 -4 3  0 263.351
 0 1 0 0 -5 6  2 256.679
 0 1 0 0 -3 3  0 243.468
 0 1 0 0 -4 2  0 250.54
 0 1 0 0 -3 2  0 243.971
 0 1 0 0 -5 2  0 243.58
 0 1 0 0 -3 1  0 239.309
 0 1 0 0 -5 3  0 242.23
 0 1 0 0 -2 1  0 235.655
 0 1 0 0 -6 5  2 236.804
 0 1 0 0 -3 5  0 239.7
 0 1 0 0 -5 4  0 239.557
 0 1 0 0 -3 4  0 242.803
 0 1 0 0 -6 4  0 239.769
 0 1 0 0 -2 3  0 241.954
 0 1 0 0 -7 4  3 241.696
 0 1 0 0 -2 2  0 237.65
 0 1 0 0 -6 3  0 241.893
 0 1 0 0 -1 1  0 238.416
 0 1 0 0 -4 1  0 239.685
 0 1 0 0 -1 0  0 247.533
 0 1 0 0 -3 0  0 243.179
 0 1 0 0 0 0  0 246.233
 0 1 0 0 -4 0  0 248.637
 0 1 0 0 1 -2  0 256.552
 0 1 0 0 -6 2  0 252.268
 0 1 0 0 0 -1  0 268.235
 0 1 0 0 -5 1  0 272.046
 0 1 0 0 -2 0  0 276.996
 0 1 0 0 -6 1  2 281.288
 0 1 0 0 -2 -1  0 276.235
 0 1 0 0 -5 0  0 264.805
 0 1 0 0 -1 -1  0 278.823
 0 1 0 0 -4 -1  0 260.234
 0 1 0 0 0 -2  0 262.613
 0 1 0 0 -5 -1  2 258.077
 0 1 0 0 2 -4  1 257.827
 0 1 0 0 -3 -2  0 257.399
 0 1 0 0 2 -4  4 248.594
 0 1 0 0 -3 -1  0 242.505
 0 1 0 0 1 -3  0 249.863
 0 1 0 0 -2 -2  0 246.818
 0 1 0 0 1 -4  0 245.354
 0 1 0 0 -4 -2  0 246.458
 0 1 0 0 3 -6  0 242.567
 0 1 0 0 -3 -3  0 251.701
 0 1 0 0 2 -5  0 238.041
 0 1 0 0 -3 -4  3 247.802
 0 1 0 0 0 -3  0 250.771
 0 1 0 0 -2 -4  0 251.913
 0 1 0 0 -1 -2  0 249.425
 0 1 0 0 -2 -3  0 253.278
 0 1 0 0 -1 -3  0 253.757
 0 1 0 0 -1 -4  0 261.822
 0 1 0 0 3 -7  5 263.362
 0 1 0 0 -1 -5  2 266.203
 0 1 0 0 1 -6  2 265.192
 0 1 0 0 0 -5  0 270.595
 0 1 0 0 1 -5  0 271.334
 0 1 0 0 0 -4  0 267.652
 0 2 0 0 4 -7  5 258.069
 0 2 0 0 4 -5  0 259.183
 0 2 0 0 4 -4  0 256.986
 0 2 0 0 5 -5  0 261.071
 0 2 0 0 4 -3  0 249.958
 0 2 0 0 5 -6  2 252.69
 0 2 0 0 3 -3  0 241.828
 0 2 0 0 4 -2  0 242.585
 0 2 0 0 3 -2  0 233.711
 0 2 0 0 5 -2  0 239.109
 0 2 0 0 3 -1  0 240.12
 0 2 0 0 5 -3  0 237.75
 0 2 0 0 2 -1  0 232.636
 0 2 0 0 5 -4  0 236.769
 0 2 0 0 3 -5  0 232.379
 0 2 0 0 6 -4  0 233.562
 0 2 0 0 3 -4  0 230.31
 0 2 0 0 6 -5  2 236.479
 0 2 0 0 2 -3  0 237.157
 0 2 0 0 7 -3  3 234.573
 0 2 0 0 2 -2  0 231.395
 0 2 0 0 6 -3  0 231.606
 0 2 0 0 1 -1  0 236.936
 0 2 0 0 4 -1  0 247.07
 0 2 0 0 1 0  0 243.882
 0 2 0 0 3 0  0 242.973
 0 2 0 0 -1 2  1 248.643
 0 2 0 0 4 0  0 257.398
 0 2 0 0 6 -2  0 251.97
 0 2 0 0 0 1  0 258.325
 0 2 0 0 5 -1  0 262.678
 0 2 0 0 2 0  0 265.646
 0 2 0 0 6 -1  2 270.224
 0 2 0 0 2 1  0 271.414
 0 2 0 0 5 0  0 264.138
 0 2 0 0 1 1  0 267.517
 0 2 0 0 4 1  0 258.288
 0 2 0 0 0 2  0 256.55
 0 2 0 0 5 1  2 250.547
 0 2 0 0 -1 2  4 248.442
 0 2 0 0 3 2  0 246.579
 0 2 0 0 -2 4  0 243.317
 0 2 0 0 3 1  0 242.942
 0 2 0 0 -1 3  0 242.709
 0 2 0 0 2 2  0 245.195
 0 2 0 0 -1 4  0 241.343
 0 2 0 0 4 2  0 242.765
 0 2 0 0 -3 6  0 248.608
 0 2 0 0 3 3  0 238.47
 0 2 0 0 -2 5  0 237.372
 0 2 0 0 4 3  3 237.707
 0 2 0 0 0 3  0 243.477
 0 2 0 0 2 4  0 247.23
 0 2 0 0 1 2  0 241.088
 0 2 0 0 2 3  0 251.371
 0 2 0 0 1 3  0 253.998
 0 2 0 0 1 4  0 254.262
 0 2 0 0 -2 6  5 262.441
 0 2 0 0 1 5  2 258.838
 0 2 0 0 -1 6  2 260.679
 0 2 0 0 0 5  0 261.166
 0 2 0 0 -1 5  0 259.615
 0 2 0 0 0 4  0 256.767
 0 2 0 0 -4 6  5 306.637
 0 2 0 0 -4 5  0 306.061
 0 2 0 0 -4 4  0 301.882
 0 2 0 0 -5 5  0 294.233
 0 2 0 0 -4 3  0 298.961
 0 2 0 0 -5 6  2 287.59
 0 2 0 0 -3 3  0 286.549
 0 2 0 0 -4 2  0 288.868
 0 2 0 0 -3 2  0 283.029
 0 2 0 0 -5 2  0 275.247
 0 2 0 0 -3 1  0 276.744
 0 2 0 0 -5 3  0 281.136
 0 2 0 0 -2 1  0 276.83
 0 2 0 0 -6 5  2 275.208
 0 2 0 0 -3 5  0 268.963
 0 2 0 0 -5 4  0 275.003
 0 2 0 0 -3 4  0 270.723
 0 2 0 0 -6 4  0 277.139
 0 2 0 0 -2 3  0 262.637
 0 2 0 0 -7 4  3 276.027
 0 2 0 0 -2 2  0 280.709
 0 2 0 0 -6 3  0 273.441
 0 2 0 0 -1 1  0 281.325
 0 2 0 0 -4 1  0 276.272
 0 2 0 0 -1 0  0 278.805
 0 2 0 0 -3 0  0 274.538
 0 2 0 0 0 0  0 279.046
 0 2 0 0 -4 0  0 281.954
 0 2 0 0 1 -2  0 285.185
 0 2 0 0 -6 2  0 298.008
 0 2 0 0 0 -1  0 311.54
 0 2 0 0 -5 1  0 303.409
 0 2 0 0 -2 0  0 312.103
 0 2 0 0 -6 1  2 313.248
 0 2 0 0 -2 -1  0 310.127
 0 2 0 0 -5 0  0 303.581
 0 2 0 0 -1 -1  0 296.41
 0 2 0 0 -4 -1  0 297.502
 0 2 0 0 0 -2  0 299.008
 0 2 0 0 -5 -1  2 290.825
 0 2 0 0 2 -4  1 292.007
 0 2 0 0 -3 -2  0 279.437
 0 2 0 0 2 -4  4 287.066
 0 2 0 0 -3 -1  0 286.16
 0 2 0 0 1 -3  0 280.622
 0 2 0 0 -2 -2  0 282.642
 0 2 0 0 1 -4  0 275.322
 0 2 0 0 -4 -2  0 276.314
 0 2 0 0 3 -6  0 279.102
 0 2 0 0 -3 -3  0 279.819
 0 2 0 0 2 -5  0 280.431
 0 2 0 0 -3 -4  3 279.097
 0 2 0 0 0 -3  0 276.356
 0 2 0 0 -2 -4  0 276.025
 0 2 0 0 -1 -2  0 286.877
 0 2 0 0 -2 -3  0 288.077
 0 2 0 0 -1 -3  0 292.629
 0 2 0 0 -1 -4  0 289.118
 0 2 0 0 3 -7  5 297.872
 0 2 0 0 -1 -5  2 299.501
 0 2 0 0 1 -6  2 299.398
 0 2 0 0 0 -5  0 308.558
 0 2 0 0 1 -5  0 305.392
 0 2 0 0 0 -4  0 302.821
 0 3 0 0 4 -7  5 277.947
 0 3 0 0 4 -5  0 273.045
 0 3 0 0 4 -4  0 278.908
 0 3 0 0 5 -5  0 280.973
 0 3 0 0 4 -3  0 274.37
 0 3 0 0 5 -6  2 277.469
 0 3 0 0 3 -3  0 262.321
 0 3 0 0 4 -2  0 266.554
 0 3 0 0 3 -2  0 263.491
 0 3 0 0 5 -2  0 266.442
 0 3 0 0 3 -1  0 263.802
 0 3 0 0 5 -3  0 251.109
 0 3 0 0 2 -1  0 256.841
 0 3 0 0 5 -4  0 258.766
 0 3 0 0 3 -5  0 256.41
 0 3 0 0 6 -4  0 253.536
 0 3 0 0 3 -4  0 254.921
 0 3 0 0 6 -5  2 254.745
 0 3 0 0 2 -3  0 256.841
 0 3 0 0 7 -3  3 257.745
 0 3 0 0 2 -2  0 249.843
 0 3 0 0 6 -3  0 255.115
 0 3 0 0 1 -1  0 254.59
 0 3 0 0 4 -1  0 264.933
 0 3 0 0 1 0  0 258.876
 0 3 0 0 3 0  0 260.663
 0 3 0 0 -1 2  1 254.294
 0 3 0 0 4 0  0 270.69
 0 3 0 0 6 -2  0 276.807
 0 3 0 0 0 1  0 284.636
 0 3 0 0 5 -1  0 283.606
 0 3 0 0 2 0  0 289.283
 0 3 0 0 6 -1  2 283.376
 0 3 0 0 2 1  0 285.662
 0 3 0 0 5 0  0 281.368
 0 3 0 0 1 1  0 278.947
 0 3 0 0 4 1  0 280.646
 0 3 0 0 0 2  0 274.786
 0 3 0 0 5 1  2 264.46
 0 3 0 0 -1 2  4 257.869
 0 3 0 0 3 2  0 266.306
 0 3 0 0 -2 4  0 256.248
 0 3 0 0 3 1  0 248.506
 0 3 0 0 -1 3  0 248.665
 0 3 0 0 2 2  0 251.863
 0 3 0 0 -1 4  0 251.75
 0 3 0 0 4 2  0 251.553
 0 3 0 0 -3 6  0 250.278
 0 3 0 0 3 3  0 250.416
 0 3 0 0 -2 5  0 240.512
 0 3 0 0 4 3  3 246.701
 0 3 0 0 0 3  0 255.377
 0 3 0 0 2 4  0 252.167
 0 3 0 0 1 2  0 257.581
 0 3 0 0 2 3  0 252.292
 0 3 0 0 1 3  0 254.486
 0 3 0 0 1 4  0 265.6
 0 3 0 0 -2 6  5 271.759
 0 3 0 0 1 5  2 274.764
 0 3 0 0 -1 6  2 272.411
 0 3 0 0 0 5  0 284.538
 0 3 0 0 -1 5  0 284.215
 0 3 0 0 0 4  0 277.921
 0 3 0 0 -4 6  5 294.017
 0 3 0 0 -4 5  0 279.979
 0 3 0 0 -4 4  0 290.842
 0 3 0 0 -5 5  0 278.781
 0 3 0 0 -4 3  0 275.084
 0 3 0 0 -5 6  2 283.217
 0 3 0 0 -3 3  0 268.741
 0 3 0 0 -4 2  0 268.44
 0 3 0 0 -3 2  0 264.936
 0 3 0 0 -5 2  0 263.398
 0 3 0 0 -3 1  0 259.559
 0 3 0 0 -5 3  0 267.918
 0 3 0 0 -2 1  0 253.74
 0 3 0 0 -6 5  2 258.228
 0 3 0 0 -3 5  0 265.048
 0 3 0 0 -5 4  0 262.264
 0 3 0 0 -3 4  0 265.077
 0 3 0 0 -6 4  0 264.335
 0 3 0 0 -2 3  0 261.196
 0 3 0 0 -7 4  3 259.886
 0 3 0 0 -2 2  0 262.428
 0 3 0 0 -6 3  0 260.255
 0 3 0 0 -1 1  0 266.96
 0 3 0 0 -4 1  0 268.254
 0 3 0 0 -1 0  0 266.777
 0 3 0 0 -3 0  0 267.777
 0 3 0 0 0 0  0 277.198
 0 3 0 0 -4 0  0 274.417
 0 3 0 0 1 -2  0 276.216
 0 3 0 0 -6 2  0 281.559
 0 3 0 0 0 -1  0 284.077
 0 3 0 0 -5 1  0 293.515
 0 3 0 0 -2 0  0 291.972
 0 3 0 0 -6 1  2 301.315
 0 3 0 0 -2 -1  0 301.354
 0 3 0 0 -5 0  0 292.295
 0 3 0 0 -1 -1  0 294.068
 0 3 0 0 -4 -1  0 287.776
 0 3 0 0 0 -2  0 277.687
 0 3 0 0 -5 -1  2 278.874
 0 3 0 0 2 -4  1 276.688
 0 3 0 0 -3 -2  0 267.059
 0 3 0 0 2 -4  4 275.683
 0 3 0 0 -3 -1  0 269.236
 0 3 0 0 1 -3  0 273.897
 0 3 0 0 -2 -2  0 264
 0 3 0 0 1 -4  0 261.829
 0 3 0 0 -4 -2  0 267.922
 0 3 0 0 3 -6  0 259.584
 0 3 0 0 -3 -3  0 267.674
 0 3 0 0 2 -5  0 267.463
 0 3 0 0 -3 -4  3 267.557
 0 3 0 0 0 -3  0 265.098
 0 3 0 0 -2 -4  0 268.916
 0 3 0 0 -1 -2  0 266.888
 0 3 0 0 -2 -3  0 277.95
 0 3 0 0 -1 -3  0 270.208
 0 3 0 0 -1 -4  0 282.853
 0 3 0 0 3 -7  5 284.853
 0 3 0 0 -1 -5  2 301.705
 0 3 0 0 1 -6  2 287.871
 0 3 0 0 0 -5  0 294.44
 0 3 0 0 1 -5  0 292.877
 0 3 0 0 0 -4  0 287.507
 0 4 0 0 4 -7  5 272.768
 0 4 0 0 4 -5  0 272.585
 0 4 0 0 4 -4  0 262.376
 0 4 0 0 5 -5  0 262.029
 0 4 0 0 4 -3  0 257.673
 0 4 0 0 5 -6  2 253.357
 0 4 0 0 3 -3  0 248.802
 0 4 0 0 4 -2  0 247.626
 0 4 0 0 3 -2  0 243.652
 0 4 0 0 5 -2  0 254.824
 0 4 0 0 3 -1  0 246.212
 0 4 0 0 5 -3  0 246.549
 0 4 0 0 2 -1  0 235.992
 0 4 0 0 5 -4  0 243.028
 0 4 0 0 3 -5  0 247.941
 0 4 0 0 6 -4  0 238.839
 0 4 0 0 3 -4  0 244.663
 0 4 0 0 6 -5  2 241.635
 0 4 0 0 2 -3  0 239.626
 0 4 0 0 7 -3  3 245.386
 0 4 0 0 2 -2  0 238.158
 0 4 0 0 6 -3  0 244.91
 0 4 0 0 1 -1  0 248.692
 0 4 0 0 4 -1  0 245.655
 0 4 0 0 1 0  0 249.524
 0 4 0 0 3 0  0 251.534
 0 4 0 0 -1 2  1 257.708
 0 4 0 0 4 0  0 250.94
 0 4 0 0 6 -2  0 268.905
 0 4 0 0 0 1  0 265.5
 0 4 0 0 5 -1  0 278.288
 0 4 0 0 2 0  0 268.685
 0 4 0 0 6 -1  2 283.152
 0 4 0 0 2 1  0 274.871
 0 4 0 0 5 0  0 276.618
 0 4 0 0 1 1  0 268.528
 0 4 0 0 4 1  0 269.359
 0 4 0 0 0 2  0 267.658
 0 4 0 0 5 1  2 270.779
 0 4 0 0 -1 2  4 261.159
 0 4 0 0 3 2  0 254.808
 0 4 0 0 -2 4  0 266.959
 0 4 0 0 3 1  0 257.179
 0 4 0 0 -1 3  0 251.26
 0 4 0 0 2 2  0 254.959
 0 4 0 0 -1 4  0 250.597
 0 4 0 0 4 2  0 257.298
 0 4 0 0 -3 6  0 256.899
 0 4 0 0 3 3  0 255.665
 0 4 0 0 -2 5  0 259.328
 0 4 0 0 4 3  3 252.307
 0 4 0 0 0 3  0 263.506
 0 4 0 0 2 4  0 256.122
 0 4 0 0 1 2  0 257.207
 0 4 0 0 2 3  0 263.754
 0 4 0 0 1 3  0 265.423
 0 4 0 0 1 4  0 261.975
 0 4 0 0 -2 6  5 274.951
 0 4 0 0 1 5  2 274.205
 0 4 0 0 -1 6  2 267.117
 0 4 0 0 0 5  0 281.442
 0 4 0 0 -1 5  0 267.811
 0 4 0 0 0 4  0 269.13
 0 4 0 0 -4 6  5 268.213
 0 4 0 0 -4 5  0 260.907
 0 4 0 0 -4 4  0 263.173
 0 4 0 0 -5 5  0 265.201
 0 4 0 0 -4 3  0 261.257
 0 4 0 0 -5 6  2 246.613
 0 4 0 0 -3 3  0 247.337
 0 4 0 0 -4 2  0 237.69
 0 4 0 0 -3 2  0 240.968
 0 4 0 0 -5 2  0 239.559
 0 4 0 0 -3 1  0 236.948
 0 4 0 0 -5 3  0 232.986
 0 4 0 0 -2 1  0 231.851
 0 4 0 0 -6 5  2 234.104
 0 4 0 0 -3 5  0 223.214
 0 4 0 0 -5 4  0 236.097
 0 4 0 0 -3 4  0 234.917
 0 4 0 0 -6 4  0 234.738
 0 4 0 0 -2 3  0 234.29
 0 4 0 0 -7 4  3 232.274
 0 4 0 0 -2 2  0 228.512
 0 4 0 0 -6 3  0 234.882
 0 4 0 0 -1 1  0 236.035
 0 4 0 0 -4 1  0 237.264
 0 4 0 0 -1 0  0 232.943
 0 4 0 0 -3 0  0 238.758
 0 4 0 0 0 0  0 239.681
 0 4 0 0 -4 0  0 244.904
 0 4 0 0 1 -2  0 243.68
 0 4 0 0 -6 2  0 252.943
 0 4 0 0 0 -1  0 258.041
 0 4 0 0 -5 1  0 262.78
 0 4 0 0 -2 0  0 264.356
 0 4 0 0 -6 1  2 260.588
 0 4 0 0 -2 -1  0 264.882
 0 4 0 0 -5 0  0 264.007
 0 4 0 0 -1 -1  0 260.053
 0 4 0 0 -4 -1  0 252.99
 0 4 0 0 0 -2  0 255.036
 0 4 0 0 -5 -1  2 251.864
 0 4 0 0 2 -4  1 248.989
 0 4 0 0 -3 -2  0 246.243
 0 4 0 0 2 -4  4 249.642
 0 4 0 0 -3 -1  0 246.34
 0 4 0 0 1 -3  0 237.727
 0 4 0 0 -2 -2  0 239.4
 0 4 0 0 1 -4  0 248.662
 0 4 0 0 -4 -2  0 245.127
 0 4 0 0 3 -6  0 236.87
 0 4 0 0 -3 -3  0 240.266
 0 4 0 0 2 -5  0 245.196
 0 4 0 0 -3 -4  3 239.501
 0 4 0 0 0 -3  0 241.948
 0 4 0 0 -2 -4  0 248.825
 0 4 0 0 -1 -2  0 247.042
 0 4 0 0 -2 -3  0 252.76
 0 4 0 0 -1 -3  0 254.343
 0 4 0 0 -1 -4  0 266.645
 0 4 0 0 3 -7  5 264.122
 0 4 0 0 -1 -5  2 265.692
 0 4 0 0 1 -6  2 263.081
 0 4 0 0 0 -5  0 263.072
 0 4 0 0 1 -5  0 257.086
 0 4 0 0 0 -4  0 256.52
 0 5 0 0 -3 7  5 261.774
 0 5 0 0 -1 5  0 255.372
 0 5 0 0 0 4  0 258.298
 0 5 0 0 0 5  0 251.697
 0 5 0 0 1 3  0 246.477
 0 5 0 0 -1 6  2 248.364
 0 5 0 0 0 3  0 256.933
 0 5 0 0 2 2  0 244.205
 0 5 0 0 1 2  0 235.384
 0 5 0 0 3 2  0 245.597
 0 5 0 0 2 1  0 236.404
 0 5 0 0 2 3  0 235.063
 0 5 0 0 1 1  0 238.095
 0 5 0 0 1 4  0 236.387
 0 5 0 0 -2 5  0 232.014
 0 5 0 0 2 4  0 233.181
 0 5 0 0 -1 4  0 231.775
 0 5 0 0 1 5  2 236.312
 0 5 0 0 -1 3  0 237.805
 0 5 0 0 4 3  3 244.942
 0 5 0 0 0 2  0 236.689
 0 5 0 0 3 3  0 233.614
 0 5 0 0 0 1  0 234.722
 0 5 0 0 3 1  0 242.593
 0 5 0 0 1 0  0 245.573
 0 5 0 0 3 0  0 244.153
 0 5 0 0 1 -2  1 254.061
 0 5 0 0 4 0  0 243.728
 0 5 0 0 4 2  0 256.981
 0 5 0 0 1 -1  0 263.219
 0 5 0 0 4 1  0 264.723
 0 5 0 0 2 0  0 266.473
 0 5 0 0 5 1  2 266.738
 0 5 0 0 3 -1  0 264.505
 0 5 0 0 5 0  0 266.883
 0 5 0 0 2 -1  0 264.039
 0 5 0 0 5 -1  0 256.399
 0 5 0 0 2 -2  0 249.702
 0 5 0 0 6 -1  2 250.673
 0 5 0 0 1 -2  4 250.74
 0 5 0 0 5 -2  0 247.826
 0 5 0 0 2 -4  0 238.239
 0 5 0 0 4 -1  0 245.841
 0 5 0 0 2 -3  0 247.86
 0 5 0 0 4 -2  0 242.138
 0 5 0 0 3 -4  0 246.962
 0 5 0 0 6 -2  0 242.762
 0 5 0 0 3 -6  0 236.936
 0 5 0 0 6 -3  0 242.851
 0 5 0 0 3 -5  0 242.097
 0 5 0 0 7 -3  3 241.276
 0 5 0 0 3 -3  0 241.458
 0 5 0 0 6 -4  0 252.951
 0 5 0 0 3 -2  0 245.855
 0 5 0 0 5 -3  0 247.266
 0 5 0 0 4 -3  0 250.059
 0 5 0 0 5 -4  0 248.877
 0 5 0 0 4 -6  5 254.023
 0 5 0 0 6 -5  2 260.325
 0 5 0 0 5 -6  2 264.877
 0 5 0 0 5 -5  0 262.625
 0 5 0 0 4 -5  0 271.931
 0 5 0 0 4 -4  0 262.837
 0 5 0 0 2 -6  5 271.983
 0 5 0 0 1 -5  0 266.427
 0 5 0 0 0 -4  0 273.544
 0 5 0 0 0 -5  0 255.518
 0 5 0 0 -1 -3  0 251.357
 0 5 0 0 1 -6  2 255.998
 0 5 0 0 0 -3  0 247.035
 0 5 0 0 -2 -2  0 243.183
 0 5 0 0 -1 -2  0 238.577
 0 5 0 0 -3 -2  0 237.082
 0 5 0 0 -2 -1  0 236.684
 0 5 0 0 -2 -3  0 238.742
 0 5 0 0 -1 -1  0 235.97
 0 5 0 0 -1 -5  2 231.482
 0 5 0 0 2 -5  0 235.303
 0 5 0 0 -1 -4  0 234.615
 0 5 0 0 1 -4  0 233.898
 0 5 0 0 -2 -4  0 228.914
 0 5 0 0 1 -3  0 237.025
 0 5 0 0 -3 -4  3 237.864
 0 5 0 0 0 -2  0 230.981
 0 5 0 0 -3 -3  0 227.299
 0 5 0 0 0 -1  0 236.578
 0 5 0 0 -3 -1  0 233.248
 0 5 0 0 -1 0  0 234.437
 0 5 0 0 -3 0  0 241.042
 0 5 0 0 0 0  0 248.588
 0 5 0 0 -4 0  0 245.377
 0 5 0 0 -1 2  0 251.717
 0 5 0 0 -4 -2  0 254.022
 0 5 0 0 -1 1  0 253.312
 0 5 0 0 -4 -1  0 256.271
 0 5 0 0 -2 0  0 263.953
 0 5 0 0 -5 -1  2 265.957
 0 5 0 0 -3 1  0 266.529
 0 5 0 0 -5 0  0 259.967
 0 5 0 0 -2 1  0 254.428
 0 5 0 0 -5 1  0 259.082
 0 5 0 0 -2 2  0 252.892
 0 5 0 0 -6 1  2 245.94
 0 5 0 0 -2 4  1 241.648
 0 5 0 0 -5 2  0 240.393
 0 5 0 0 -2 4  4 236.346
 0 5 0 0 -4 1  0 241.81
 0 5 0 0 -2 3  0 241.433
 0 5 0 0 -4 2  0 234.998
 0 5 0 0 -3 4  0 242.124
 0 5 0 0 -6 2  0 237.844
 0 5 0 0 -3 6  0 242.481
 0 5 0 0 -6 3  0 234.998
 0 5 0 0 -3 5  0 238.222
 0 5 0 0 -7 4  3 240.664
 0 5 0 0 -3 3  0 245.57
 0 5 0 0 -6 4  0 249.213
 0 5 0 0 -3 2  0 245.771
 0 5 0 0 -5 3  0 250.731
 0 5 0 0 -4 3  0 253.009
 0 5 0 0 -5 4  0 261.527
 0 5 0 0 -4 7  5 258.554
 0 5 0 0 -6 5  2 263.764
 0 5 0 0 -5 6  2 263.908
 0 5 0 0 -5 5  0 262.46
 0 5 0 0 -4 5  0 264.226
 0 5 0 0 -4 4  0 258.885
 0 6 0 0 4 -7  5 262.403
 0 6 0 0 5 -6  2 263.668
 0 6 0 0 4 -4  0 254.838
 0 6 0 0 5 -5  0 254.95
 0 6 0 0 4 -3  0 249.681
 0 6 0 0 4 -5  0 249.604
 0 6 0 0 3 -3  0 241.482
 0 6 0 0 5 -4  0 239.723
 0 6 0 0 3 -2  0 239.434
 0 6 0 0 6 -4  0 234.322
 0 6 0 0 3 -1  0 236.4
 0 6 0 0 4 -2  0 236.408
 0 6 0 0 2 -1  0 237.126
 0 6 0 0 5 -2  0 238.724
 0 6 0 0 3 -5  0 235.459
 0 6 0 0 5 -3  0 236.44
 0 6 0 0 3 -4  0 234.856
 0 6 0 0 6 -5  2 230.903
 0 6 0 0 2 -3  0 229.086
 0 6 0 0 7 -3  3 229.303
 0 6 0 0 2 -2  0 234.273
 0 6 0 0 6 -3  0 235.271
 0 6 0 0 2 -4  1 233.691
 0 6 0 0 4 -1  0 244.072
 0 6 0 0 1 -1  0 234.421
 0 6 0 0 3 0  0 235.415
 0 6 0 0 1 0  0 240.953
 0 6 0 0 4 0  0 244.32
 0 6 0 0 6 -2  0 254.423
 0 6 0 0 0 1  0 266.584
 0 6 0 0 5 -1  0 272.918
 0 6 0 0 2 0  0 265.93
 0 6 0 0 6 -1  2 264.529
 0 6 0 0 2 1  0 262.432
 0 6 0 0 5 0  0 264.608
 0 6 0 0 1 1  0 253.248
 0 6 0 0 4 1  0 260.549
 0 6 0 0 0 2  0 253.199
 0 6 0 0 5 1  2 254.82
 0 6 0 0 -1 2  4 248.48
 0 6 0 0 3 2  0 246.084
 0 6 0 0 -2 4  0 244.683
 0 6 0 0 3 1  0 249.532
 0 6 0 0 -1 3  0 244.168
 0 6 0 0 2 2  0 240.906
 0 6 0 0 -1 4  0 243.678
 0 6 0 0 4 2  0 242.913
 0 6 0 0 -3 6  0 239.405
 0 6 0 0 3 3  0 239.329
 0 6 0 0 -2 5  0 242.268
 0 6 0 0 4 3  3 237.978
 0 6 0 0 0 3  0 249.728
 0 6 0 0 2 4  0 241.869
 0 6 0 0 1 2  0 248.066
 0 6 0 0 2 3  0 254.966
 0 6 0 0 1 3  0 251.246
 0 6 0 0 1 4  0 251.928
 0 6 0 0 -1 5  0 268.517
 0 6 0 0 1 5  2 255.518
 0 6 0 0 -2 6  5 268.713
 0 6 0 0 0 5  0 260.107
 0 6 0 0 -1 6  2 261.984
 0 6 0 0 0 4  0 256.712
 0 6 0 0 -4 6  5 266.018
 0 6 0 0 -5 6  2 271.293
 0 6 0 0 -4 4  0 266.903
 0 6 0 0 -5 5  0 255.877
 0 6 0 0 -4 3  0 257.392
 0 6 0 0 -4 5  0 252.107
 0 6 0 0 -3 3  0 253.077
 0 6 0 0 -6 5  2 250.347
 0 6 0 0 -3 2  0 247.151
 0 6 0 0 -5 4  0 240.475
 0 6 0 0 -3 1  0 239.758
 0 6 0 0 -4 2  0 233.605
 0 6 0 0 -2 1  0 242.097
 0 6 0 0 -5 2  0 241.349
 0 6 0 0 -3 5  0 244.184
 0 6 0 0 -5 3  0 231.752
 0 6 0 0 -3 4  0 243.357
 0 6 0 0 -6 4  0 241.06
 0 6 0 0 -2 3  0 238.357
 0 6 0 0 -7 4  3 234.764
 0 6 0 0 -2 2  0 237.607
 0 6 0 0 -6 3  0 238.406
 0 6 0 0 -1 2  1 245.876
 0 6 0 0 -4 1  0 242.411
 0 6 0 0 -1 1  0 237.444
 0 6 0 0 -3 0  0 240.524
 0 6 0 0 -1 0  0 249.897
 0 6 0 0 -4 0  0 253.556
 0 6 0 0 0 0  0 252.626
 0 6 0 0 -6 2  0 262.671
 0 6 0 0 0 -1  0 278.022
 0 6 0 0 -5 1  0 268.971
 0 6 0 0 -2 0  0 263.187
 0 6 0 0 -6 1  2 263.332
 0 6 0 0 -2 -1  0 269.991
 0 6 0 0 -5 0  0 263.985
 0 6 0 0 -1 -1  0 266.457
 0 6 0 0 -4 -1  0 269.152
 0 6 0 0 0 -2  0 256.638
 0 6 0 0 -5 -1  2 257.588
 0 6 0 0 1 -2  0 254.94
 0 6 0 0 -3 -2  0 249.525
 0 6 0 0 2 -4  4 252.353
 0 6 0 0 -3 -1  0 249.565
 0 6 0 0 1 -3  0 252.493
 0 6 0 0 -2 -2  0 242.89
 0 6 0 0 1 -4  0 250.974
 0 6 0 0 -4 -2  0 245.415
 0 6 0 0 3 -6  0 251.383
 0 6 0 0 -3 -3  0 250.722
 0 6 0 0 2 -5  0 250.163
 0 6 0 0 -4 -3  3 243.688
 0 6 0 0 0 -3  0 252.64
 0 6 0 0 -2 -4  0 248.268
 0 6 0 0 -1 -2  0 260.435
 0 6 0 0 -2 -3  0 259.385
 0 6 0 0 -1 -3  0 258.336
 0 6 0 0 -1 -4  0 257.017
 0 6 0 0 1 -5  0 265.749
 0 6 0 0 -1 -5  2 270.847
 0 6 0 0 2 -6  5 263.384
 0 6 0 0 0 -5  0 272.178
 0 6 0 0 1 -6  2 271.197
 0 6 0 0 0 -4  0 263.435
 0 7 0 0 -3 7  5 274.387
 0 7 0 0 -1 5  0 278.076
 0 7 0 0 0 4  0 268.642
 0 7 0 0 0 5  0 261.12
 0 7 0 0 1 3  0 265.134
 0 7 0 0 -1 6  2 257.582
 0 7 0 0 0 3  0 246.772
 0 7 0 0 2 2  0 253.798
 0 7 0 0 1 2  0 254.239
 0 7 0 0 3 2  0 246.333
 0 7 0 0 2 1  0 246.542
 0 7 0 0 2 3  0 252.947
 0 7 0 0 1 1  0 245.477
 0 7 0 0 1 4  0 242.387
 0 7 0 0 -2 5  0 242.683
 0 7 0 0 2 4  0 245.506
 0 7 0 0 -1 4  0 245.996
 0 7 0 0 1 5  2 246.812
 0 7 0 0 -1 3  0 247.769
 0 7 0 0 4 3  3 249.489
 0 7 0 0 0 2  0 247.368
 0 7 0 0 3 3  0 245.769
 0 7 0 0 0 1  0 251.607
 0 7 0 0 3 1  0 247.212
 0 7 0 0 1 0  0 250.83
 0 7 0 0 3 0  0 254.971
 0 7 0 0 1 -2  1 257.262
 0 7 0 0 4 0  0 262.42
 0 7 0 0 4 2  0 266.254
 0 7 0 0 1 -1  0 268.172
 0 7 0 0 4 1  0 284.561
 0 7 0 0 2 0  0 274.678
 0 7 0 0 5 1  2 278.709
 0 7 0 0 3 -1  0 282.973
 0 7 0 0 5 0  0 273.288
 0 7 0 0 2 -1  0 273.792
 0 7 0 0 5 -1  0 275.908
 0 7 0 0 2 -2  0 261.946
 0 7 0 0 6 -1  2 265.795
 0 7 0 0 1 -2  4 267.324
 0 7 0 0 5 -2  0 258.852
 0 7 0 0 2 -4  0 254.405
 0 7 0 0 4 -1  0 256.717
 0 7 0 0 2 -3  0 252.863
 0 7 0 0 4 -2  0 259.918
 0 7 0 0 3 -4  0 257.973
 0 7 0 0 6 -2  0 250.432
 0 7 0 0 3 -6  0 250.455
 0 7 0 0 6 -3  0 249.95
 0 7 0 0 3 -5  0 250.552
 0 7 0 0 7 -3  3 256.285
 0 7 0 0 3 -3  0 253.268
 0 7 0 0 6 -4  0 262.145
 0 7 0 0 3 -2  0 262.234
 0 7 0 0 5 -3  0 260.912
 0 7 0 0 4 -3  0 266.108
 0 7 0 0 5 -4  0 268.413
 0 7 0 0 4 -6  5 271.475
 0 7 0 0 6 -5  2 265.078
 0 7 0 0 5 -6  2 277.742
 0 7 0 0 5 -5  0 273.337
 0 7 0 0 4 -5  0 267.867
 0 7 0 0 4 -4  0 266.473
 0 7 0 0 2 -6  5 283.598
 0 7 0 0 1 -5  0 279.072
 0 7 0 0 0 -4  0 277.898
 0 7 0 0 0 -5  0 278.938
 0 7 0 0 -1 -3  0 272.296
 0 7 0 0 1 -6  2 268.648
 0 7 0 0 0 -3  0 253.938
 0 7 0 0 -2 -2  0 258.265
 0 7 0 0 -1 -2  0 259.646
 0 7 0 0 -3 -2  0 256.072
 0 7 0 0 -2 -1  0 257.449
 0 7 0 0 -2 -3  0 249.371
 0 7 0 0 -1 -1  0 247.419
 0 7 0 0 -1 -5  2 248.096
 0 7 0 0 2 -5  0 253.906
 0 7 0 0 -1 -4  0 251.907
 0 7 0 0 1 -4  0 245.847
 0 7 0 0 -2 -4  0 247.281
 0 7 0 0 1 -3  0 252.56
 0 7 0 0 -3 -4  3 249.416
 0 7 0 0 0 -2  0 250.011
 0 7 0 0 -3 -3  0 256.25
 0 7 0 0 0 -1  0 257.192
 0 7 0 0 -3 -1  0 256.651
 0 7 0 0 -1 0  0 262.595
 0 7 0 0 -3 0  0 257.233
 0 7 0 0 0 0  0 258.589
 0 7 0 0 -4 0  0 264.885
 0 7 0 0 -1 2  0 269.034
 0 7 0 0 -4 -2  0 275.572
 0 7 0 0 -1 1  0 282.377
 0 7 0 0 -4 -1  0 282.979
 0 7 0 0 -2 0  0 283.227
 0 7 0 0 -5 -1  2 283.916
 0 7 0 0 -3 1  0 290.765
 0 7 0 0 -5 0  0 287.784
 0 7 0 0 -2 1  0 279.7
 0 7 0 0 -5 1  0 278.457
 0 7 0 0 -2 2  0 278.493
 0 7 0 0 -6 1  2 269.481
 0 7 0 0 -2 4  1 274.385
 0 7 0 0 -5 2  0 267.568
 0 7 0 0 -2 4  4 261.759
 0 7 0 0 -4 1  0 261.767
 0 7 0 0 -2 3  0 260.923
 0 7 0 0 -4 2  0 260.976
 0 7 0 0 -3 4  0 261.946
 0 7 0 0 -6 2  0 260.787
 0 7 0 0 -3 6  0 257.082
 0 7 0 0 -6 3  0 259.731
 0 7 0 0 -3 5  0 260.081
 0 7 0 0 -7 4  3 259.682
 0 7 0 0 -3 3  0 263.925
 0 7 0 0 -6 4  0 268.811
 0 7 0 0 -3 2  0 265.634
 0 7 0 0 -5 3  0 260.902
 0 7 0 0 -4 3  0 268.169
 0 7 0 0 -5 4  0 268.723
 0 7 0 0 -4 7  5 277.233
 0 7 0 0 -6 5  2 280.276
 0 7 0 0 -5 6  2 282.137
 0 7 0 0 -5 5  0 276.85
 0 7 0 0 -4 5  0 283.106
 0 7 0 0 -4 4  0 281.57
 0 8 0 0 4 -7  5 280.192
 0 8 0 0 4 -5  0 278.254
 0 8 0 0 4 -4  0 276.296
 0 8 0 0 5 -5  0 278.277
 0 8 0 0 4 -3  0 273.548
 0 8 0 0 5 -6  2 267.902
 0 8 0 0 3 -3  0 266.354
 0 8 0 0 4 -2  0 262.096
 0 8 0 0 3 -2  0 260.419
 0 8 0 0 5 -2  0 257.048
 0 8 0 0 3 -1  0 254.902
 0 8 0 0 5 -3  0 253.921
 0 8 0 0 2 -1  0 255.952
 0 8 0 0 5 -4  0 253.849
 0 8 0 0 3 -5  0 248.278
 0 8 0 0 6 -4  0 248.173
 0 8 0 0 3 -4  0 251.944
 0 8 0 0 6 -5  2 250.943
 0 8 0 0 2 -3  0 249.491
 0 8 0 0 7 -3  3 254.893
 0 8 0 0 2 -2  0 256.348
 0 8 0 0 6 -3  0 250.148
 0 8 0 0 1 -1  0 260.396
 0 8 0 0 4 -1  0 255.989
 0 8 0 0 1 0  0 256.314
 0 8 0 0 3 0  0 264.495
 0 8 0 0 -1 2  1 265.294
 0 8 0 0 4 0  0 271.755
 0 8 0 0 6 -2  0 268.556
 0 8 0 0 0 1  0 277.739
 0 8 0 0 5 -1  0 283.78
 0 8 0 0 2 0  0 285.743
 0 8 0 0 6 -1  2 296.467
 0 8 0 0 2 1  0 282.694
 0 8 0 0 5 0  0 285.735
 0 8 0 0 1 1  0 286.784
 0 8 0 0 4 1  0 275.34
 0 8 0 0 0 2  0 276.373
 0 8 0 0 5 1  2 276.772
 0 8 0 0 -1 2  4 272.396
 0 8 0 0 3 2  0 269.23
 0 8 0 0 -2 4  0 267.397
 0 8 0 0 3 1  0 271.047
 0 8 0 0 -1 3  0 261.825
 0 8 0 0 2 2  0 266.228
 0 8 0 0 -1 4  0 272.257
 0 8 0 0 4 2  0 272.613
 0 8 0 0 -3 6  0 261.854
 0 8 0 0 3 3  0 259.573
 0 8 0 0 -2 5  0 266.399
 0 8 0 0 4 3  3 269.019
 0 8 0 0 0 3  0 268.627
 0 8 0 0 2 4  0 272.096
 0 8 0 0 1 2  0 266.071
 0 8 0 0 2 3  0 272.983
 0 8 0 0 1 3  0 275.741
 0 8 0 0 1 4  0 274.679
 0 8 0 0 -2 6  5 282.468
 0 8 0 0 1 5  2 285.235
 0 8 0 0 -1 6  2 289.116
 0 8 0 0 0 5  0 286.701
 0 8 0 0 -1 5  0 281.342
 0 8 0 0 0 4  0 283.845
 0 8 0 0 -4 6  5 258.495
 0 8 0 0 -4 5  0 267.493
 0 8 0 0 -4 4  0 256.726
 0 8 0 0 -5 5  0 257.236
 0 8 0 0 -4 3  0 254.797
 0 8 0 0 -5 6  2 245.57
 0 8 0 0 -3 3  0 244.863
 0 8 0 0 -4 2  0 240.292
 0 8 0 0 -3 2  0 240.973
 0 8 0 0 -5 2  0 238.745
 0 8 0 0 -3 1  0 236.407
 0 8 0 0 -5 3  0 225.593
 0 8 0 0 -2 1  0 231.537
 0 8 0 0 -6 5  2 231.654
 0 8 0 0 -3 5  0 228.352
 0 8 0 0 -5 4  0 233.48
 0 8 0 0 -3 4  0 229.199
 0 8 0 0 -6 4  0 236.977
 0 8 0 0 -2 3  0 231.797
 0 8 0 0 -7 4  3 229.663
 0 8 0 0 -2 2  0 231.722
 0 8 0 0 -6 3  0 231.195
 0 8 0 0 -1 1  0 228.736
 0 8 0 0 -4 1  0 234.234
 0 8 0 0 -1 0  0 237.425
 0 8 0 0 -3 0  0 235.702
 0 8 0 0 0 0  0 248.577
 0 8 0 0 -4 0  0 240.417
 0 8 0 0 1 -2  0 246.662
 0 8 0 0 -6 2  0 254.881
 0 8 0 0 0 -1  0 252.598
 0 8 0 0 -5 1  0 256.692
 0 8 0 0 -2 0  0 255.468
 0 8 0 0 -6 1  2 265.048
 0 8 0 0 -2 -1  0 263.546
 0 8 0 0 -5 0  0 250.39
 0 8 0 0 -1 -1  0 256.139
 0 8 0 0 -4 -1  0 259.343
 0 8 0 0 0 -2  0 244.092
 0 8 0 0 -5 -1  2 240.156
 0 8 0 0 2 -4  1 239.252
 0 8 0 0 -3 -2  0 236.992
 0 8 0 0 2 -4  4 239.438
 0 8 0 0 -3 -1  0 242.027
 0 8 0 0 1 -3  0 244.416
 0 8 0 0 -2 -2  0 234.688
 0 8 0 0 1 -4  0 233.558
 0 8 0 0 -4 -2  0 229.446
 0 8 0 0 3 -6  0 230.738
 0 8 0 0 -3 -3  0 242.887
 0 8 0 0 2 -5  0 227.229
 0 8 0 0 -3 -4  3 232.158
 0 8 0 0 0 -3  0 238.005
 0 8 0 0 -2 -4  0 239.723
 0 8 0 0 -1 -2  0 245.881
 0 8 0 0 -2 -3  0 243.58
 0 8 0 0 -1 -3  0 239.992
 0 8 0 0 -1 -4  0 244.353
 0 8 0 0 3 -7  5 245.26
 0 8 0 0 -1 -5  2 253.538
 0 8 0 0 1 -6  2 249.856
 0 8 0 0 0 -5  0 256.842
 0 8 0 0 1 -5  0 249.354
 0 8 0 0 0 -4  0 257.281
