SCHEME_CODE 0
# CODE  LAYER SENSOR_IX SENSOR_IV  IX  IV TYPE  VALUE
 0 1 0 0 -3 7  3 3156.39
 0 1 0 0 -1 5  0 272.121
 0 1 0 0 0 4  0 276.809
 0 1 0 0 0 5  0 276.769
 0 1 0 0 1 3  0 265.014
 0 1 0 0 -1 6  2 265.309
 0 1 0 0 0 3  0 262.886
 0 1 0 0 2 2  0 262.372
 0 1 0 0 1 2  0 254.923
 0 1 0 0 3 2  0 259.286
 0 1 0 0 2 1  0 256.937
 0 1 0 0 2 3  0 251.178
 0 1 0 0 1 1  0 250.924
 0 1 0 0 1 4  0 254.6
 0 1 0 0 -2 5  0 254.301
 0 1 0 0 2 4  0 254.593
 0 1 0 0 -1 4  0 247.931
 0 1 0 0 1 5  2 252.168
 0 1 0 0 -1 3  0 251.198
 0 1 0 0 4 3  3 253.314
 0 1 0 0 0 2  0 253.634
 0 1 0 0 3 3  0 247.592
 0 1 0 0 0 1  0 251.829
 0 1 0 0 3 1  0 248.208
 0 1 0 0 1 0  0 258.82
 0 1 0 0 3 0  0 260.133
 0 1 0 0 1 -2  1 258.869
 0 1 0 0 4 0  0 256.902
 0 1 0 0 4 2  0 263.191
 0 1 0 0 1 -1  0 271.839
 0 1 0 0 4 1  0 278.713
 0 1 0 0 2 0  0 282.172
 0 1 0 0 5 1  2 284.799
 0 1 0 0 3 -1  0 288.396
 0 1 0 0 5 0  0 268.89
 0 1 0 0 2 -1  0 281.416
 0 1 0 0 5 -1  0 275.749
 0 1 0 0 2 -2  0 270.342
 0 1 0 0 6 -1  2 266.169
 0 1 0 0 1 -2  4 261.963
 0 1 0 0 5 -2  0 256.636
 0 1 0 0 2 -4  0 257.482
 0 1 0 0 4 -1  0 256.249
 0 1 0 0 2 -3  0 258.084
 0 1 0 0 4 -2  0 258.978
 0 1 0 0 3 -4  0 264.47
 0 1 0 0 6 -2  0 262.39
 0 1 0 0 3 -6  0 255.699
 0 1 0 0 6 -3  0 261.57
 0 1 0 0 3 -5  0 254.617
 0 1 0 0 7 -3  3 261.219
 0 1 0 0 3 -3  0 253.597
 0 1 0 0 6 -4  0 265.097
 0 1 0 0 3 -2  0 263.797
 0 1 0 0 5 -3  0 265.084
 0 1 0 0 4 -3  0 268.877
 0 1 0 0 5 -4  0 265.891
 0 1 0 0 4 -6  3 282.452
 0 1 0 0 6 -5  2 276.656
 0 1 0 0 5 -6  2 276.33
 0 1 0 0 5 -5  0 279.267
 0 1 0 0 4 -5  0 282.453
 0 1 0 0 4 -4  0 281.307
 0 1 0 0 2 -6  3 285.378
 0 1 0 0 1 -5  0 279.766
 0 1 0 0 0 -4  0 275.821
 0 1 0 0 0 -5  0 270.339
 0 1 0 0 -1 -3  0 271.086
 0 1 0 0 1 -6  2 265.469
 0 1 0 0 0 -3  0 261.173
 0 1 0 0 -2 -2  0 265.962
 0 1 0 0 -1 -2  0 263.843
 0 1 0 0 -3 -2  0 261.452
 0 1 0 0 -2 -1  0 258.62
 0 1 0 0 -2 -3  0 255.97
 0 1 0 0 -1 -1  0 253.037
 0 1 0 0 -1 -5  2 254.67
 0 1 0 0 2 -5  0 256.081
 0 1 0 0 -1 -4  0 256.629
 0 1 0 0 1 -4  0 259.108
 0 1 0 0 -2 -4  0 257.889
 0 1 0 0 1 -3  0 252.059
 0 1 0 0 -3 -4  3 257.35
 0 1 0 0 0 -2  0 255.792
 0 1 0 0 -3 -3  0 258.856
 0 1 0 0 0 -1  0 258.112
 0 1 0 0 -3 -1  0 255.777
 0 1 0 0 -1 0  0 254.854
 0 1 0 0 -3 0  0 261.133
 0 1 0 0 0 0  0 262.973
 0 1 0 0 -4 0  0 267.297
 0 1 0 0 -1 2  0 267.657
 0 1 0 0 -4 -2  0 272.754
 0 1 0 0 -1 1  0 278.474
 0 1 0 0 -4 -1  0 281.491
 0 1 0 0 -2 0  0 277.484
 0 1 0 0 -5 -1  2 291.456
 0 1 0 0 -3 1  0 287.293
 0 1 0 0 -5 0  0 282.968
 0 1 0 0 -2 1  0 287.707
 0 1 0 0 -5 1  0 280.309
 0 1 0 0 -2 2  0 266.366
 0 1 0 0 -6 1  2 268.62
 0 1 0 0 -2 4  1 258.91
 0 1 0 0 -5 2  0 260.53
 0 1 0 0 -2 4  4 256.382
 0 1 0 0 -4 1  0 255.321
 0 1 0 0 -2 3  0 258.116
 0 1 0 0 -4 2  0 257.43
 0 1 0 0 -3 4  0 258.511
 0 1 0 0 -6 2  0 261.369
 0 1 0 0 -3 6  0 265.347
 0 1 0 0 -6 3  0 259.867
 0 1 0 0 -3 5  0 255.647
 0 1 0 0 -7 4  3 262.693
 0 1 0 0 -3 3  0 251.316
 0 1 0 0 -6 4  0 264.863
 0 1 0 0 -3 2  0 265.348
 0 1 0 0 -5 3  0 265.933
 0 1 0 0 -4 3  0 270.487
 0 1 0 0 -5 4  0 275.754
 0 1 0 0 -4 7  3 277.879
 0 1 0 0 -6 5  2 276.294
 0 1 0 0 -5 6  2 272.94
 0 1 0 0 -5 5  0 284.958
 0 1 0 0 -4 5  0 286.908
 0 1 0 0 -4 4  0 286.236
