SCHEME_CODE 0
# CODE  LAYER SENSOR_IX SENSOR_IV  IX  IV TYPE  VALUE
 0 1 0 0 -3 7  3 273.054
 0 1 0 0 -1 5  0 277.907
 0 1 0 0 0 4  0 268.966
 0 1 0 0 0 5  0 260.004
 0 1 0 0 1 3  0 265.094
 0 1 0 0 -1 6  2 255.86
 0 1 0 0 0 3  0 248.029
 0 1 0 0 2 2  0 254.838
 0 1 0 0 1 2  0 257.123
 0 1 0 0 3 2  0 246.849
 0 1 0 0 2 1  0 251.159
 0 1 0 0 2 3  0 253.171
 0 1 0 0 1 1  0 261.61
 0 1 0 0 1 4  0 242.017
 0 1 0 0 -2 5  0 241.914
 0 1 0 0 2 4  0 244.774
 0 1 0 0 -1 4  0 245.244
 0 1 0 0 1 5  2 246.139
 0 1 0 0 -1 3  0 248.041
 0 1 0 0 4 3  3 248.282
 0 1 0 0 0 2  0 256.379
 0 1 0 0 3 3  0 243.328
 0 1 0 0 0 1  0 315.829
 0 1 0 0 3 1  0 246.778
 0 1 0 0 1 0  0 319.431
 0 1 0 0 3 0  0 254.674
 0 1 0 0 1 -2  1 256.068
 0 1 0 0 4 0  0 259.199
 0 1 0 0 4 2  0 261.981
 0 1 0 0 1 -1  0 331.453
 0 1 0 0 4 1  0 285.444
 0 1 0 0 2 0  0 291.346
 0 1 0 0 5 1  2 281.036
 0 1 0 0 3 -1  0 292.362
 0 1 0 0 5 0  0 272.121
 0 1 0 0 2 -1  0 289.212
 0 1 0 0 5 -1  0 273.427
 0 1 0 0 2 -2  0 265.071
 0 1 0 0 6 -1  2 260.589
 0 1 0 0 1 -2  4 274.253
 0 1 0 0 5 -2  0 253.139
 0 1 0 0 2 -4  0 250.099
 0 1 0 0 4 -1  0 253.992
 0 1 0 0 2 -3  0 251.034
 0 1 0 0 4 -2  0 256.18
 0 1 0 0 3 -4  0 254.812
 0 1 0 0 6 -2  0 244.762
 0 1 0 0 3 -6  0 245.37
 0 1 0 0 6 -3  0 245.473
 0 1 0 0 3 -5  0 244.824
 0 1 0 0 7 -3  3 252.269
 0 1 0 0 3 -3  0 249.841
 0 1 0 0 6 -4  0 256.916
 0 1 0 0 3 -2  0 262.743
 0 1 0 0 5 -3  0 256.799
 0 1 0 0 4 -3  0 263.501
 0 1 0 0 5 -4  0 266.44
 0 1 0 0 4 -6  3 271.324
 0 1 0 0 6 -5  2 266.989
 0 1 0 0 5 -6  2 281
 0 1 0 0 5 -5  0 278.152
 0 1 0 0 4 -5  0 273.067
 0 1 0 0 4 -4  0 272.962
 0 1 0 0 2 -6  3 3253.84
 0 1 0 0 1 -5  0 276.67
 0 1 0 0 0 -4  0 276.132
 0 1 0 0 0 -5  0 274.869
 0 1 0 0 -1 -3  0 269.402
 0 1 0 0 1 -6  2 264.703
 0 1 0 0 0 -3  0 254.248
 0 1 0 0 -2 -2  0 257.486
 0 1 0 0 -1 -2  0 261.319
 0 1 0 0 -3 -2  0 253.902
 0 1 0 0 -2 -1  0 262.203
 0 1 0 0 -2 -3  0 247.438
 0 1 0 0 -1 -1  0 271.223
 0 1 0 0 -1 -5  2 246.327
 0 1 0 0 2 -5  0 251.588
 0 1 0 0 -1 -4  0 250.233
 0 1 0 0 1 -4  0 244.309
 0 1 0 0 -2 -4  0 244.798
 0 1 0 0 1 -3  0 254.904
 0 1 0 0 -3 -4  3 247.431
 0 1 0 0 0 -2  0 257.491
 0 1 0 0 -3 -3  0 252.842
 0 1 0 0 0 -1  0 332.25
 0 1 0 0 -3 -1  0 253.82
 0 1 0 0 -1 0  0 372.768
 0 1 0 0 -3 0  0 258.289
 0 1 0 0 0 0  0 434.98
 0 1 0 0 -4 0  0 260.318
 0 1 0 0 -1 2  0 276.132
 0 1 0 0 -4 -2  0 269.763
 0 1 0 0 -1 1  0 367.084
 0 1 0 0 -4 -1  0 281.37
 0 1 0 0 -2 0  0 308.096
 0 1 0 0 -5 -1  2 286.247
 0 1 0 0 -3 1  0 301.383
 0 1 0 0 -5 0  0 287.149
 0 1 0 0 -2 1  0 307.231
 0 1 0 0 -5 1  0 274.067
 0 1 0 0 -2 2  0 285.854
 0 1 0 0 -6 1  2 263.882
 0 1 0 0 -2 4  1 268.753
 0 1 0 0 -5 2  0 261.81
 0 1 0 0 -2 4  4 256.949
 0 1 0 0 -4 1  0 259.75
 0 1 0 0 -2 3  0 257.558
 0 1 0 0 -4 2  0 257.866
 0 1 0 0 -3 4  0 258.279
 0 1 0 0 -6 2  0 254.559
 0 1 0 0 -3 6  0 250.788
 0 1 0 0 -6 3  0 253.798
 0 1 0 0 -3 5  0 254.428
 0 1 0 0 -7 4  3 253.397
 0 1 0 0 -3 3  0 262.269
 0 1 0 0 -6 4  0 262.418
 0 1 0 0 -3 2  0 266.937
 0 1 0 0 -5 3  0 255.986
 0 1 0 0 -4 3  0 264.877
 0 1 0 0 -5 4  0 264.746
 0 1 0 0 -4 7  3 273.187
 0 1 0 0 -6 5  2 278.39
 0 1 0 0 -5 6  2 283.364
 0 1 0 0 -5 5  0 278.604
 0 1 0 0 -4 5  0 287.221
 0 1 0 0 -4 4  0 287.689
