SCHEME_CODE 0
# CODE  LAYER SENSOR_IX SENSOR_IV  IX  IV TYPE  VALUE
 0 1 0 0 4 -7  5 268.007
 0 1 0 0 4 -5  0 265.301
 0 1 0 0 4 -4  0 260.394
 0 1 0 0 5 -5  0 255.926
 0 1 0 0 4 -3  0 250.033
 0 1 0 0 5 -6  2 252.359
 0 1 0 0 3 -3  0 249.012
 0 1 0 0 4 -2  0 245.724
 0 1 0 0 3 -2  0 247.039
 0 1 0 0 5 -2  0 249.349
 0 1 0 0 3 -1  0 253.069
 0 1 0 0 5 -3  0 238.814
 0 1 0 0 2 -1  0 243.468
 0 1 0 0 5 -4  0 244.394
 0 1 0 0 3 -5  0 247.049
 0 1 0 0 6 -4  0 242.378
 0 1 0 0 3 -4  0 242.881
 0 1 0 0 6 -5  2 238.776
 0 1 0 0 2 -3  0 245.708
 0 1 0 0 7 -3  3 246.315
 0 1 0 0 2 -2  0 241.192
 0 1 0 0 6 -3  0 246.802
 0 1 0 0 1 -1  0 235.986
 0 1 0 0 4 -1  0 239.417
 0 1 0 0 1 0  0 252.317
 0 1 0 0 3 0  0 256.911
 0 1 0 0 -1 2  1 254.18
 0 1 0 0 4 0  0 260.155
 0 1 0 0 6 -2  0 262.026
 0 1 0 0 0 1  0 263.98
 0 1 0 0 5 -1  0 275.634
 0 1 0 0 2 0  0 264.767
 0 1 0 0 6 -1  2 274.369
 0 1 0 0 2 1  0 275.925
 0 1 0 0 5 0  0 265.234
 0 1 0 0 1 1  0 272.252
 0 1 0 0 4 1  0 261.759
 0 1 0 0 0 2  0 261.803
 0 1 0 0 5 1  2 257.889
 0 1 0 0 -1 2  4 248.872
 0 1 0 0 3 2  0 256.527
 0 1 0 0 -2 4  0 263.708
 0 1 0 0 3 1  0 250.782
 0 1 0 0 -1 3  0 253.389
 0 1 0 0 2 2  0 252.67
 0 1 0 0 -1 4  0 249.987
 0 1 0 0 4 2  0 249.389
 0 1 0 0 -3 6  0 256.512
 0 1 0 0 3 3  0 251.55
 0 1 0 0 -2 5  0 255.814
 0 1 0 0 4 3  3 260.149
 0 1 0 0 0 3  0 269.254
 0 1 0 0 2 4  0 260.932
 0 1 0 0 1 2  0 268.079
 0 1 0 0 2 3  0 272.382
 0 1 0 0 1 3  0 263.965
 0 1 0 0 1 4  0 267.856
 0 1 0 0 -2 6  5 271.861
 0 1 0 0 1 5  2 265.321
 0 1 0 0 -1 6  2 269.408
 0 1 0 0 0 5  0 266.108
 0 1 0 0 -1 5  0 264.385
 0 1 0 0 0 4  0 260.809
 0 1 0 0 -4 6  5 277.026
 0 1 0 0 -4 5  0 275.917
 0 1 0 0 -4 4  0 271.189
 0 1 0 0 -5 5  0 272.267
 0 1 0 0 -4 3  0 264.191
 0 1 0 0 -5 6  2 263.945
 0 1 0 0 -3 3  0 257.86
 0 1 0 0 -4 2  0 258.303
 0 1 0 0 -3 2  0 255.011
 0 1 0 0 -5 2  0 252.068
 0 1 0 0 -3 1  0 252.573
 0 1 0 0 -5 3  0 250.479
 0 1 0 0 -2 1  0 240.757
 0 1 0 0 -6 5  2 250.62
 0 1 0 0 -3 5  0 251.115
 0 1 0 0 -5 4  0 252.934
 0 1 0 0 -3 4  0 238.937
 0 1 0 0 -6 4  0 253.006
 0 1 0 0 -2 3  0 238.518
 0 1 0 0 -7 4  3 248.308
 0 1 0 0 -2 2  0 245.991
 0 1 0 0 -6 3  0 250.39
 0 1 0 0 -1 1  0 248.936
 0 1 0 0 -4 1  0 252.548
 0 1 0 0 -1 0  0 249.892
 0 1 0 0 -3 0  0 253.504
 0 1 0 0 0 0  0 254.989
 0 1 0 0 -4 0  0 260.739
 0 1 0 0 1 -2  0 261.528
 0 1 0 0 -6 2  0 262.733
 0 1 0 0 0 -1  0 276.756
 0 1 0 0 -5 1  0 272.018
 0 1 0 0 -2 0  0 280.848
 0 1 0 0 -6 1  2 281.965
 0 1 0 0 -2 -1  0 282.649
 0 1 0 0 -5 0  0 276.397
 0 1 0 0 -1 -1  0 275.969
 0 1 0 0 -4 -1  0 267.006
 0 1 0 0 0 -2  0 268.178
 0 1 0 0 -5 -1  2 264.79
 0 1 0 0 2 -4  1 260.176
 0 1 0 0 -3 -2  0 261.328
 0 1 0 0 2 -4  4 256.296
 0 1 0 0 -3 -1  0 260.496
 0 1 0 0 1 -3  0 255.907
 0 1 0 0 -2 -2  0 262.932
 0 1 0 0 1 -4  0 260.584
 0 1 0 0 -4 -2  0 256.331
 0 1 0 0 3 -6  0 255.393
 0 1 0 0 -3 -3  0 250.843
 0 1 0 0 2 -5  0 260.082
 0 1 0 0 -3 -4  3 252.237
 0 1 0 0 0 -3  0 258.814
 0 1 0 0 -2 -4  0 255.558
 0 1 0 0 -1 -2  0 262.356
 0 1 0 0 -2 -3  0 263.174
 0 1 0 0 -1 -3  0 261.841
 0 1 0 0 -1 -4  0 269.611
 0 1 0 0 3 -7  5 266.955
 0 1 0 0 -1 -5  2 278.165
 0 1 0 0 1 -6  2 280.777
 0 1 0 0 0 -5  0 272.626
 0 1 0 0 1 -5  0 271.928
 0 1 0 0 0 -4  0 274.405
 0 2 0 0 4 -7  5 266.988
 0 2 0 0 4 -5  0 259.834
 0 2 0 0 4 -4  0 259.005
 0 2 0 0 5 -5  0 258.07
 0 2 0 0 4 -3  0 251.325
 0 2 0 0 5 -6  2 250.952
 0 2 0 0 3 -3  0 245.036
 0 2 0 0 4 -2  0 248.178
 0 2 0 0 3 -2  0 250.673
 0 2 0 0 5 -2  0 244.438
 0 2 0 0 3 -1  0 242.928
 0 2 0 0 5 -3  0 242.877
 0 2 0 0 2 -1  0 242.653
 0 2 0 0 5 -4  0 241.239
 0 2 0 0 3 -5  0 234.453
 0 2 0 0 6 -4  0 237.646
 0 2 0 0 3 -4  0 242.388
 0 2 0 0 6 -5  2 241.322
 0 2 0 0 2 -3  0 243.174
 0 2 0 0 7 -3  3 243.512
 0 2 0 0 2 -2  0 238.248
 0 2 0 0 6 -3  0 231.965
 0 2 0 0 1 -1  0 237.057
 0 2 0 0 4 -1  0 238.812
 0 2 0 0 1 0  0 241.146
 0 2 0 0 3 0  0 247.288
 0 2 0 0 -1 2  1 245.8
 0 2 0 0 4 0  0 253.66
 0 2 0 0 6 -2  0 255.813
 0 2 0 0 0 1  0 262.007
 0 2 0 0 5 -1  0 261.347
 0 2 0 0 2 0  0 264.375
 0 2 0 0 6 -1  2 265.586
 0 2 0 0 2 1  0 259.335
 0 2 0 0 5 0  0 260.681
 0 2 0 0 1 1  0 267.289
 0 2 0 0 4 1  0 261.597
 0 2 0 0 0 2  0 262.077
 0 2 0 0 5 1  2 252.864
 0 2 0 0 -1 2  4 250.825
 0 2 0 0 3 2  0 250.909
 0 2 0 0 -2 4  0 242.103
 0 2 0 0 3 1  0 245.718
 0 2 0 0 -1 3  0 242.342
 0 2 0 0 2 2  0 244.418
 0 2 0 0 -1 4  0 246.297
 0 2 0 0 4 2  0 236.165
 0 2 0 0 -3 6  0 241.218
 0 2 0 0 3 3  0 249.173
 0 2 0 0 -2 5  0 240.348
 0 2 0 0 4 3  3 247.982
 0 2 0 0 0 3  0 247.278
 0 2 0 0 2 4  0 257.333
 0 2 0 0 1 2  0 247.789
 0 2 0 0 2 3  0 248.576
 0 2 0 0 1 3  0 254.885
 0 2 0 0 1 4  0 252.347
 0 2 0 0 -2 6  5 260.816
 0 2 0 0 1 5  2 263.506
 0 2 0 0 -1 6  2 258.907
 0 2 0 0 0 5  0 259.262
 0 2 0 0 -1 5  0 256.448
 0 2 0 0 0 4  0 258.148
 0 2 0 0 -4 6  5 304.696
 0 2 0 0 -4 5  0 311.978
 0 2 0 0 -4 4  0 301.995
 0 2 0 0 -5 5  0 300.853
 0 2 0 0 -4 3  0 297.079
 0 2 0 0 -5 6  2 285.415
 0 2 0 0 -3 3  0 281.783
 0 2 0 0 -4 2  0 287.928
 0 2 0 0 -3 2  0 292.287
 0 2 0 0 -5 2  0 288.244
 0 2 0 0 -3 1  0 276.414
 0 2 0 0 -5 3  0 279.348
 0 2 0 0 -2 1  0 281.69
 0 2 0 0 -6 5  2 275.74
 0 2 0 0 -3 5  0 280.672
 0 2 0 0 -5 4  0 279.442
 0 2 0 0 -3 4  0 273.281
 0 2 0 0 -6 4  0 277.353
 0 2 0 0 -2 3  0 279.53
 0 2 0 0 -7 4  3 275.592
 0 2 0 0 -2 2  0 284.25
 0 2 0 0 -6 3  0 279.294
 0 2 0 0 -1 1  0 278.219
 0 2 0 0 -4 1  0 285.805
 0 2 0 0 -1 0  0 284.461
 0 2 0 0 -3 0  0 288.795
 0 2 0 0 0 0  0 288.118
 0 2 0 0 -4 0  0 285.295
 0 2 0 0 1 -2  0 302.291
 0 2 0 0 -6 2  0 300.811
 0 2 0 0 0 -1  0 306.245
 0 2 0 0 -5 1  0 308.082
 0 2 0 0 -2 0  0 297.692
 0 2 0 0 -6 1  2 309.302
 0 2 0 0 -2 -1  0 310.131
 0 2 0 0 -5 0  0 301.618
 0 2 0 0 -1 -1  0 298.993
 0 2 0 0 -4 -1  0 298.092
 0 2 0 0 0 -2  0 299.868
 0 2 0 0 -5 -1  2 292.553
 0 2 0 0 2 -4  1 292.858
 0 2 0 0 -3 -2  0 282.688
 0 2 0 0 2 -4  4 286.509
 0 2 0 0 -3 -1  0 288.797
 0 2 0 0 1 -3  0 278.71
 0 2 0 0 -2 -2  0 288.359
 0 2 0 0 1 -4  0 289.705
 0 2 0 0 -4 -2  0 282.144
 0 2 0 0 3 -6  0 290.629
 0 2 0 0 -3 -3  0 286.375
 0 2 0 0 2 -5  0 283.707
 0 2 0 0 -3 -4  3 285.357
 0 2 0 0 0 -3  0 276.189
 0 2 0 0 -2 -4  0 281.252
 0 2 0 0 -1 -2  0 290.778
 0 2 0 0 -2 -3  0 294.209
 0 2 0 0 -1 -3  0 291.452
 0 2 0 0 -1 -4  0 295.053
 0 2 0 0 3 -7  5 294.716
 0 2 0 0 -1 -5  2 295.257
 0 2 0 0 1 -6  2 302.94
 0 2 0 0 0 -5  0 303.485
 0 2 0 0 1 -5  0 304.63
 0 2 0 0 0 -4  0 304.248
 0 3 0 0 4 -7  5 281.09
 0 3 0 0 4 -5  0 283.451
 0 3 0 0 4 -4  0 283.408
 0 3 0 0 5 -5  0 279.722
 0 3 0 0 4 -3  0 285.131
 0 3 0 0 5 -6  2 280.582
 0 3 0 0 3 -3  0 274.368
 0 3 0 0 4 -2  0 272.461
 0 3 0 0 3 -2  0 274.783
 0 3 0 0 5 -2  0 268.493
 0 3 0 0 3 -1  0 267.418
 0 3 0 0 5 -3  0 260.648
 0 3 0 0 2 -1  0 255.714
 0 3 0 0 5 -4  0 264.53
 0 3 0 0 3 -5  0 259.282
 0 3 0 0 6 -4  0 264.66
 0 3 0 0 3 -4  0 265.708
 0 3 0 0 6 -5  2 254.459
 0 3 0 0 2 -3  0 263.292
 0 3 0 0 7 -3  3 259.054
 0 3 0 0 2 -2  0 267.42
 0 3 0 0 6 -3  0 260.118
 0 3 0 0 1 -1  0 260.077
 0 3 0 0 4 -1  0 261.381
 0 3 0 0 1 0  0 269.225
 0 3 0 0 3 0  0 277.228
 0 3 0 0 -1 2  1 261.021
 0 3 0 0 4 0  0 270.016
 0 3 0 0 6 -2  0 288.82
 0 3 0 0 0 1  0 285.782
 0 3 0 0 5 -1  0 279.298
 0 3 0 0 2 0  0 286.656
 0 3 0 0 6 -1  2 294.835
 0 3 0 0 2 1  0 294.004
 0 3 0 0 5 0  0 285.015
 0 3 0 0 1 1  0 273.388
 0 3 0 0 4 1  0 272.495
 0 3 0 0 0 2  0 272.497
 0 3 0 0 5 1  2 275.603
 0 3 0 0 -1 2  4 270.321
 0 3 0 0 3 2  0 254.158
 0 3 0 0 -2 4  0 262.933
 0 3 0 0 3 1  0 261.082
 0 3 0 0 -1 3  0 258.301
 0 3 0 0 2 2  0 251.232
 0 3 0 0 -1 4  0 265.347
 0 3 0 0 4 2  0 253.248
 0 3 0 0 -3 6  0 251.85
 0 3 0 0 3 3  0 265.42
 0 3 0 0 -2 5  0 253.838
 0 3 0 0 4 3  3 254.363
 0 3 0 0 0 3  0 257.125
 0 3 0 0 2 4  0 265.002
 0 3 0 0 1 2  0 257.398
 0 3 0 0 2 3  0 261.188
 0 3 0 0 1 3  0 258.219
 0 3 0 0 1 4  0 272.011
 0 3 0 0 -2 6  5 271.94
 0 3 0 0 1 5  2 275.899
 0 3 0 0 -1 6  2 275.549
 0 3 0 0 0 5  0 282.565
 0 3 0 0 -1 5  0 285.574
 0 3 0 0 0 4  0 278.592
 0 3 0 0 -4 6  5 286.316
 0 3 0 0 -4 5  0 283.157
 0 3 0 0 -4 4  0 282.846
 0 3 0 0 -5 5  0 284.29
 0 3 0 0 -4 3  0 272.895
 0 3 0 0 -5 6  2 271.572
 0 3 0 0 -3 3  0 266.053
 0 3 0 0 -4 2  0 258.967
 0 3 0 0 -3 2  0 265.985
 0 3 0 0 -5 2  0 264.637
 0 3 0 0 -3 1  0 263.83
 0 3 0 0 -5 3  0 266.457
 0 3 0 0 -2 1  0 270.048
 0 3 0 0 -6 5  2 261.03
 0 3 0 0 -3 5  0 259.473
 0 3 0 0 -5 4  0 264.147
 0 3 0 0 -3 4  0 255.414
 0 3 0 0 -6 4  0 262.197
 0 3 0 0 -2 3  0 262.324
 0 3 0 0 -7 4  3 258.613
 0 3 0 0 -2 2  0 253.966
 0 3 0 0 -6 3  0 264.525
 0 3 0 0 -1 1  0 269.195
 0 3 0 0 -4 1  0 267.422
 0 3 0 0 -1 0  0 267.623
 0 3 0 0 -3 0  0 261.74
 0 3 0 0 0 0  0 278.501
 0 3 0 0 -4 0  0 271.411
 0 3 0 0 1 -2  0 280.025
 0 3 0 0 -6 2  0 279.114
 0 3 0 0 0 -1  0 279.197
 0 3 0 0 -5 1  0 290.001
 0 3 0 0 -2 0  0 289.423
 0 3 0 0 -6 1  2 292.519
 0 3 0 0 -2 -1  0 296.544
 0 3 0 0 -5 0  0 287.983
 0 3 0 0 -1 -1  0 287.082
 0 3 0 0 -4 -1  0 280.207
 0 3 0 0 0 -2  0 277.294
 0 3 0 0 -5 -1  2 274.137
 0 3 0 0 2 -4  1 282.849
 0 3 0 0 -3 -2  0 274.202
 0 3 0 0 2 -4  4 269.042
 0 3 0 0 -3 -1  0 266.692
 0 3 0 0 1 -3  0 268.462
 0 3 0 0 -2 -2  0 264.127
 0 3 0 0 1 -4  0 270.773
 0 3 0 0 -4 -2  0 267.138
 0 3 0 0 3 -6  0 261.158
 0 3 0 0 -3 -3  0 264.079
 0 3 0 0 2 -5  0 271.761
 0 3 0 0 -3 -4  3 264.882
 0 3 0 0 0 -3  0 266.564
 0 3 0 0 -2 -4  0 272.973
 0 3 0 0 -1 -2  0 266.136
 0 3 0 0 -2 -3  0 267.084
 0 3 0 0 -1 -3  0 266.81
 0 3 0 0 -1 -4  0 285.288
 0 3 0 0 3 -7  5 285.667
 0 3 0 0 -1 -5  2 283.883
 0 3 0 0 1 -6  2 284.983
 0 3 0 0 0 -5  0 291.108
 0 3 0 0 1 -5  0 291.402
 0 3 0 0 0 -4  0 283.363
 0 4 0 0 4 -7  5 278.656
 0 4 0 0 4 -5  0 269.564
 0 4 0 0 4 -4  0 266.97
 0 4 0 0 5 -5  0 259.923
 0 4 0 0 4 -3  0 264.902
 0 4 0 0 5 -6  2 261.049
 0 4 0 0 3 -3  0 258.728
 0 4 0 0 4 -2  0 264.252
 0 4 0 0 3 -2  0 256.988
 0 4 0 0 5 -2  0 251.709
 0 4 0 0 3 -1  0 251.12
 0 4 0 0 5 -3  0 250.294
 0 4 0 0 2 -1  0 251.487
 0 4 0 0 5 -4  0 248.32
 0 4 0 0 3 -5  0 252.833
 0 4 0 0 6 -4  0 252.805
 0 4 0 0 3 -4  0 255.056
 0 4 0 0 6 -5  2 246.31
 0 4 0 0 2 -3  0 244.599
 0 4 0 0 7 -3  3 252.948
 0 4 0 0 2 -2  0 247.177
 0 4 0 0 6 -3  0 249.847
 0 4 0 0 1 -1  0 245.554
 0 4 0 0 4 -1  0 256.748
 0 4 0 0 1 0  0 254.941
 0 4 0 0 3 0  0 258.223
 0 4 0 0 -1 2  1 254.942
 0 4 0 0 4 0  0 259.505
 0 4 0 0 6 -2  0 269.077
 0 4 0 0 0 1  0 270.861
 0 4 0 0 5 -1  0 269.133
 0 4 0 0 2 0  0 276.626
 0 4 0 0 6 -1  2 283.427
 0 4 0 0 2 1  0 278.816
 0 4 0 0 5 0  0 276.3
 0 4 0 0 1 1  0 275.411
 0 4 0 0 4 1  0 275.863
 0 4 0 0 0 2  0 264.668
 0 4 0 0 5 1  2 269.763
 0 4 0 0 -1 2  4 262.346
 0 4 0 0 3 2  0 262.829
 0 4 0 0 -2 4  0 259.437
 0 4 0 0 3 1  0 253.383
 0 4 0 0 -1 3  0 256.913
 0 4 0 0 2 2  0 250.244
 0 4 0 0 -1 4  0 260.058
 0 4 0 0 4 2  0 262.014
 0 4 0 0 -3 6  0 256.903
 0 4 0 0 3 3  0 264.358
 0 4 0 0 -2 5  0 273.123
 0 4 0 0 4 3  3 262.329
 0 4 0 0 0 3  0 265.742
 0 4 0 0 2 4  0 263.379
 0 4 0 0 1 2  0 266.632
 0 4 0 0 2 3  0 268.178
 0 4 0 0 1 3  0 267.039
 0 4 0 0 1 4  0 281.954
 0 4 0 0 -2 6  5 272.228
 0 4 0 0 1 5  2 275.835
 0 4 0 0 -1 6  2 278.757
 0 4 0 0 0 5  0 276.375
 0 4 0 0 -1 5  0 271.062
 0 4 0 0 0 4  0 274.507
 0 4 0 0 -4 6  5 272.098
 0 4 0 0 -4 5  0 262.976
 0 4 0 0 -4 4  0 271.868
 0 4 0 0 -5 5  0 262.827
 0 4 0 0 -4 3  0 263.834
 0 4 0 0 -5 6  2 257.417
 0 4 0 0 -3 3  0 255.592
 0 4 0 0 -4 2  0 245.197
 0 4 0 0 -3 2  0 247.447
 0 4 0 0 -5 2  0 246.359
 0 4 0 0 -3 1  0 248.962
 0 4 0 0 -5 3  0 246.32
 0 4 0 0 -2 1  0 248.618
 0 4 0 0 -6 5  2 239.913
 0 4 0 0 -3 5  0 245.838
 0 4 0 0 -5 4  0 242.933
 0 4 0 0 -3 4  0 245.708
 0 4 0 0 -6 4  0 233.031
 0 4 0 0 -2 3  0 248.341
 0 4 0 0 -7 4  3 248.801
 0 4 0 0 -2 2  0 251.382
 0 4 0 0 -6 3  0 242.762
 0 4 0 0 -1 1  0 237.79
 0 4 0 0 -4 1  0 246.665
 0 4 0 0 -1 0  0 252.898
 0 4 0 0 -3 0  0 248.086
 0 4 0 0 0 0  0 248.541
 0 4 0 0 -4 0  0 254.191
 0 4 0 0 1 -2  0 254.989
 0 4 0 0 -6 2  0 251.899
 0 4 0 0 0 -1  0 266.86
 0 4 0 0 -5 1  0 265.398
 0 4 0 0 -2 0  0 271.028
 0 4 0 0 -6 1  2 268.843
 0 4 0 0 -2 -1  0 271.801
 0 4 0 0 -5 0  0 264.366
 0 4 0 0 -1 -1  0 267.346
 0 4 0 0 -4 -1  0 261.384
 0 4 0 0 0 -2  0 260.467
 0 4 0 0 -5 -1  2 259.118
 0 4 0 0 2 -4  1 254.745
 0 4 0 0 -3 -2  0 252.807
 0 4 0 0 2 -4  4 255.885
 0 4 0 0 -3 -1  0 249.141
 0 4 0 0 1 -3  0 250.844
 0 4 0 0 -2 -2  0 253.332
 0 4 0 0 1 -4  0 251.992
 0 4 0 0 -4 -2  0 262.597
 0 4 0 0 3 -6  0 251.425
 0 4 0 0 -3 -3  0 247.033
 0 4 0 0 2 -5  0 253.491
 0 4 0 0 -3 -4  3 241.923
 0 4 0 0 0 -3  0 253.273
 0 4 0 0 -2 -4  0 254.976
 0 4 0 0 -1 -2  0 250.971
 0 4 0 0 -2 -3  0 255.954
 0 4 0 0 -1 -3  0 261.56
 0 4 0 0 -1 -4  0 268.116
 0 4 0 0 3 -7  5 262.068
 0 4 0 0 -1 -5  2 275.493
 0 4 0 0 1 -6  2 266.795
 0 4 0 0 0 -5  0 263.758
 0 4 0 0 1 -5  0 264.87
 0 4 0 0 0 -4  0 262.627
 0 5 0 0 -3 7  5 269.827
 0 5 0 0 -1 5  0 268.435
 0 5 0 0 0 4  0 273.716
 0 5 0 0 0 5  0 260.432
 0 5 0 0 1 3  0 258.348
 0 5 0 0 -1 6  2 259.164
 0 5 0 0 0 3  0 264.162
 0 5 0 0 2 2  0 257.072
 0 5 0 0 1 2  0 257.285
 0 5 0 0 3 2  0 252.593
 0 5 0 0 2 1  0 255.04
 0 5 0 0 2 3  0 254.045
 0 5 0 0 1 1  0 253.248
 0 5 0 0 1 4  0 244.333
 0 5 0 0 -2 5  0 251.593
 0 5 0 0 2 4  0 255.043
 0 5 0 0 -1 4  0 251.43
 0 5 0 0 1 5  2 240.708
 0 5 0 0 -1 3  0 247.142
 0 5 0 0 4 3  3 249.833
 0 5 0 0 0 2  0 244.593
 0 5 0 0 3 3  0 254.203
 0 5 0 0 0 1  0 252.49
 0 5 0 0 3 1  0 253.924
 0 5 0 0 1 0  0 250.111
 0 5 0 0 3 0  0 257.243
 0 5 0 0 1 -2  1 254.766
 0 5 0 0 4 0  0 264.353
 0 5 0 0 4 2  0 264.139
 0 5 0 0 1 -1  0 273.542
 0 5 0 0 4 1  0 282.023
 0 5 0 0 2 0  0 271.068
 0 5 0 0 5 1  2 271.105
 0 5 0 0 3 -1  0 276.633
 0 5 0 0 5 0  0 278.288
 0 5 0 0 2 -1  0 277.647
 0 5 0 0 5 -1  0 265.378
 0 5 0 0 2 -2  0 253.867
 0 5 0 0 6 -1  2 257.147
 0 5 0 0 1 -2  4 256.811
 0 5 0 0 5 -2  0 254.029
 0 5 0 0 2 -4  0 262.098
 0 5 0 0 4 -1  0 262.387
 0 5 0 0 2 -3  0 247.046
 0 5 0 0 4 -2  0 252.225
 0 5 0 0 3 -4  0 253.572
 0 5 0 0 6 -2  0 256.35
 0 5 0 0 3 -6  0 252.251
 0 5 0 0 6 -3  0 263.212
 0 5 0 0 3 -5  0 252.112
 0 5 0 0 7 -3  3 255.007
 0 5 0 0 3 -3  0 258.936
 0 5 0 0 6 -4  0 251.315
 0 5 0 0 3 -2  0 251.309
 0 5 0 0 5 -3  0 265.087
 0 5 0 0 4 -3  0 267.9
 0 5 0 0 5 -4  0 267.355
 0 5 0 0 4 -6  5 269.32
 0 5 0 0 6 -5  2 271.349
 0 5 0 0 5 -6  2 269.758
 0 5 0 0 5 -5  0 262.358
 0 5 0 0 4 -5  0 270.823
 0 5 0 0 4 -4  0 264.377
 0 5 0 0 2 -6  5 269.381
 0 5 0 0 1 -5  0 269.308
 0 5 0 0 0 -4  0 269.542
 0 5 0 0 0 -5  0 266.612
 0 5 0 0 -1 -3  0 258.758
 0 5 0 0 1 -6  2 256.518
 0 5 0 0 0 -3  0 259.988
 0 5 0 0 -2 -2  0 264.217
 0 5 0 0 -1 -2  0 256.731
 0 5 0 0 -3 -2  0 251.432
 0 5 0 0 -2 -1  0 249.728
 0 5 0 0 -2 -3  0 249.129
 0 5 0 0 -1 -1  0 246.075
 0 5 0 0 -1 -5  2 248.59
 0 5 0 0 2 -5  0 247.73
 0 5 0 0 -1 -4  0 251.174
 0 5 0 0 1 -4  0 253.738
 0 5 0 0 -2 -4  0 246.737
 0 5 0 0 1 -3  0 245.433
 0 5 0 0 -3 -4  3 252.955
 0 5 0 0 0 -2  0 246.488
 0 5 0 0 -3 -3  0 242.514
 0 5 0 0 0 -1  0 242.514
 0 5 0 0 -3 -1  0 247.648
 0 5 0 0 -1 0  0 250.176
 0 5 0 0 -3 0  0 253.41
 0 5 0 0 0 0  0 247.438
 0 5 0 0 -4 0  0 259.137
 0 5 0 0 -1 2  0 262.717
 0 5 0 0 -4 -2  0 260.481
 0 5 0 0 -1 1  0 272.188
 0 5 0 0 -4 -1  0 267.805
 0 5 0 0 -2 0  0 272.974
 0 5 0 0 -5 -1  2 271.337
 0 5 0 0 -3 1  0 266.557
 0 5 0 0 -5 0  0 271.044
 0 5 0 0 -2 1  0 263.289
 0 5 0 0 -5 1  0 257.317
 0 5 0 0 -2 2  0 258.973
 0 5 0 0 -6 1  2 253.403
 0 5 0 0 -2 4  1 252.991
 0 5 0 0 -5 2  0 251.873
 0 5 0 0 -2 4  4 248.864
 0 5 0 0 -4 1  0 254.643
 0 5 0 0 -2 3  0 260.052
 0 5 0 0 -4 2  0 245.232
 0 5 0 0 -3 4  0 244.822
 0 5 0 0 -6 2  0 254.172
 0 5 0 0 -3 6  0 249.729
 0 5 0 0 -6 3  0 253.458
 0 5 0 0 -3 5  0 249.313
 0 5 0 0 -7 4  3 253.857
 0 5 0 0 -3 3  0 253.416
 0 5 0 0 -6 4  0 254.75
 0 5 0 0 -3 2  0 258.804
 0 5 0 0 -5 3  0 259.132
 0 5 0 0 -4 3  0 261.22
 0 5 0 0 -5 4  0 260.966
 0 5 0 0 -4 7  5 272.311
 0 5 0 0 -6 5  2 273.739
 0 5 0 0 -5 6  2 267.776
 0 5 0 0 -5 5  0 264.894
 0 5 0 0 -4 5  0 271.758
 0 5 0 0 -4 4  0 264.649
 0 6 0 0 4 -7  5 264.256
 0 6 0 0 5 -6  2 259.159
 0 6 0 0 4 -4  0 260.177
 0 6 0 0 5 -5  0 257.409
 0 6 0 0 4 -3  0 249.415
 0 6 0 0 4 -5  0 248.502
 0 6 0 0 3 -3  0 243.435
 0 6 0 0 5 -4  0 235.39
 0 6 0 0 3 -2  0 239.663
 0 6 0 0 6 -4  0 234.162
 0 6 0 0 3 -1  0 239.042
 0 6 0 0 4 -2  0 237.521
 0 6 0 0 2 -1  0 233.91
 0 6 0 0 5 -2  0 239.937
 0 6 0 0 3 -5  0 225.155
 0 6 0 0 5 -3  0 233.877
 0 6 0 0 3 -4  0 233.586
 0 6 0 0 6 -5  2 236.738
 0 6 0 0 2 -3  0 235.713
 0 6 0 0 7 -3  3 226.376
 0 6 0 0 2 -2  0 237.982
 0 6 0 0 6 -3  0 237.363
 0 6 0 0 2 -4  1 230.973
 0 6 0 0 4 -1  0 242.504
 0 6 0 0 1 -1  0 234.742
 0 6 0 0 3 0  0 245.963
 0 6 0 0 1 0  0 247.031
 0 6 0 0 4 0  0 239.893
 0 6 0 0 6 -2  0 246.529
 0 6 0 0 0 1  0 254.758
 0 6 0 0 5 -1  0 261.012
 0 6 0 0 2 0  0 262.927
 0 6 0 0 6 -1  2 263.102
 0 6 0 0 2 1  0 258.97
 0 6 0 0 5 0  0 262.718
 0 6 0 0 1 1  0 260.291
 0 6 0 0 4 1  0 257.187
 0 6 0 0 0 2  0 250.512
 0 6 0 0 5 1  2 245.678
 0 6 0 0 -1 2  4 251.063
 0 6 0 0 3 2  0 245.102
 0 6 0 0 -2 4  0 240.544
 0 6 0 0 3 1  0 252.406
 0 6 0 0 -1 3  0 239.857
 0 6 0 0 2 2  0 241.91
 0 6 0 0 -1 4  0 235.525
 0 6 0 0 4 2  0 244.525
 0 6 0 0 -3 6  0 233.167
 0 6 0 0 3 3  0 237.166
 0 6 0 0 -2 5  0 240.069
 0 6 0 0 4 3  3 246.759
 0 6 0 0 0 3  0 246.332
 0 6 0 0 2 4  0 244.265
 0 6 0 0 1 2  0 247.55
 0 6 0 0 2 3  0 243.292
 0 6 0 0 1 3  0 254.948
 0 6 0 0 1 4  0 251.176
 0 6 0 0 -1 5  0 252.229
 0 6 0 0 1 5  2 256.364
 0 6 0 0 -2 6  5 255.724
 0 6 0 0 0 5  0 261.502
 0 6 0 0 -1 6  2 254.094
 0 6 0 0 0 4  0 254.911
 0 6 0 0 -4 6  5 265.483
 0 6 0 0 -5 6  2 271.338
 0 6 0 0 -4 4  0 262.273
 0 6 0 0 -5 5  0 259.699
 0 6 0 0 -4 3  0 260.777
 0 6 0 0 -4 5  0 258.355
 0 6 0 0 -3 3  0 247.398
 0 6 0 0 -6 5  2 253.561
 0 6 0 0 -3 2  0 249.997
 0 6 0 0 -5 4  0 252.986
 0 6 0 0 -3 1  0 254.032
 0 6 0 0 -4 2  0 251.96
 0 6 0 0 -2 1  0 250.652
 0 6 0 0 -5 2  0 241.532
 0 6 0 0 -3 5  0 244.24
 0 6 0 0 -5 3  0 243.132
 0 6 0 0 -3 4  0 244.214
 0 6 0 0 -6 4  0 244.624
 0 6 0 0 -2 3  0 245.841
 0 6 0 0 -7 4  3 254.007
 0 6 0 0 -2 2  0 242.593
 0 6 0 0 -6 3  0 246.494
 0 6 0 0 -1 2  1 248.649
 0 6 0 0 -4 1  0 254.313
 0 6 0 0 -1 1  0 243.615
 0 6 0 0 -3 0  0 256.399
 0 6 0 0 -1 0  0 253.024
 0 6 0 0 -4 0  0 248.917
 0 6 0 0 0 0  0 254.634
 0 6 0 0 -6 2  0 267.133
 0 6 0 0 0 -1  0 264.118
 0 6 0 0 -5 1  0 265.918
 0 6 0 0 -2 0  0 267.742
 0 6 0 0 -6 1  2 282.494
 0 6 0 0 -2 -1  0 269.451
 0 6 0 0 -5 0  0 272.441
 0 6 0 0 -1 -1  0 268.244
 0 6 0 0 -4 -1  0 263.892
 0 6 0 0 0 -2  0 252.637
 0 6 0 0 -5 -1  2 257.572
 0 6 0 0 1 -2  0 259.842
 0 6 0 0 -3 -2  0 247.194
 0 6 0 0 2 -4  4 252.716
 0 6 0 0 -3 -1  0 259.147
 0 6 0 0 1 -3  0 251.777
 0 6 0 0 -2 -2  0 246.598
 0 6 0 0 1 -4  0 248.73
 0 6 0 0 -4 -2  0 257.793
 0 6 0 0 3 -6  0 253.753
 0 6 0 0 -3 -3  0 259.064
 0 6 0 0 2 -5  0 256.566
 0 6 0 0 -4 -3  3 251.112
 0 6 0 0 0 -3  0 260.003
 0 6 0 0 -2 -4  0 248.273
 0 6 0 0 -1 -2  0 250.349
 0 6 0 0 -2 -3  0 260.738
 0 6 0 0 -1 -3  0 269.454
 0 6 0 0 -1 -4  0 266.839
 0 6 0 0 1 -5  0 264.638
 0 6 0 0 -1 -5  2 265.974
 0 6 0 0 2 -6  5 271.178
 0 6 0 0 0 -5  0 268.833
 0 6 0 0 1 -6  2 261.431
 0 6 0 0 0 -4  0 260.625
 0 7 0 0 -3 7  5 282.087
 0 7 0 0 -1 5  0 273.119
 0 7 0 0 0 4  0 277.698
 0 7 0 0 0 5  0 278.062
 0 7 0 0 1 3  0 266.159
 0 7 0 0 -1 6  2 267.236
 0 7 0 0 0 3  0 264.588
 0 7 0 0 2 2  0 263.915
 0 7 0 0 1 2  0 256.757
 0 7 0 0 3 2  0 260.574
 0 7 0 0 2 1  0 258.647
 0 7 0 0 2 3  0 252.713
 0 7 0 0 1 1  0 252.576
 0 7 0 0 1 4  0 255.928
 0 7 0 0 -2 5  0 255.993
 0 7 0 0 2 4  0 255.71
 0 7 0 0 -1 4  0 249.699
 0 7 0 0 1 5  2 253.792
 0 7 0 0 -1 3  0 252.882
 0 7 0 0 4 3  3 254.488
 0 7 0 0 0 2  0 254.889
 0 7 0 0 3 3  0 249.148
 0 7 0 0 0 1  0 253.926
 0 7 0 0 3 1  0 250.429
 0 7 0 0 1 0  0 261.641
 0 7 0 0 3 0  0 263.082
 0 7 0 0 1 -2  1 261.495
 0 7 0 0 4 0  0 259.697
 0 7 0 0 4 2  0 265.567
 0 7 0 0 1 -1  0 272.531
 0 7 0 0 4 1  0 277.377
 0 7 0 0 2 0  0 280.488
 0 7 0 0 5 1  2 282.031
 0 7 0 0 3 -1  0 285.473
 0 7 0 0 5 0  0 269.053
 0 7 0 0 2 -1  0 281.214
 0 7 0 0 5 -1  0 276.673
 0 7 0 0 2 -2  0 271.593
 0 7 0 0 6 -1  2 268.527
 0 7 0 0 1 -2  4 264.871
 0 7 0 0 5 -2  0 259.871
 0 7 0 0 2 -4  0 260.541
 0 7 0 0 4 -1  0 257.593
 0 7 0 0 2 -3  0 260.549
 0 7 0 0 4 -2  0 261.1
 0 7 0 0 3 -4  0 266.378
 0 7 0 0 6 -2  0 264.808
 0 7 0 0 3 -6  0 257.476
 0 7 0 0 6 -3  0 263.553
 0 7 0 0 3 -5  0 256.867
 0 7 0 0 7 -3  3 262.54
 0 7 0 0 3 -3  0 255.618
 0 7 0 0 6 -4  0 267.142
 0 7 0 0 3 -2  0 265.506
 0 7 0 0 5 -3  0 266.033
 0 7 0 0 4 -3  0 268.848
 0 7 0 0 5 -4  0 265.686
 0 7 0 0 4 -6  5 280.519
 0 7 0 0 6 -5  2 273.824
 0 7 0 0 5 -6  2 272.595
 0 7 0 0 5 -5  0 274.111
 0 7 0 0 4 -5  0 276.962
 0 7 0 0 4 -4  0 275.376
 0 7 0 0 2 -6  5 287.492
 0 7 0 0 1 -5  0 281.4
 0 7 0 0 0 -4  0 277.28
 0 7 0 0 0 -5  0 272.654
 0 7 0 0 -1 -3  0 273.89
 0 7 0 0 1 -6  2 268.731
 0 7 0 0 0 -3  0 263.57
 0 7 0 0 -2 -2  0 267.825
 0 7 0 0 -1 -2  0 266.029
 0 7 0 0 -3 -2  0 263.147
 0 7 0 0 -2 -1  0 260.041
 0 7 0 0 -2 -3  0 257.295
 0 7 0 0 -1 -1  0 254.286
 0 7 0 0 -1 -5  2 256.251
 0 7 0 0 2 -5  0 257.337
 0 7 0 0 -1 -4  0 258.361
 0 7 0 0 1 -4  0 260.723
 0 7 0 0 -2 -4  0 259.488
 0 7 0 0 1 -3  0 253.019
 0 7 0 0 -3 -4  3 258.481
 0 7 0 0 0 -2  0 257.387
 0 7 0 0 -3 -3  0 260.831
 0 7 0 0 0 -1  0 260.379
 0 7 0 0 -3 -1  0 258.542
 0 7 0 0 -1 0  0 257.155
 0 7 0 0 -3 0  0 264.939
 0 7 0 0 0 0  0 266.776
 0 7 0 0 -4 0  0 271.558
 0 7 0 0 -1 2  0 272.354
 0 7 0 0 -4 -2  0 276.918
 0 7 0 0 -1 1  0 278.728
 0 7 0 0 -4 -1  0 281.614
 0 7 0 0 -2 0  0 276.448
 0 7 0 0 -5 -1  2 288.166
 0 7 0 0 -3 1  0 284.571
 0 7 0 0 -5 0  0 282.209
 0 7 0 0 -2 1  0 289.342
 0 7 0 0 -5 1  0 283.343
 0 7 0 0 -2 2  0 270.507
 0 7 0 0 -6 1  2 272.45
 0 7 0 0 -2 4  1 263.714
 0 7 0 0 -5 2  0 264.631
 0 7 0 0 -2 4  4 260.541
 0 7 0 0 -4 1  0 259.206
 0 7 0 0 -2 3  0 262.841
 0 7 0 0 -4 2  0 260.979
 0 7 0 0 -3 4  0 262.333
 0 7 0 0 -6 2  0 265.289
 0 7 0 0 -3 6  0 268.985
 0 7 0 0 -6 3  0 263.687
 0 7 0 0 -3 5  0 258.397
 0 7 0 0 -7 4  3 266.669
 0 7 0 0 -3 3  0 254.331
 0 7 0 0 -6 4  0 268.284
 0 7 0 0 -3 2  0 268.228
 0 7 0 0 -5 3  0 269.333
 0 7 0 0 -4 3  0 272.772
 0 7 0 0 -5 4  0 278.379
 0 7 0 0 -4 7  5 279.668
 0 7 0 0 -6 5  2 276.812
 0 7 0 0 -5 6  2 270.876
 0 7 0 0 -5 5  0 282.019
 0 7 0 0 -4 5  0 282.31
 0 7 0 0 -4 4  0 280.454
 0 8 0 0 4 -7  5 283.901
 0 8 0 0 4 -5  0 282.748
 0 8 0 0 4 -4  0 274.701
 0 8 0 0 5 -5  0 275.733
 0 8 0 0 4 -3  0 275.592
 0 8 0 0 5 -6  2 279.988
 0 8 0 0 3 -3  0 265.289
 0 8 0 0 4 -2  0 262.449
 0 8 0 0 3 -2  0 268.397
 0 8 0 0 5 -2  0 266.277
 0 8 0 0 3 -1  0 261.9
 0 8 0 0 5 -3  0 261.551
 0 8 0 0 2 -1  0 256.183
 0 8 0 0 5 -4  0 260.451
 0 8 0 0 3 -5  0 262.738
 0 8 0 0 6 -4  0 259.256
 0 8 0 0 3 -4  0 259.435
 0 8 0 0 6 -5  2 258.566
 0 8 0 0 2 -3  0 259.707
 0 8 0 0 7 -3  3 254.559
 0 8 0 0 2 -2  0 263.789
 0 8 0 0 6 -3  0 253.007
 0 8 0 0 1 -1  0 277.684
 0 8 0 0 4 -1  0 255.644
 0 8 0 0 1 0  0 267.217
 0 8 0 0 3 0  0 268.86
 0 8 0 0 -1 2  1 270.457
 0 8 0 0 4 0  0 276.581
 0 8 0 0 6 -2  0 271.771
 0 8 0 0 0 1  0 282.565
 0 8 0 0 5 -1  0 283.067
 0 8 0 0 2 0  0 293.119
 0 8 0 0 6 -1  2 289.271
 0 8 0 0 2 1  0 286.669
 0 8 0 0 5 0  0 283.59
 0 8 0 0 1 1  0 287.632
 0 8 0 0 4 1  0 274.931
 0 8 0 0 0 2  0 285.038
 0 8 0 0 5 1  2 274.488
 0 8 0 0 -1 2  4 265.778
 0 8 0 0 3 2  0 275.513
 0 8 0 0 -2 4  0 278.308
 0 8 0 0 3 1  0 269.222
 0 8 0 0 -1 3  0 265.623
 0 8 0 0 2 2  0 260.341
 0 8 0 0 -1 4  0 269.13
 0 8 0 0 4 2  0 274.468
 0 8 0 0 -3 6  0 272.923
 0 8 0 0 3 3  0 265.631
 0 8 0 0 -2 5  0 269.399
 0 8 0 0 4 3  3 267.94
 0 8 0 0 0 3  0 274.392
 0 8 0 0 2 4  0 271.137
 0 8 0 0 1 2  0 273.183
 0 8 0 0 2 3  0 276.313
 0 8 0 0 1 3  0 280.034
 0 8 0 0 1 4  0 282.792
 0 8 0 0 -2 6  5 283.269
 0 8 0 0 1 5  2 286.314
 0 8 0 0 -1 6  2 283.44
 0 8 0 0 0 5  0 276.887
 0 8 0 0 -1 5  0 276.196
 0 8 0 0 0 4  0 286.543
 0 8 0 0 -4 6  5 265.778
 0 8 0 0 -4 5  0 260.499
 0 8 0 0 -4 4  0 255.081
 0 8 0 0 -5 5  0 254.493
 0 8 0 0 -4 3  0 249.663
 0 8 0 0 -5 6  2 259.049
 0 8 0 0 -3 3  0 254.206
 0 8 0 0 -4 2  0 246.813
 0 8 0 0 -3 2  0 242.299
 0 8 0 0 -5 2  0 243.468
 0 8 0 0 -3 1  0 242.998
 0 8 0 0 -5 3  0 243.745
 0 8 0 0 -2 1  0 244.523
 0 8 0 0 -6 5  2 239.073
 0 8 0 0 -3 5  0 241.275
 0 8 0 0 -5 4  0 239.187
 0 8 0 0 -3 4  0 244.551
 0 8 0 0 -6 4  0 237.923
 0 8 0 0 -2 3  0 245.856
 0 8 0 0 -7 4  3 241.402
 0 8 0 0 -2 2  0 237.657
 0 8 0 0 -6 3  0 237.845
 0 8 0 0 -1 1  0 236.894
 0 8 0 0 -4 1  0 242.524
 0 8 0 0 -1 0  0 241.671
 0 8 0 0 -3 0  0 242.867
 0 8 0 0 0 0  0 246.46
 0 8 0 0 -4 0  0 251.501
 0 8 0 0 1 -2  0 247.587
 0 8 0 0 -6 2  0 250.963
 0 8 0 0 0 -1  0 262.619
 0 8 0 0 -5 1  0 257.478
 0 8 0 0 -2 0  0 260.469
 0 8 0 0 -6 1  2 264.04
 0 8 0 0 -2 -1  0 264.248
 0 8 0 0 -5 0  0 258.131
 0 8 0 0 -1 -1  0 250.18
 0 8 0 0 -4 -1  0 256.173
 0 8 0 0 0 -2  0 252.768
 0 8 0 0 -5 -1  2 246.683
 0 8 0 0 2 -4  1 242.364
 0 8 0 0 -3 -2  0 241.675
 0 8 0 0 2 -4  4 253.673
 0 8 0 0 -3 -1  0 241.954
 0 8 0 0 1 -3  0 246.378
 0 8 0 0 -2 -2  0 245.092
 0 8 0 0 1 -4  0 241.237
 0 8 0 0 -4 -2  0 239.892
 0 8 0 0 3 -6  0 233.333
 0 8 0 0 -3 -3  0 240.795
 0 8 0 0 2 -5  0 236.668
 0 8 0 0 -3 -4  3 236.812
 0 8 0 0 0 -3  0 241.402
 0 8 0 0 -2 -4  0 249.678
 0 8 0 0 -1 -2  0 250.205
 0 8 0 0 -2 -3  0 242.789
 0 8 0 0 -1 -3  0 247.562
 0 8 0 0 -1 -4  0 249.444
 0 8 0 0 3 -7  5 255.421
 0 8 0 0 -1 -5  2 260.654
 0 8 0 0 1 -6  2 255.563
 0 8 0 0 0 -5  0 265.013
 0 8 0 0 1 -5  0 261.733
 0 8 0 0 0 -4  0 260.19
