SCHEME_CODE 0
# CODE  LAYER SENSOR_IX SENSOR_IV  IX  IV TYPE  VALUE
 0 1 0 0 -3 7  3 254.235
 0 1 0 0 -1 5  0 255.471
 0 1 0 0 0 4  0 252.784
 0 1 0 0 0 5  0 256.718
 0 1 0 0 1 3  0 243.884
 0 1 0 0 -1 6  2 246.545
 0 1 0 0 0 3  0 236.178
 0 1 0 0 2 2  0 235.876
 0 1 0 0 1 2  0 227.967
 0 1 0 0 3 2  0 230.022
 0 1 0 0 2 1  0 234.768
 0 1 0 0 2 3  0 232.283
 0 1 0 0 1 1  0 228.137
 0 1 0 0 1 4  0 231.954
 0 1 0 0 -2 5  0 228.201
 0 1 0 0 2 4  0 227.857
 0 1 0 0 -1 4  0 225.665
 0 1 0 0 1 5  2 230.613
 0 1 0 0 -1 3  0 231.738
 0 1 0 0 4 3  3 228.482
 0 1 0 0 0 2  0 225.972
 0 1 0 0 3 3  0 225.936
 0 1 0 0 0 1  0 231.15
 0 1 0 0 3 1  0 239.851
 0 1 0 0 1 0  0 237.297
 0 1 0 0 3 0  0 234.417
 0 1 0 0 1 -2  1 240.772
 0 1 0 0 4 0  0 248.884
 0 1 0 0 4 2  0 242.268
 0 1 0 0 1 -1  0 253.302
 0 1 0 0 4 1  0 258.218
 0 1 0 0 2 0  0 263.924
 0 1 0 0 5 1  2 269.188
 0 1 0 0 3 -1  0 271.333
 0 1 0 0 5 0  0 258.214
 0 1 0 0 2 -1  0 261.545
 0 1 0 0 5 -1  0 251.597
 0 1 0 0 2 -2  0 249.729
 0 1 0 0 6 -1  2 242.273
 0 1 0 0 1 -2  4 239.773
 0 1 0 0 5 -2  0 237.923
 0 1 0 0 2 -4  0 235.676
 0 1 0 0 4 -1  0 235.613
 0 1 0 0 2 -3  0 235.47
 0 1 0 0 4 -2  0 237.539
 0 1 0 0 3 -4  0 234.406
 0 1 0 0 6 -2  0 235.441
 0 1 0 0 3 -6  0 240.945
 0 1 0 0 6 -3  0 231.519
 0 1 0 0 3 -5  0 230.468
 0 1 0 0 7 -3  3 230.278
 0 1 0 0 3 -3  0 236.136
 0 1 0 0 6 -4  0 240.258
 0 1 0 0 3 -2  0 234.273
 0 1 0 0 5 -3  0 245.477
 0 1 0 0 4 -3  0 248.772
 0 1 0 0 5 -4  0 249.456
 0 1 0 0 4 -6  3 258.62
 0 1 0 0 6 -5  2 255.595
 0 1 0 0 5 -6  2 260.038
 0 1 0 0 5 -5  0 261.463
 0 1 0 0 4 -5  0 261.308
 0 1 0 0 4 -4  0 259.737
 0 1 0 0 2 -6  3 3321.61
 0 1 0 0 1 -5  0 300.675
 0 1 0 0 0 -4  0 296.178
 0 1 0 0 0 -5  0 288.123
 0 1 0 0 -1 -3  0 292.938
 0 1 0 0 1 -6  2 281.053
 0 1 0 0 0 -3  0 281.554
 0 1 0 0 -2 -2  0 282.371
 0 1 0 0 -1 -2  0 277.888
 0 1 0 0 -3 -2  0 270.827
 0 1 0 0 -2 -1  0 272.072
 0 1 0 0 -2 -3  0 276.886
 0 1 0 0 -1 -1  0 272.798
 0 1 0 0 -1 -5  2 271.219
 0 1 0 0 2 -5  0 264.701
 0 1 0 0 -1 -4  0 270.573
 0 1 0 0 1 -4  0 267.664
 0 1 0 0 -2 -4  0 273.419
 0 1 0 0 1 -3  0 259.969
 0 1 0 0 -3 -4  3 272.891
 0 1 0 0 0 -2  0 276.3
 0 1 0 0 -3 -3  0 269.894
 0 1 0 0 0 -1  0 276.413
 0 1 0 0 -3 -1  0 270.478
 0 1 0 0 -1 0  0 274.264
 0 1 0 0 -3 0  0 268.227
 0 1 0 0 0 0  0 273.842
 0 1 0 0 -4 0  0 275.1
 0 1 0 0 -1 2  0 276.728
 0 1 0 0 -4 -2  0 290.658
 0 1 0 0 -1 1  0 307.881
 0 1 0 0 -4 -1  0 299.674
 0 1 0 0 -2 0  0 309.259
 0 1 0 0 -5 -1  2 311.673
 0 1 0 0 -3 1  0 309.416
 0 1 0 0 -5 0  0 301.062
 0 1 0 0 -2 1  0 290.311
 0 1 0 0 -5 1  0 290.577
 0 1 0 0 -2 2  0 291.56
 0 1 0 0 -6 1  2 283.413
 0 1 0 0 -2 4  1 284.382
 0 1 0 0 -5 2  0 274.467
 0 1 0 0 -2 4  4 279.818
 0 1 0 0 -4 1  0 278.039
 0 1 0 0 -2 3  0 275.284
 0 1 0 0 -4 2  0 276.838
 0 1 0 0 -3 4  0 269.905
 0 1 0 0 -6 2  0 269.416
 0 1 0 0 -3 6  0 273.475
 0 1 0 0 -6 3  0 273.909
 0 1 0 0 -3 5  0 275.961
 0 1 0 0 -7 4  3 272.887
 0 1 0 0 -3 3  0 271.808
 0 1 0 0 -6 4  0 269.688
 0 1 0 0 -3 2  0 278.976
 0 1 0 0 -5 3  0 280.491
 0 1 0 0 -4 3  0 285.298
 0 1 0 0 -5 4  0 283.174
 0 1 0 0 -4 7  3 292.592
 0 1 0 0 -6 5  2 294.465
 0 1 0 0 -5 6  2 297.15
 0 1 0 0 -5 5  0 306.725
 0 1 0 0 -4 5  0 307.197
 0 1 0 0 -4 4  0 304.452
 0 2 0 0 4 -7  3 262.793
 0 2 0 0 4 -5  0 252.034
 0 2 0 0 4 -4  0 259.063
 0 2 0 0 5 -5  0 251.248
 0 2 0 0 4 -3  0 242.239
 0 2 0 0 5 -6  2 236.729
 0 2 0 0 3 -3  0 240.242
 0 2 0 0 4 -2  0 233.23
 0 2 0 0 3 -2  0 236.642
 0 2 0 0 5 -2  0 230.985
 0 2 0 0 3 -1  0 232.667
 0 2 0 0 5 -3  0 216.752
 0 2 0 0 2 -1  0 225.683
 0 2 0 0 5 -4  0 229.111
 0 2 0 0 3 -5  0 234.102
 0 2 0 0 6 -4  0 224.52
 0 2 0 0 3 -4  0 227.067
 0 2 0 0 6 -5  2 224.826
 0 2 0 0 2 -3  0 225.238
 0 2 0 0 7 -3  3 228.593
 0 2 0 0 2 -2  0 224.262
 0 2 0 0 6 -3  0 227.222
 0 2 0 0 1 -1  0 234.435
 0 2 0 0 4 -1  0 225.2
 0 2 0 0 1 0  0 223.462
 0 2 0 0 3 0  0 233.865
 0 2 0 0 -1 2  1 242.273
 0 2 0 0 4 0  0 238.289
 0 2 0 0 6 -2  0 253.343
 0 2 0 0 0 1  0 257.218
 0 2 0 0 5 -1  0 267.057
 0 2 0 0 2 0  0 267.512
 0 2 0 0 6 -1  2 272.866
 0 2 0 0 2 1  0 261.425
 0 2 0 0 5 0  0 264.392
 0 2 0 0 1 1  0 253.391
 0 2 0 0 4 1  0 252.883
 0 2 0 0 0 2  0 248.803
 0 2 0 0 5 1  2 242.351
 0 2 0 0 -1 2  4 244.259
 0 2 0 0 3 2  0 237.29
 0 2 0 0 -2 4  0 240.192
 0 2 0 0 3 1  0 238.748
 0 2 0 0 -1 3  0 230.147
 0 2 0 0 2 2  0 228.5
 0 2 0 0 -1 4  0 243.852
 0 2 0 0 4 2  0 235.421
 0 2 0 0 -3 6  0 239.487
 0 2 0 0 3 3  0 233.282
 0 2 0 0 -2 5  0 245.364
 0 2 0 0 4 3  3 239.817
 0 2 0 0 0 3  0 245.973
 0 2 0 0 2 4  0 239.61
 0 2 0 0 1 2  0 239.127
 0 2 0 0 2 3  0 244.748
 0 2 0 0 1 3  0 251.686
 0 2 0 0 1 4  0 247.005
 0 2 0 0 -2 6  3 256.496
 0 2 0 0 1 5  2 265.37
 0 2 0 0 -1 6  2 267.523
 0 2 0 0 0 5  0 266.072
 0 2 0 0 -1 5  0 259.688
 0 2 0 0 0 4  0 263.685
 0 2 0 0 -4 6  3 298.054
 0 2 0 0 -4 5  0 281.163
 0 2 0 0 -4 4  0 288.79
 0 2 0 0 -5 5  0 283.462
 0 2 0 0 -4 3  0 277.676
 0 2 0 0 -5 6  2 276.625
 0 2 0 0 -3 3  0 270.957
 0 2 0 0 -4 2  0 266.682
 0 2 0 0 -3 2  0 270.264
 0 2 0 0 -5 2  0 278.442
 0 2 0 0 -3 1  0 266.414
 0 2 0 0 -5 3  0 259.033
 0 2 0 0 -2 1  0 264.728
 0 2 0 0 -6 5  2 259.877
 0 2 0 0 -3 5  0 269.563
 0 2 0 0 -5 4  0 262.702
 0 2 0 0 -3 4  0 265.335
 0 2 0 0 -6 4  0 261.939
 0 2 0 0 -2 3  0 262.001
 0 2 0 0 -7 4  3 259.821
 0 2 0 0 -2 2  0 269.045
 0 2 0 0 -6 3  0 265.402
 0 2 0 0 -1 1  0 271.137
 0 2 0 0 -4 1  0 261.262
 0 2 0 0 -1 0  0 267.146
 0 2 0 0 -3 0  0 264.022
 0 2 0 0 0 0  0 271.1
 0 2 0 0 -4 0  0 273.145
 0 2 0 0 1 -2  0 270.725
 0 2 0 0 -6 2  0 279.868
 0 2 0 0 0 -1  0 289.824
 0 2 0 0 -5 1  0 288.53
 0 2 0 0 -2 0  0 299.773
 0 2 0 0 -6 1  2 294.753
 0 2 0 0 -2 -1  0 297.832
 0 2 0 0 -5 0  0 290.825
 0 2 0 0 -1 -1  0 284.228
 0 2 0 0 -4 -1  0 279.684
 0 2 0 0 0 -2  0 287.963
 0 2 0 0 -5 -1  2 275.289
 0 2 0 0 2 -4  1 277.535
 0 2 0 0 -3 -2  0 272.641
 0 2 0 0 2 -4  4 268.242
 0 2 0 0 -3 -1  0 268.681
 0 2 0 0 1 -3  0 271.647
 0 2 0 0 -2 -2  0 271.19
 0 2 0 0 1 -4  0 260.816
 0 2 0 0 -4 -2  0 263.822
 0 2 0 0 3 -6  0 268.258
 0 2 0 0 -3 -3  0 266.516
 0 2 0 0 2 -5  0 265.453
 0 2 0 0 -3 -4  3 263.67
 0 2 0 0 0 -3  0 277.166
 0 2 0 0 -2 -4  0 274.259
 0 2 0 0 -1 -2  0 266.033
 0 2 0 0 -2 -3  0 283.494
 0 2 0 0 -1 -3  0 277.342
 0 2 0 0 -1 -4  0 281.125
 0 2 0 0 3 -7  3 278.243
 0 2 0 0 -1 -5  2 293.007
 0 2 0 0 1 -6  2 287.088
 0 2 0 0 0 -5  0 295.861
 0 2 0 0 1 -5  0 293.576
 0 2 0 0 0 -4  0 301.94
 0 3 0 0 -3 7  3 252.031
 0 3 0 0 -1 5  0 248.843
 0 3 0 0 0 4  0 239.855
 0 3 0 0 0 5  0 238.523
 0 3 0 0 1 3  0 225.651
 0 3 0 0 -1 6  2 230.696
 0 3 0 0 0 3  0 233.962
 0 3 0 0 2 2  0 220.999
 0 3 0 0 1 2  0 226.284
 0 3 0 0 3 2  0 221.492
 0 3 0 0 2 1  0 223.498
 0 3 0 0 2 3  0 218.252
 0 3 0 0 1 1  0 219.048
 0 3 0 0 1 4  0 216.306
 0 3 0 0 -2 5  0 221.879
 0 3 0 0 2 4  0 221.903
 0 3 0 0 -1 4  0 217.352
 0 3 0 0 1 5  2 223.749
 0 3 0 0 -1 3  0 215.334
 0 3 0 0 4 3  3 226.546
 0 3 0 0 0 2  0 220.535
 0 3 0 0 3 3  0 224.153
 0 3 0 0 0 1  0 223.977
 0 3 0 0 3 1  0 222.437
 0 3 0 0 1 0  0 224.578
 0 3 0 0 3 0  0 227.723
 0 3 0 0 1 -2  1 234.712
 0 3 0 0 4 0  0 228.445
 0 3 0 0 4 2  0 245.32
 0 3 0 0 1 -1  0 252.588
 0 3 0 0 4 1  0 258.672
 0 3 0 0 2 0  0 248.517
 0 3 0 0 5 1  2 259.45
 0 3 0 0 3 -1  0 262.414
 0 3 0 0 5 0  0 245.982
 0 3 0 0 2 -1  0 247.808
 0 3 0 0 5 -1  0 241.25
 0 3 0 0 2 -2  0 242.526
 0 3 0 0 6 -1  2 232.257
 0 3 0 0 1 -2  4 239.303
 0 3 0 0 5 -2  0 236.558
 0 3 0 0 2 -4  0 235.605
 0 3 0 0 4 -1  0 234.328
 0 3 0 0 2 -3  0 231.451
 0 3 0 0 4 -2  0 234.522
 0 3 0 0 3 -4  0 231.217
 0 3 0 0 6 -2  0 234.664
 0 3 0 0 3 -6  0 224.104
 0 3 0 0 6 -3  0 236.495
 0 3 0 0 3 -5  0 240.699
 0 3 0 0 7 -3  3 236.818
 0 3 0 0 3 -3  0 238.587
 0 3 0 0 6 -4  0 245.238
 0 3 0 0 3 -2  0 244.988
 0 3 0 0 5 -3  0 256.115
 0 3 0 0 4 -3  0 253.197
 0 3 0 0 5 -4  0 263.183
 0 3 0 0 4 -6  3 255.363
 0 3 0 0 6 -5  2 268.079
 0 3 0 0 5 -6  2 260.259
 0 3 0 0 5 -5  0 256.142
 0 3 0 0 4 -5  0 249.7
 0 3 0 0 4 -4  0 257.265
 0 3 0 0 2 -6  3 267.282
 0 3 0 0 1 -5  0 264.813
 0 3 0 0 0 -4  0 258.493
 0 3 0 0 0 -5  0 264.256
 0 3 0 0 -1 -3  0 255.294
 0 3 0 0 1 -6  2 249.213
 0 3 0 0 0 -3  0 234.889
 0 3 0 0 -2 -2  0 243.678
 0 3 0 0 -1 -2  0 237.584
 0 3 0 0 -3 -2  0 237.68
 0 3 0 0 -2 -1  0 233.078
 0 3 0 0 -2 -3  0 236.302
 0 3 0 0 -1 -1  0 230.708
 0 3 0 0 -1 -5  2 233.013
 0 3 0 0 2 -5  0 233.485
 0 3 0 0 -1 -4  0 233.916
 0 3 0 0 1 -4  0 236.406
 0 3 0 0 -2 -4  0 235.027
 0 3 0 0 1 -3  0 237.425
 0 3 0 0 -3 -4  3 236.348
 0 3 0 0 0 -2  0 232.513
 0 3 0 0 -3 -3  0 236.105
 0 3 0 0 0 -1  0 233.032
 0 3 0 0 -3 -1  0 233.233
 0 3 0 0 -1 0  0 240.851
 0 3 0 0 -3 0  0 235.787
 0 3 0 0 0 0  0 237.923
 0 3 0 0 -4 0  0 238.666
 0 3 0 0 -1 2  0 245.423
 0 3 0 0 -4 -2  0 241.447
 0 3 0 0 -1 1  0 260.853
 0 3 0 0 -4 -1  0 265.023
 0 3 0 0 -2 0  0 273.221
 0 3 0 0 -5 -1  2 280.048
 0 3 0 0 -3 1  0 272.973
 0 3 0 0 -5 0  0 256.324
 0 3 0 0 -2 1  0 272.796
 0 3 0 0 -5 1  0 250.439
 0 3 0 0 -2 2  0 251.537
 0 3 0 0 -6 1  2 248.11
 0 3 0 0 -2 4  1 247.95
 0 3 0 0 -5 2  0 247.657
 0 3 0 0 -2 4  4 238.858
 0 3 0 0 -4 1  0 232.975
 0 3 0 0 -2 3  0 241.636
 0 3 0 0 -4 2  0 237.23
 0 3 0 0 -3 4  0 236.558
 0 3 0 0 -6 2  0 235.248
 0 3 0 0 -3 6  0 235.871
 0 3 0 0 -6 3  0 243.192
 0 3 0 0 -3 5  0 230.142
 0 3 0 0 -7 4  3 238.828
 0 3 0 0 -3 3  0 241.281
 0 3 0 0 -6 4  0 242.186
 0 3 0 0 -3 2  0 239.913
 0 3 0 0 -5 3  0 243
 0 3 0 0 -4 3  0 244.788
 0 3 0 0 -5 4  0 253.512
 0 3 0 0 -4 7  3 255.447
 0 3 0 0 -6 5  2 260.791
 0 3 0 0 -5 6  2 260.105
 0 3 0 0 -5 5  0 268.345
 0 3 0 0 -4 5  0 271.332
 0 3 0 0 -4 4  0 267.327
 0 4 0 0 4 -7  3 251.708
 0 4 0 0 4 -5  0 241.975
 0 4 0 0 4 -4  0 241.945
 0 4 0 0 5 -5  0 236.594
 0 4 0 0 4 -3  0 238.239
 0 4 0 0 5 -6  2 237.744
 0 4 0 0 3 -3  0 232.863
 0 4 0 0 4 -2  0 224.96
 0 4 0 0 3 -2  0 229.507
 0 4 0 0 5 -2  0 222.252
 0 4 0 0 3 -1  0 216.753
 0 4 0 0 5 -3  0 218.284
 0 4 0 0 2 -1  0 221.425
 0 4 0 0 5 -4  0 212.177
 0 4 0 0 3 -5  0 217.696
 0 4 0 0 6 -4  0 212.107
 0 4 0 0 3 -4  0 218.113
 0 4 0 0 6 -5  2 215.725
 0 4 0 0 2 -3  0 212.202
 0 4 0 0 7 -3  3 222.511
 0 4 0 0 2 -2  0 218.736
 0 4 0 0 6 -3  0 214.007
 0 4 0 0 1 -1  0 213.982
 0 4 0 0 4 -1  0 222.62
 0 4 0 0 1 0  0 227.841
 0 4 0 0 3 0  0 224.308
 0 4 0 0 -1 2  1 229.607
 0 4 0 0 4 0  0 235.931
 0 4 0 0 6 -2  0 232.601
 0 4 0 0 0 1  0 248.917
 0 4 0 0 5 -1  0 250.535
 0 4 0 0 2 0  0 256.562
 0 4 0 0 6 -1  2 256.861
 0 4 0 0 2 1  0 259.056
 0 4 0 0 5 0  0 252.714
 0 4 0 0 1 1  0 245.503
 0 4 0 0 4 1  0 236.42
 0 4 0 0 0 2  0 237.608
 0 4 0 0 5 1  2 232.893
 0 4 0 0 -1 2  4 228.55
 0 4 0 0 3 2  0 224.803
 0 4 0 0 -2 4  0 232.548
 0 4 0 0 3 1  0 226.834
 0 4 0 0 -1 3  0 225.175
 0 4 0 0 2 2  0 224.705
 0 4 0 0 -1 4  0 223.506
 0 4 0 0 4 2  0 218.023
 0 4 0 0 -3 6  0 224.863
 0 4 0 0 3 3  0 222.814
 0 4 0 0 -2 5  0 230.173
 0 4 0 0 4 3  3 230.642
 0 4 0 0 0 3  0 221.527
 0 4 0 0 2 4  0 230.31
 0 4 0 0 1 2  0 234.706
 0 4 0 0 2 3  0 236.998
 0 4 0 0 1 3  0 240.738
 0 4 0 0 1 4  0 243.919
 0 4 0 0 -2 6  3 245.986
 0 4 0 0 1 5  2 248.157
 0 4 0 0 -1 6  2 246.083
 0 4 0 0 0 5  0 260.944
 0 4 0 0 -1 5  0 255.937
 0 4 0 0 0 4  0 251.738
 0 4 0 0 -4 6  3 286.158
 0 4 0 0 -4 5  0 273.832
 0 4 0 0 -4 4  0 264.196
 0 4 0 0 -5 5  0 264.578
 0 4 0 0 -4 3  0 261.447
 0 4 0 0 -5 6  2 262.106
 0 4 0 0 -3 3  0 251.218
 0 4 0 0 -4 2  0 246.52
 0 4 0 0 -3 2  0 246.114
 0 4 0 0 -5 2  0 246.813
 0 4 0 0 -3 1  0 242.207
 0 4 0 0 -5 3  0 249.407
 0 4 0 0 -2 1  0 246.817
 0 4 0 0 -6 5  2 241.733
 0 4 0 0 -3 5  0 235.559
 0 4 0 0 -5 4  0 241.443
 0 4 0 0 -3 4  0 242.591
 0 4 0 0 -6 4  0 245.642
 0 4 0 0 -2 3  0 240.741
 0 4 0 0 -7 4  3 245.328
 0 4 0 0 -2 2  0 237.123
 0 4 0 0 -6 3  0 244.389
 0 4 0 0 -1 1  0 238.947
 0 4 0 0 -4 1  0 242.7
 0 4 0 0 -1 0  0 246.042
 0 4 0 0 -3 0  0 245.649
 0 4 0 0 0 0  0 243.534
 0 4 0 0 -4 0  0 250.752
 0 4 0 0 1 -2  0 253.432
 0 4 0 0 -6 2  0 260.116
 0 4 0 0 0 -1  0 262.254
 0 4 0 0 -5 1  0 278.452
 0 4 0 0 -2 0  0 276.957
 0 4 0 0 -6 1  2 286.652
 0 4 0 0 -2 -1  0 280.627
 0 4 0 0 -5 0  0 271.796
 0 4 0 0 -1 -1  0 269.22
 0 4 0 0 -4 -1  0 245.211
 0 4 0 0 0 -2  0 253.963
 0 4 0 0 -5 -1  2 253.561
 0 4 0 0 2 -4  1 244.241
 0 4 0 0 -3 -2  0 245.483
 0 4 0 0 2 -4  4 246.794
 0 4 0 0 -3 -1  0 245.807
 0 4 0 0 1 -3  0 246.013
 0 4 0 0 -2 -2  0 245.478
 0 4 0 0 1 -4  0 245.575
 0 4 0 0 -4 -2  0 243.647
 0 4 0 0 3 -6  0 246.553
 0 4 0 0 -3 -3  0 244.032
 0 4 0 0 2 -5  0 242.607
 0 4 0 0 -3 -4  3 251.736
 0 4 0 0 0 -3  0 248.571
 0 4 0 0 -2 -4  0 258.427
 0 4 0 0 -1 -2  0 256.548
 0 4 0 0 -2 -3  0 257.998
 0 4 0 0 -1 -3  0 259.043
 0 4 0 0 -1 -4  0 263.362
 0 4 0 0 3 -7  3 267.19
 0 4 0 0 -1 -5  2 279.852
 0 4 0 0 1 -6  2 280.34
 0 4 0 0 0 -5  0 286.481
 0 4 0 0 1 -5  0 280.091
 0 4 0 0 0 -4  0 279.641
 0 5 0 0 -3 7  3 253.718
 0 5 0 0 -1 5  0 249.641
 0 5 0 0 0 4  0 244.472
 0 5 0 0 0 5  0 245.493
 0 5 0 0 1 3  0 236.952
 0 5 0 0 -1 6  2 239.605
 0 5 0 0 0 3  0 232.523
 0 5 0 0 2 2  0 235.737
 0 5 0 0 1 2  0 227.24
 0 5 0 0 3 2  0 225.229
 0 5 0 0 2 1  0 220.953
 0 5 0 0 2 3  0 225.347
 0 5 0 0 1 1  0 217.382
 0 5 0 0 1 4  0 224.262
 0 5 0 0 -2 5  0 215.442
 0 5 0 0 2 4  0 222.822
 0 5 0 0 -1 4  0 219.473
 0 5 0 0 1 5  2 219.355
 0 5 0 0 -1 3  0 221.481
 0 5 0 0 4 3  3 216.651
 0 5 0 0 0 2  0 218.442
 0 5 0 0 3 3  0 225.832
 0 5 0 0 0 1  0 221.183
 0 5 0 0 3 1  0 229.853
 0 5 0 0 1 0  0 231.242
 0 5 0 0 3 0  0 230.475
 0 5 0 0 1 -2  1 230.56
 0 5 0 0 4 0  0 233.934
 0 5 0 0 4 2  0 238.561
 0 5 0 0 1 -1  0 247.833
 0 5 0 0 4 1  0 255.366
 0 5 0 0 2 0  0 258.315
 0 5 0 0 5 1  2 256.761
 0 5 0 0 3 -1  0 255.401
 0 5 0 0 5 0  0 249.882
 0 5 0 0 2 -1  0 248.448
 0 5 0 0 5 -1  0 255.922
 0 5 0 0 2 -2  0 239.942
 0 5 0 0 6 -1  2 242.246
 0 5 0 0 1 -2  4 234.412
 0 5 0 0 5 -2  0 231.415
 0 5 0 0 2 -4  0 236.468
 0 5 0 0 4 -1  0 221.822
 0 5 0 0 2 -3  0 227.827
 0 5 0 0 4 -2  0 232.699
 0 5 0 0 3 -4  0 234.248
 0 5 0 0 6 -2  0 228.535
 0 5 0 0 3 -6  0 227.12
 0 5 0 0 6 -3  0 231.335
 0 5 0 0 3 -5  0 235.027
 0 5 0 0 7 -3  3 229.71
 0 5 0 0 3 -3  0 228.296
 0 5 0 0 6 -4  0 230.056
 0 5 0 0 3 -2  0 239.197
 0 5 0 0 5 -3  0 239.674
 0 5 0 0 4 -3  0 235.052
 0 5 0 0 5 -4  0 241.653
 0 5 0 0 4 -6  3 251.482
 0 5 0 0 6 -5  2 253.148
 0 5 0 0 5 -6  2 255.722
 0 5 0 0 5 -5  0 256.527
 0 5 0 0 4 -5  0 260.368
 0 5 0 0 4 -4  0 258.858
 0 5 0 0 2 -6  3 251.357
 0 5 0 0 1 -5  0 258.949
 0 5 0 0 0 -4  0 251.723
 0 5 0 0 0 -5  0 247.264
 0 5 0 0 -1 -3  0 246.899
 0 5 0 0 1 -6  2 231.873
 0 5 0 0 0 -3  0 236.639
 0 5 0 0 -2 -2  0 230.991
 0 5 0 0 -1 -2  0 228.837
 0 5 0 0 -3 -2  0 227.637
 0 5 0 0 -2 -1  0 224.812
 0 5 0 0 -2 -3  0 223.553
 0 5 0 0 -1 -1  0 230.375
 0 5 0 0 -1 -5  2 227.455
 0 5 0 0 2 -5  0 233.233
 0 5 0 0 -1 -4  0 221.886
 0 5 0 0 1 -4  0 225.016
 0 5 0 0 -2 -4  0 227.113
 0 5 0 0 1 -3  0 228.215
 0 5 0 0 -3 -4  3 227.983
 0 5 0 0 0 -2  0 222.605
 0 5 0 0 -3 -3  0 230.844
 0 5 0 0 0 -1  0 229.308
 0 5 0 0 -3 -1  0 228.903
 0 5 0 0 -1 0  0 232.84
 0 5 0 0 -3 0  0 226.693
 0 5 0 0 0 0  0 230.657
 0 5 0 0 -4 0  0 236.527
 0 5 0 0 -1 2  0 231.623
 0 5 0 0 -4 -2  0 243.743
 0 5 0 0 -1 1  0 252.542
 0 5 0 0 -4 -1  0 252.306
 0 5 0 0 -2 0  0 257.907
 0 5 0 0 -5 -1  2 265.608
 0 5 0 0 -3 1  0 259.688
 0 5 0 0 -5 0  0 249.939
 0 5 0 0 -2 1  0 256.895
 0 5 0 0 -5 1  0 247.55
 0 5 0 0 -2 2  0 236.476
 0 5 0 0 -6 1  2 244.12
 0 5 0 0 -2 4  1 231.344
 0 5 0 0 -5 2  0 231.369
 0 5 0 0 -2 4  4 227.994
 0 5 0 0 -4 1  0 227.572
 0 5 0 0 -2 3  0 226.802
 0 5 0 0 -4 2  0 226.718
 0 5 0 0 -3 4  0 229.17
 0 5 0 0 -6 2  0 227.882
 0 5 0 0 -3 6  0 233.537
 0 5 0 0 -6 3  0 226.136
 0 5 0 0 -3 5  0 230.168
 0 5 0 0 -7 4  3 221.36
 0 5 0 0 -3 3  0 236.602
 0 5 0 0 -6 4  0 234.392
 0 5 0 0 -3 2  0 238.237
 0 5 0 0 -5 3  0 233.605
 0 5 0 0 -4 3  0 228.828
 0 5 0 0 -5 4  0 230.817
 0 5 0 0 -4 7  3 241.688
 0 5 0 0 -6 5  2 248.363
 0 5 0 0 -5 6  2 258.01
 0 5 0 0 -5 5  0 257.884
 0 5 0 0 -4 5  0 262.02
 0 5 0 0 -4 4  0 256.566
 0 6 0 0 4 -7  3 257.645
 0 6 0 0 4 -5  0 250.146
 0 6 0 0 4 -4  0 252.962
 0 6 0 0 5 -5  0 244.917
 0 6 0 0 4 -3  0 239.359
 0 6 0 0 5 -6  2 240.748
 0 6 0 0 3 -3  0 248.788
 0 6 0 0 4 -2  0 236.515
 0 6 0 0 3 -2  0 228.377
 0 6 0 0 5 -2  0 235.085
 0 6 0 0 3 -1  0 229.212
 0 6 0 0 5 -3  0 227.031
 0 6 0 0 2 -1  0 230.788
 0 6 0 0 5 -4  0 229.406
 0 6 0 0 3 -5  0 225.727
 0 6 0 0 6 -4  0 225.411
 0 6 0 0 3 -4  0 224.971
 0 6 0 0 6 -5  2 228.997
 0 6 0 0 2 -3  0 231.274
 0 6 0 0 7 -3  3 236.433
 0 6 0 0 2 -2  0 229.789
 0 6 0 0 6 -3  0 226.562
 0 6 0 0 1 -1  0 227.548
 0 6 0 0 4 -1  0 233.871
 0 6 0 0 1 0  0 237.387
 0 6 0 0 3 0  0 235.689
 0 6 0 0 -1 2  1 245.993
 0 6 0 0 4 0  0 235.031
 0 6 0 0 6 -2  0 246.613
 0 6 0 0 0 1  0 257.287
 0 6 0 0 5 -1  0 259.757
 0 6 0 0 2 0  0 266.152
 0 6 0 0 6 -1  2 266.343
 0 6 0 0 2 1  0 263.673
 0 6 0 0 5 0  0 263.263
 0 6 0 0 1 1  0 259.036
 0 6 0 0 4 1  0 248.153
 0 6 0 0 0 2  0 241.591
 0 6 0 0 5 1  2 242.471
 0 6 0 0 -1 2  4 241.818
 0 6 0 0 3 2  0 238.67
 0 6 0 0 -2 4  0 230.001
 0 6 0 0 3 1  0 236.093
 0 6 0 0 -1 3  0 239.97
 0 6 0 0 2 2  0 233.842
 0 6 0 0 -1 4  0 238.469
 0 6 0 0 4 2  0 235.544
 0 6 0 0 -3 6  0 230.34
 0 6 0 0 3 3  0 234.449
 0 6 0 0 -2 5  0 235.482
 0 6 0 0 4 3  3 233.149
 0 6 0 0 0 3  0 232.754
 0 6 0 0 2 4  0 243.983
 0 6 0 0 1 2  0 237.778
 0 6 0 0 2 3  0 239.304
 0 6 0 0 1 3  0 243.159
 0 6 0 0 1 4  0 242.086
 0 6 0 0 -2 6  3 250.058
 0 6 0 0 1 5  2 255.852
 0 6 0 0 -1 6  2 263.265
 0 6 0 0 0 5  0 264.261
 0 6 0 0 -1 5  0 274.281
 0 6 0 0 0 4  0 267.322
 0 6 0 0 -4 6  3 268.737
 0 6 0 0 -4 5  0 262.102
 0 6 0 0 -4 4  0 269.405
 0 6 0 0 -5 5  0 249.748
 0 6 0 0 -4 3  0 245.266
 0 6 0 0 -5 6  2 250.083
 0 6 0 0 -3 3  0 240.61
 0 6 0 0 -4 2  0 236.698
 0 6 0 0 -3 2  0 233.292
 0 6 0 0 -5 2  0 232.523
 0 6 0 0 -3 1  0 231.953
 0 6 0 0 -5 3  0 233.564
 0 6 0 0 -2 1  0 231.061
 0 6 0 0 -6 5  2 226.562
 0 6 0 0 -3 5  0 230.988
 0 6 0 0 -5 4  0 229.363
 0 6 0 0 -3 4  0 228.312
 0 6 0 0 -6 4  0 224.641
 0 6 0 0 -2 3  0 232.531
 0 6 0 0 -7 4  3 232.705
 0 6 0 0 -2 2  0 225.673
 0 6 0 0 -6 3  0 222.576
 0 6 0 0 -1 1  0 231.9
 0 6 0 0 -4 1  0 227.287
 0 6 0 0 -1 0  0 228.738
 0 6 0 0 -3 0  0 234.836
 0 6 0 0 0 0  0 241.902
 0 6 0 0 -4 0  0 237.383
 0 6 0 0 1 -2  0 243.44
 0 6 0 0 -6 2  0 245.49
 0 6 0 0 0 -1  0 247.017
 0 6 0 0 -5 1  0 249.678
 0 6 0 0 -2 0  0 260.658
 0 6 0 0 -6 1  2 264.364
 0 6 0 0 -2 -1  0 265.477
 0 6 0 0 -5 0  0 253.538
 0 6 0 0 -1 -1  0 247.192
 0 6 0 0 -4 -1  0 250.566
 0 6 0 0 0 -2  0 244.778
 0 6 0 0 -5 -1  2 236.903
 0 6 0 0 2 -4  1 233.303
 0 6 0 0 -3 -2  0 233.494
 0 6 0 0 2 -4  4 229.917
 0 6 0 0 -3 -1  0 232.749
 0 6 0 0 1 -3  0 234.628
 0 6 0 0 -2 -2  0 228.854
 0 6 0 0 1 -4  0 236.518
 0 6 0 0 -4 -2  0 230.964
 0 6 0 0 3 -6  0 235.085
 0 6 0 0 -3 -3  0 226.392
 0 6 0 0 2 -5  0 230.803
 0 6 0 0 -3 -4  3 233.447
 0 6 0 0 0 -3  0 237.09
 0 6 0 0 -2 -4  0 241.116
 0 6 0 0 -1 -2  0 238.004
 0 6 0 0 -2 -3  0 243.783
 0 6 0 0 -1 -3  0 245.841
 0 6 0 0 -1 -4  0 256.185
 0 6 0 0 3 -7  3 254.395
 0 6 0 0 -1 -5  2 262.512
 0 6 0 0 1 -6  2 263.093
 0 6 0 0 0 -5  0 264.366
 0 6 0 0 1 -5  0 266.77
 0 6 0 0 0 -4  0 262.107
 0 7 0 0 -3 7  3 283.248
 0 7 0 0 -1 5  0 271.787
 0 7 0 0 0 4  0 267.493
 0 7 0 0 0 5  0 261.971
 0 7 0 0 1 3  0 268.288
 0 7 0 0 -1 6  2 259.361
 0 7 0 0 0 3  0 243.545
 0 7 0 0 2 2  0 252.179
 0 7 0 0 1 2  0 251.218
 0 7 0 0 3 2  0 259.28
 0 7 0 0 2 1  0 250.402
 0 7 0 0 2 3  0 250.498
 0 7 0 0 1 1  0 250.627
 0 7 0 0 1 4  0 249.467
 0 7 0 0 -2 5  0 259.921
 0 7 0 0 2 4  0 249.945
 0 7 0 0 -1 4  0 253.943
 0 7 0 0 1 5  2 255.136
 0 7 0 0 -1 3  0 254.821
 0 7 0 0 4 3  3 253.246
 0 7 0 0 0 2  0 253.595
 0 7 0 0 3 3  0 255.026
 0 7 0 0 0 1  0 254.643
 0 7 0 0 3 1  0 258.147
 0 7 0 0 1 0  0 256.043
 0 7 0 0 3 0  0 258.03
 0 7 0 0 1 -2  1 257.357
 0 7 0 0 4 0  0 266.121
 0 7 0 0 4 2  0 275.257
 0 7 0 0 1 -1  0 273.42
 0 7 0 0 4 1  0 289.791
 0 7 0 0 2 0  0 288.87
 0 7 0 0 5 1  2 292.546
 0 7 0 0 3 -1  0 294.048
 0 7 0 0 5 0  0 294.312
 0 7 0 0 2 -1  0 282.065
 0 7 0 0 5 -1  0 278.692
 0 7 0 0 2 -2  0 281.906
 0 7 0 0 6 -1  2 266.663
 0 7 0 0 1 -2  4 267.854
 0 7 0 0 5 -2  0 260.032
 0 7 0 0 2 -4  0 255.24
 0 7 0 0 4 -1  0 258.309
 0 7 0 0 2 -3  0 262.402
 0 7 0 0 4 -2  0 253.803
 0 7 0 0 3 -4  0 255.213
 0 7 0 0 6 -2  0 259.297
 0 7 0 0 3 -6  0 258.108
 0 7 0 0 6 -3  0 260.727
 0 7 0 0 3 -5  0 257.944
 0 7 0 0 7 -3  3 261.04
 0 7 0 0 3 -3  0 262.233
 0 7 0 0 6 -4  0 255.963
 0 7 0 0 3 -2  0 273.579
 0 7 0 0 5 -3  0 266.054
 0 7 0 0 4 -3  0 263.102
 0 7 0 0 5 -4  0 279.772
 0 7 0 0 4 -6  3 278.247
 0 7 0 0 6 -5  2 288.212
 0 7 0 0 5 -6  2 283.712
 0 7 0 0 5 -5  0 290.426
 0 7 0 0 4 -5  0 283.868
 0 7 0 0 4 -4  0 288.789
 0 7 0 0 2 -6  3 269.517
 0 7 0 0 1 -5  0 268.103
 0 7 0 0 0 -4  0 263.018
 0 7 0 0 0 -5  0 251.618
 0 7 0 0 -1 -3  0 248.373
 0 7 0 0 1 -6  2 248.063
 0 7 0 0 0 -3  0 251.352
 0 7 0 0 -2 -2  0 238.397
 0 7 0 0 -1 -2  0 243.013
 0 7 0 0 -3 -2  0 243.808
 0 7 0 0 -2 -1  0 232.546
 0 7 0 0 -2 -3  0 239.932
 0 7 0 0 -1 -1  0 239.237
 0 7 0 0 -1 -5  2 237.956
 0 7 0 0 2 -5  0 240.657
 0 7 0 0 -1 -4  0 240.703
 0 7 0 0 1 -4  0 235.564
 0 7 0 0 -2 -4  0 238.968
 0 7 0 0 1 -3  0 228.138
 0 7 0 0 -3 -4  3 236.198
 0 7 0 0 0 -2  0 236.841
 0 7 0 0 -3 -3  0 242.021
 0 7 0 0 0 -1  0 230.639
 0 7 0 0 -3 -1  0 236.042
 0 7 0 0 -1 0  0 246.566
 0 7 0 0 -3 0  0 237.185
 0 7 0 0 0 0  0 245.65
 0 7 0 0 -4 0  0 238.861
 0 7 0 0 -1 2  0 244.51
 0 7 0 0 -4 -2  0 250.323
 0 7 0 0 -1 1  0 255.077
 0 7 0 0 -4 -1  0 259.805
 0 7 0 0 -2 0  0 265.544
 0 7 0 0 -5 -1  2 270.793
 0 7 0 0 -3 1  0 268.035
 0 7 0 0 -5 0  0 256.906
 0 7 0 0 -2 1  0 256.228
 0 7 0 0 -5 1  0 254.434
 0 7 0 0 -2 2  0 253.269
 0 7 0 0 -6 1  2 244.393
 0 7 0 0 -2 4  1 247.093
 0 7 0 0 -5 2  0 237.067
 0 7 0 0 -2 4  4 240.531
 0 7 0 0 -4 1  0 237.032
 0 7 0 0 -2 3  0 241.343
 0 7 0 0 -4 2  0 238.776
 0 7 0 0 -3 4  0 242.072
 0 7 0 0 -6 2  0 238.224
 0 7 0 0 -3 6  0 238.438
 0 7 0 0 -6 3  0 248.748
 0 7 0 0 -3 5  0 244.486
 0 7 0 0 -7 4  3 234.197
 0 7 0 0 -3 3  0 243.248
 0 7 0 0 -6 4  0 238.138
 0 7 0 0 -3 2  0 248.127
 0 7 0 0 -5 3  0 249.175
 0 7 0 0 -4 3  0 248.315
 0 7 0 0 -5 4  0 258.979
 0 7 0 0 -4 7  3 255.531
 0 7 0 0 -6 5  2 265.913
 0 7 0 0 -5 6  2 262.233
 0 7 0 0 -5 5  0 263.332
 0 7 0 0 -4 5  0 264.842
 0 7 0 0 -4 4  0 266.189
 0 8 0 0 4 -7  3 266.342
 0 8 0 0 4 -5  0 266.359
 0 8 0 0 4 -4  0 263.233
 0 8 0 0 5 -5  0 259.198
 0 8 0 0 4 -3  0 246.24
 0 8 0 0 5 -6  2 249.234
 0 8 0 0 3 -3  0 239.752
 0 8 0 0 4 -2  0 235.869
 0 8 0 0 3 -2  0 244.778
 0 8 0 0 5 -2  0 243.251
 0 8 0 0 3 -1  0 237.331
 0 8 0 0 5 -3  0 233.972
 0 8 0 0 2 -1  0 234.681
 0 8 0 0 5 -4  0 237.363
 0 8 0 0 3 -5  0 230.607
 0 8 0 0 6 -4  0 230.895
 0 8 0 0 3 -4  0 232.731
 0 8 0 0 6 -5  2 233.66
 0 8 0 0 2 -3  0 230.319
 0 8 0 0 7 -3  3 241.152
 0 8 0 0 2 -2  0 239.265
 0 8 0 0 6 -3  0 239.851
 0 8 0 0 1 -1  0 240.372
 0 8 0 0 4 -1  0 245.501
 0 8 0 0 1 0  0 245.364
 0 8 0 0 3 0  0 253.236
 0 8 0 0 -1 2  1 255.01
 0 8 0 0 4 0  0 256.854
 0 8 0 0 6 -2  0 261.94
 0 8 0 0 0 1  0 273.699
 0 8 0 0 5 -1  0 278.632
 0 8 0 0 2 0  0 275.5
 0 8 0 0 6 -1  2 283.767
 0 8 0 0 2 1  0 277.333
 0 8 0 0 5 0  0 271.875
 0 8 0 0 1 1  0 272.474
 0 8 0 0 4 1  0 269.525
 0 8 0 0 0 2  0 266.168
 0 8 0 0 5 1  2 253.809
 0 8 0 0 -1 2  4 257.16
 0 8 0 0 3 2  0 248.019
 0 8 0 0 -2 4  0 250.395
 0 8 0 0 3 1  0 247.918
 0 8 0 0 -1 3  0 251.543
 0 8 0 0 2 2  0 240.595
 0 8 0 0 -1 4  0 248.19
 0 8 0 0 4 2  0 248.477
 0 8 0 0 -3 6  0 250.794
 0 8 0 0 3 3  0 249.933
 0 8 0 0 -2 5  0 256.778
 0 8 0 0 4 3  3 247.689
 0 8 0 0 0 3  0 244.653
 0 8 0 0 2 4  0 248.881
 0 8 0 0 1 2  0 253.152
 0 8 0 0 2 3  0 259.346
 0 8 0 0 1 3  0 264.71
 0 8 0 0 1 4  0 257.147
 0 8 0 0 -2 6  3 267.115
 0 8 0 0 1 5  2 269.129
 0 8 0 0 -1 6  2 274.114
 0 8 0 0 0 5  0 278.06
 0 8 0 0 -1 5  0 277.991
 0 8 0 0 0 4  0 266.491
 0 8 0 0 -4 6  3 294.582
 0 8 0 0 -4 5  0 288.101
 0 8 0 0 -4 4  0 285.302
 0 8 0 0 -5 5  0 284.701
 0 8 0 0 -4 3  0 270.507
 0 8 0 0 -5 6  2 266.127
 0 8 0 0 -3 3  0 266.654
 0 8 0 0 -4 2  0 263.998
 0 8 0 0 -3 2  0 270.141
 0 8 0 0 -5 2  0 251.636
 0 8 0 0 -3 1  0 254.446
 0 8 0 0 -5 3  0 261.816
 0 8 0 0 -2 1  0 256.473
 0 8 0 0 -6 5  2 253.17
 0 8 0 0 -3 5  0 252.951
 0 8 0 0 -5 4  0 259.452
 0 8 0 0 -3 4  0 261.158
 0 8 0 0 -6 4  0 249.435
 0 8 0 0 -2 3  0 253.891
 0 8 0 0 -7 4  3 259.946
 0 8 0 0 -2 2  0 257.719
 0 8 0 0 -6 3  0 252.633
 0 8 0 0 -1 1  0 259.562
 0 8 0 0 -4 1  0 256.285
 0 8 0 0 -1 0  0 256.848
 0 8 0 0 -3 0  0 265.773
 0 8 0 0 0 0  0 264.114
 0 8 0 0 -4 0  0 271.774
 0 8 0 0 1 -2  0 267.018
 0 8 0 0 -6 2  0 272.238
 0 8 0 0 0 -1  0 283.311
 0 8 0 0 -5 1  0 286.731
 0 8 0 0 -2 0  0 290.821
 0 8 0 0 -6 1  2 289.857
 0 8 0 0 -2 -1  0 304.838
 0 8 0 0 -5 0  0 281.994
 0 8 0 0 -1 -1  0 283.225
 0 8 0 0 -4 -1  0 267.257
 0 8 0 0 0 -2  0 274.41
 0 8 0 0 -5 -1  2 262.699
 0 8 0 0 2 -4  1 256.387
 0 8 0 0 -3 -2  0 257.548
 0 8 0 0 2 -4  4 262.668
 0 8 0 0 -3 -1  0 259.56
 0 8 0 0 1 -3  0 257.798
 0 8 0 0 -2 -2  0 256.07
 0 8 0 0 1 -4  0 261.426
 0 8 0 0 -4 -2  0 258.581
 0 8 0 0 3 -6  0 259.647
 0 8 0 0 -3 -3  0 264.06
 0 8 0 0 2 -5  0 259.105
 0 8 0 0 -3 -4  3 262.562
 0 8 0 0 0 -3  0 264.414
 0 8 0 0 -2 -4  0 266.14
 0 8 0 0 -1 -2  0 263.423
 0 8 0 0 -2 -3  0 270.668
 0 8 0 0 -1 -3  0 268.484
 0 8 0 0 -1 -4  0 272.742
 0 8 0 0 3 -7  3 275.454
 0 8 0 0 -1 -5  2 276.783
 0 8 0 0 1 -6  2 291.586
 0 8 0 0 0 -5  0 295.12
 0 8 0 0 1 -5  0 287.308
 0 8 0 0 0 -4  0 299.226
 0 9 0 0 -3 7  3 263.298
 0 9 0 0 -1 5  0 264.833
 0 9 0 0 0 4  0 269.027
 0 9 0 0 0 5  0 272.327
 0 9 0 0 1 3  0 267.556
 0 9 0 0 -1 6  2 261.676
 0 9 0 0 0 3  0 259.506
 0 9 0 0 2 2  0 250.26
 0 9 0 0 1 2  0 254.971
 0 9 0 0 3 2  0 239.047
 0 9 0 0 2 1  0 244.779
 0 9 0 0 2 3  0 235.758
 0 9 0 0 1 1  0 237.455
 0 9 0 0 1 4  0 235.972
 0 9 0 0 -2 5  0 240.33
 0 9 0 0 2 4  0 243.432
 0 9 0 0 -1 4  0 243.698
 0 9 0 0 1 5  2 234.465
 0 9 0 0 -1 3  0 239.213
 0 9 0 0 4 3  3 233.491
 0 9 0 0 0 2  0 234.98
 0 9 0 0 3 3  0 235.073
 0 9 0 0 0 1  0 236.694
 0 9 0 0 3 1  0 238.541
 0 9 0 0 1 0  0 241.399
 0 9 0 0 3 0  0 249.801
 0 9 0 0 1 -2  1 242.305
 0 9 0 0 4 0  0 254.676
 0 9 0 0 4 2  0 259.085
 0 9 0 0 1 -1  0 270.266
 0 9 0 0 4 1  0 272.111
 0 9 0 0 2 0  0 272.756
 0 9 0 0 5 1  2 270.851
 0 9 0 0 3 -1  0 272.007
 0 9 0 0 5 0  0 269.812
 0 9 0 0 2 -1  0 249.357
 0 9 0 0 5 -1  0 260.098
 0 9 0 0 2 -2  0 252.339
 0 9 0 0 6 -1  2 242.9
 0 9 0 0 1 -2  4 245.892
 0 9 0 0 5 -2  0 247.602
 0 9 0 0 2 -4  0 238.973
 0 9 0 0 4 -1  0 246.941
 0 9 0 0 2 -3  0 230.661
 0 9 0 0 4 -2  0 240.447
 0 9 0 0 3 -4  0 236.921
 0 9 0 0 6 -2  0 238.747
 0 9 0 0 3 -6  0 236.843
 0 9 0 0 6 -3  0 238.494
 0 9 0 0 3 -5  0 240.37
 0 9 0 0 7 -3  3 241.947
 0 9 0 0 3 -3  0 237.817
 0 9 0 0 6 -4  0 238.661
 0 9 0 0 3 -2  0 243.707
 0 9 0 0 5 -3  0 244.741
 0 9 0 0 4 -3  0 235.682
 0 9 0 0 5 -4  0 253.07
 0 9 0 0 4 -6  3 254.162
 0 9 0 0 6 -5  2 251.265
 0 9 0 0 5 -6  2 253.327
 0 9 0 0 5 -5  0 256.742
 0 9 0 0 4 -5  0 263.886
 0 9 0 0 4 -4  0 264.836
 0 9 0 0 2 -6  3 274.612
 0 9 0 0 1 -5  0 266.261
 0 9 0 0 0 -4  0 271.51
 0 9 0 0 0 -5  0 259.093
 0 9 0 0 -1 -3  0 255.487
 0 9 0 0 1 -6  2 253.091
 0 9 0 0 0 -3  0 243.093
 0 9 0 0 -2 -2  0 253.384
 0 9 0 0 -1 -2  0 246.161
 0 9 0 0 -3 -2  0 237.193
 0 9 0 0 -2 -1  0 240.986
 0 9 0 0 -2 -3  0 240.447
 0 9 0 0 -1 -1  0 248.121
 0 9 0 0 -1 -5  2 242.672
 0 9 0 0 2 -5  0 240.503
 0 9 0 0 -1 -4  0 237.52
 0 9 0 0 1 -4  0 245.869
 0 9 0 0 -2 -4  0 239.053
 0 9 0 0 1 -3  0 239.466
 0 9 0 0 -3 -4  3 236.336
 0 9 0 0 0 -2  0 242.129
 0 9 0 0 -3 -3  0 242.968
 0 9 0 0 0 -1  0 242.943
 0 9 0 0 -3 -1  0 245.838
 0 9 0 0 -1 0  0 240.521
 0 9 0 0 -3 0  0 246.679
 0 9 0 0 0 0  0 251.181
 0 9 0 0 -4 0  0 247.715
 0 9 0 0 -1 2  0 251.55
 0 9 0 0 -4 -2  0 256.933
 0 9 0 0 -1 1  0 263.498
 0 9 0 0 -4 -1  0 270.737
 0 9 0 0 -2 0  0 275.836
 0 9 0 0 -5 -1  2 283.799
 0 9 0 0 -3 1  0 269.538
 0 9 0 0 -5 0  0 274.572
 0 9 0 0 -2 1  0 261.864
 0 9 0 0 -5 1  0 251.907
 0 9 0 0 -2 2  0 263.905
 0 9 0 0 -6 1  2 246.271
 0 9 0 0 -2 4  1 251.389
 0 9 0 0 -5 2  0 252.207
 0 9 0 0 -2 4  4 252.602
 0 9 0 0 -4 1  0 249.257
 0 9 0 0 -2 3  0 241.882
 0 9 0 0 -4 2  0 246.285
 0 9 0 0 -3 4  0 240.781
 0 9 0 0 -6 2  0 244.999
 0 9 0 0 -3 6  0 244.122
 0 9 0 0 -6 3  0 241.353
 0 9 0 0 -3 5  0 246.712
 0 9 0 0 -7 4  3 242.959
 0 9 0 0 -3 3  0 252.531
 0 9 0 0 -6 4  0 247.347
 0 9 0 0 -3 2  0 250.72
 0 9 0 0 -5 3  0 257.171
 0 9 0 0 -4 3  0 257.586
 0 9 0 0 -5 4  0 261.839
 0 9 0 0 -4 7  3 264.069
 0 9 0 0 -6 5  2 275.388
 0 9 0 0 -5 6  2 273.061
 0 9 0 0 -5 5  0 279.514
 0 9 0 0 -4 5  0 275.053
 0 9 0 0 -4 4  0 281.828
 0 10 0 0 4 -7  3 268.636
 0 10 0 0 4 -5  0 267.777
 0 10 0 0 4 -4  0 256.917
 0 10 0 0 5 -5  0 255.85
 0 10 0 0 4 -3  0 250.853
 0 10 0 0 5 -6  2 246.357
 0 10 0 0 3 -3  0 242.115
 0 10 0 0 4 -2  0 240.605
 0 10 0 0 3 -2  0 237.52
 0 10 0 0 5 -2  0 243.928
 0 10 0 0 3 -1  0 240.241
 0 10 0 0 5 -3  0 241.345
 0 10 0 0 2 -1  0 230.746
 0 10 0 0 5 -4  0 237.644
 0 10 0 0 3 -5  0 242.567
 0 10 0 0 6 -4  0 233.224
 0 10 0 0 3 -4  0 239.252
 0 10 0 0 6 -5  2 235.822
 0 10 0 0 2 -3  0 234.855
 0 10 0 0 7 -3  3 237.852
 0 10 0 0 2 -2  0 232.159
 0 10 0 0 6 -3  0 237.733
 0 10 0 0 1 -1  0 242.31
 0 10 0 0 4 -1  0 238.127
 0 10 0 0 1 0  0 242.292
 0 10 0 0 3 0  0 243.135
 0 10 0 0 -1 2  1 249.356
 0 10 0 0 4 0  0 242.491
 0 10 0 0 6 -2  0 258.968
 0 10 0 0 0 1  0 258.271
 0 10 0 0 5 -1  0 272.403
 0 10 0 0 2 0  0 265.572
 0 10 0 0 6 -1  2 282.911
 0 10 0 0 2 1  0 272.566
 0 10 0 0 5 0  0 271.142
 0 10 0 0 1 1  0 261.752
 0 10 0 0 4 1  0 261.973
 0 10 0 0 0 2  0 259.337
 0 10 0 0 5 1  2 262.341
 0 10 0 0 -1 2  4 251.276
 0 10 0 0 3 2  0 244.448
 0 10 0 0 -2 4  0 257.846
 0 10 0 0 3 1  0 248.268
 0 10 0 0 -1 3  0 242.692
 0 10 0 0 2 2  0 246.032
 0 10 0 0 -1 4  0 241.476
 0 10 0 0 4 2  0 247.963
 0 10 0 0 -3 6  0 248.182
 0 10 0 0 3 3  0 246.804
 0 10 0 0 -2 5  0 249.848
 0 10 0 0 4 3  3 243.16
 0 10 0 0 0 3  0 254.115
 0 10 0 0 2 4  0 247.565
 0 10 0 0 1 2  0 249.366
 0 10 0 0 2 3  0 256.869
 0 10 0 0 1 3  0 259.433
 0 10 0 0 1 4  0 258.964
 0 10 0 0 -2 6  3 272.082
 0 10 0 0 1 5  2 274.292
 0 10 0 0 -1 6  2 268.407
 0 10 0 0 0 5  0 283.842
 0 10 0 0 -1 5  0 272.143
 0 10 0 0 0 4  0 274.035
 0 10 0 0 -4 6  3 264.214
 0 10 0 0 -4 5  0 256.493
 0 10 0 0 -4 4  0 257.936
 0 10 0 0 -5 5  0 259.764
 0 10 0 0 -4 3  0 255.025
 0 10 0 0 -5 6  2 240.889
 0 10 0 0 -3 3  0 241.405
 0 10 0 0 -4 2  0 232.738
 0 10 0 0 -3 2  0 235.793
 0 10 0 0 -5 2  0 234.598
 0 10 0 0 -3 1  0 232.703
 0 10 0 0 -5 3  0 229.046
 0 10 0 0 -2 1  0 228.261
 0 10 0 0 -6 5  2 230.523
 0 10 0 0 -3 5  0 219.515
 0 10 0 0 -5 4  0 231.928
 0 10 0 0 -3 4  0 230.757
 0 10 0 0 -6 4  0 231.028
 0 10 0 0 -2 3  0 230.15
 0 10 0 0 -7 4  3 228.393
 0 10 0 0 -2 2  0 223.926
 0 10 0 0 -6 3  0 229.945
 0 10 0 0 -1 1  0 231.018
 0 10 0 0 -4 1  0 231.108
 0 10 0 0 -1 0  0 227.24
 0 10 0 0 -3 0  0 231.917
 0 10 0 0 0 0  0 233.402
 0 10 0 0 -4 0  0 237.221
 0 10 0 0 1 -2  0 235.87
 0 10 0 0 -6 2  0 244.185
 0 10 0 0 0 -1  0 250.887
 0 10 0 0 -5 1  0 256.425
 0 10 0 0 -2 0  0 259.985
 0 10 0 0 -6 1  2 259.206
 0 10 0 0 -2 -1  0 263.415
 0 10 0 0 -5 0  0 257.528
 0 10 0 0 -1 -1  0 253.807
 0 10 0 0 -4 -1  0 244.064
 0 10 0 0 0 -2  0 246.333
 0 10 0 0 -5 -1  2 242.434
 0 10 0 0 2 -4  1 239.962
 0 10 0 0 -3 -2  0 237.312
 0 10 0 0 2 -4  4 240.14
 0 10 0 0 -3 -1  0 237.31
 0 10 0 0 1 -3  0 230.413
 0 10 0 0 -2 -2  0 230.513
 0 10 0 0 1 -4  0 239.05
 0 10 0 0 -4 -2  0 234.441
 0 10 0 0 3 -6  0 227.935
 0 10 0 0 -3 -3  0 232.572
 0 10 0 0 2 -5  0 236.445
 0 10 0 0 -3 -4  3 230.749
 0 10 0 0 0 -3  0 232.574
 0 10 0 0 -2 -4  0 239.343
 0 10 0 0 -1 -2  0 238.214
 0 10 0 0 -2 -3  0 243.468
 0 10 0 0 -1 -3  0 246.468
 0 10 0 0 -1 -4  0 264.283
 0 10 0 0 3 -7  3 261.107
 0 10 0 0 -1 -5  2 264.457
 0 10 0 0 1 -6  2 263.913
 0 10 0 0 0 -5  0 265.171
 0 10 0 0 1 -5  0 260.998
 0 10 0 0 0 -4  0 259.892
 0 11 0 0 -3 7  3 271.695
 0 11 0 0 -1 5  0 274.49
 0 11 0 0 0 4  0 264.924
 0 11 0 0 0 5  0 256.127
 0 11 0 0 1 3  0 260.424
 0 11 0 0 -1 6  2 251.695
 0 11 0 0 0 3  0 241.941
 0 11 0 0 2 2  0 249.005
 0 11 0 0 1 2  0 249.691
 0 11 0 0 3 2  0 242.247
 0 11 0 0 2 1  0 242.57
 0 11 0 0 2 3  0 248.417
 0 11 0 0 1 1  0 241.792
 0 11 0 0 1 4  0 238.106
 0 11 0 0 -2 5  0 239.195
 0 11 0 0 2 4  0 241.442
 0 11 0 0 -1 4  0 241.916
 0 11 0 0 1 5  2 243.237
 0 11 0 0 -1 3  0 243.663
 0 11 0 0 4 3  3 245.463
 0 11 0 0 0 2  0 244.294
 0 11 0 0 3 3  0 241.527
 0 11 0 0 0 1  0 247.14
 0 11 0 0 3 1  0 242.894
 0 11 0 0 1 0  0 245.337
 0 11 0 0 3 0  0 249.876
 0 11 0 0 1 -2  1 251.818
 0 11 0 0 4 0  0 256.46
 0 11 0 0 4 2  0 260.567
 0 11 0 0 1 -1  0 264.945
 0 11 0 0 4 1  0 283.365
 0 11 0 0 2 0  0 273.876
 0 11 0 0 5 1  2 279.583
 0 11 0 0 3 -1  0 284.282
 0 11 0 0 5 0  0 270.81
 0 11 0 0 2 -1  0 270.91
 0 11 0 0 5 -1  0 272.313
 0 11 0 0 2 -2  0 258.22
 0 11 0 0 6 -1  2 259.752
 0 11 0 0 1 -2  4 261.427
 0 11 0 0 5 -2  0 253.183
 0 11 0 0 2 -4  0 249.622
 0 11 0 0 4 -1  0 253.204
 0 11 0 0 2 -3  0 247.797
 0 11 0 0 4 -2  0 255.342
 0 11 0 0 3 -4  0 253.006
 0 11 0 0 6 -2  0 245.808
 0 11 0 0 3 -6  0 246.254
 0 11 0 0 6 -3  0 245.136
 0 11 0 0 3 -5  0 246.132
 0 11 0 0 7 -3  3 251.834
 0 11 0 0 3 -3  0 248.655
 0 11 0 0 6 -4  0 257.809
 0 11 0 0 3 -2  0 257.964
 0 11 0 0 5 -3  0 257.561
 0 11 0 0 4 -3  0 262.926
 0 11 0 0 5 -4  0 266.381
 0 11 0 0 4 -6  3 271.757
 0 11 0 0 6 -5  2 266.062
 0 11 0 0 5 -6  2 279.766
 0 11 0 0 5 -5  0 277.995
 0 11 0 0 4 -5  0 273.279
 0 11 0 0 4 -4  0 272.515
 0 11 0 0 2 -6  3 279.272
 0 11 0 0 1 -5  0 274.632
 0 11 0 0 0 -4  0 273.158
 0 11 0 0 0 -5  0 273.406
 0 11 0 0 -1 -3  0 266.147
 0 11 0 0 1 -6  2 261.979
 0 11 0 0 0 -3  0 249.893
 0 11 0 0 -2 -2  0 253.409
 0 11 0 0 -1 -2  0 255.527
 0 11 0 0 -3 -2  0 252.152
 0 11 0 0 -2 -1  0 254.01
 0 11 0 0 -2 -3  0 246.241
 0 11 0 0 -1 -1  0 244.798
 0 11 0 0 -1 -5  2 245.083
 0 11 0 0 2 -5  0 250.658
 0 11 0 0 -1 -4  0 248.988
 0 11 0 0 1 -4  0 243.135
 0 11 0 0 -2 -4  0 244.347
 0 11 0 0 1 -3  0 249.936
 0 11 0 0 -3 -4  3 246.578
 0 11 0 0 0 -2  0 246.557
 0 11 0 0 -3 -3  0 252.252
 0 11 0 0 0 -1  0 253.259
 0 11 0 0 -3 -1  0 251.967
 0 11 0 0 -1 0  0 257.779
 0 11 0 0 -3 0  0 250.555
 0 11 0 0 0 0  0 251.959
 0 11 0 0 -4 0  0 256.788
 0 11 0 0 -1 2  0 261.733
 0 11 0 0 -4 -2  0 267.569
 0 11 0 0 -1 1  0 277.762
 0 11 0 0 -4 -1  0 278.152
 0 11 0 0 -2 0  0 279.935
 0 11 0 0 -5 -1  2 283.683
 0 11 0 0 -3 1  0 289.531
 0 11 0 0 -5 0  0 284.336
 0 11 0 0 -2 1  0 273.414
 0 11 0 0 -5 1  0 271.032
 0 11 0 0 -2 2  0 271.007
 0 11 0 0 -6 1  2 261.288
 0 11 0 0 -2 4  1 265.897
 0 11 0 0 -5 2  0 260.187
 0 11 0 0 -2 4  4 254.341
 0 11 0 0 -4 1  0 254.412
 0 11 0 0 -2 3  0 253.528
 0 11 0 0 -4 2  0 253.953
 0 11 0 0 -3 4  0 255.576
 0 11 0 0 -6 2  0 254.06
 0 11 0 0 -3 6  0 249.689
 0 11 0 0 -6 3  0 253.011
 0 11 0 0 -3 5  0 253.494
 0 11 0 0 -7 4  3 252.648
 0 11 0 0 -3 3  0 257.722
 0 11 0 0 -6 4  0 261.752
 0 11 0 0 -3 2  0 258.626
 0 11 0 0 -5 3  0 254.171
 0 11 0 0 -4 3  0 261.463
 0 11 0 0 -5 4  0 262.931
 0 11 0 0 -4 7  3 271.932
 0 11 0 0 -6 5  2 275.532
 0 11 0 0 -5 6  2 280.598
 0 11 0 0 -5 5  0 276.69
 0 11 0 0 -4 5  0 284.716
 0 11 0 0 -4 4  0 284.619
 0 12 0 0 4 -7  3 260.517
 0 12 0 0 4 -5  0 259.356
 0 12 0 0 4 -4  0 250.333
 0 12 0 0 5 -5  0 249.819
 0 12 0 0 4 -3  0 244.234
 0 12 0 0 5 -6  2 243.34
 0 12 0 0 3 -3  0 235.86
 0 12 0 0 4 -2  0 234.429
 0 12 0 0 3 -2  0 234.732
 0 12 0 0 5 -2  0 228.931
 0 12 0 0 3 -1  0 231.364
 0 12 0 0 5 -3  0 230.807
 0 12 0 0 2 -1  0 232.928
 0 12 0 0 5 -4  0 232.417
 0 12 0 0 3 -5  0 231.583
 0 12 0 0 6 -4  0 231.749
 0 12 0 0 3 -4  0 230.718
 0 12 0 0 6 -5  2 226.412
 0 12 0 0 2 -3  0 226.18
 0 12 0 0 7 -3  3 225.162
 0 12 0 0 2 -2  0 229.985
 0 12 0 0 6 -3  0 230.623
 0 12 0 0 1 -1  0 229.499
 0 12 0 0 4 -1  0 239.548
 0 12 0 0 1 0  0 230.387
 0 12 0 0 3 0  0 229.832
 0 12 0 0 -1 2  1 235.791
 0 12 0 0 4 0  0 238.476
 0 12 0 0 6 -2  0 248.461
 0 12 0 0 0 1  0 262.664
 0 12 0 0 5 -1  0 269.208
 0 12 0 0 2 0  0 265.02
 0 12 0 0 6 -1  2 264.606
 0 12 0 0 2 1  0 262.19
 0 12 0 0 5 0  0 262.264
 0 12 0 0 1 1  0 248.967
 0 12 0 0 4 1  0 255.295
 0 12 0 0 0 2  0 248.008
 0 12 0 0 5 1  2 248.808
 0 12 0 0 -1 2  4 242.205
 0 12 0 0 3 2  0 239.453
 0 12 0 0 -2 4  0 239.032
 0 12 0 0 3 1  0 242.977
 0 12 0 0 -1 3  0 239.077
 0 12 0 0 2 2  0 235.923
 0 12 0 0 -1 4  0 239.428
 0 12 0 0 4 2  0 237.387
 0 12 0 0 -3 6  0 235.33
 0 12 0 0 3 3  0 234.855
 0 12 0 0 -2 5  0 237.819
 0 12 0 0 4 3  3 232.675
 0 12 0 0 0 3  0 244.681
 0 12 0 0 2 4  0 237.268
 0 12 0 0 1 2  0 243.164
 0 12 0 0 2 3  0 250.323
 0 12 0 0 1 3  0 248.687
 0 12 0 0 1 4  0 249.905
 0 12 0 0 -2 6  3 267.263
 0 12 0 0 1 5  2 255.112
 0 12 0 0 -1 6  2 269.571
 0 12 0 0 0 5  0 263.173
 0 12 0 0 -1 5  0 265.625
 0 12 0 0 0 4  0 262.662
 0 12 0 0 -4 6  3 263.853
 0 12 0 0 -4 5  0 267.533
 0 12 0 0 -4 4  0 263.817
 0 12 0 0 -5 5  0 252.518
 0 12 0 0 -4 3  0 253.295
 0 12 0 0 -5 6  2 248.716
 0 12 0 0 -3 3  0 250.136
 0 12 0 0 -4 2  0 247.155
 0 12 0 0 -3 2  0 244.868
 0 12 0 0 -5 2  0 238.835
 0 12 0 0 -3 1  0 237.777
 0 12 0 0 -5 3  0 231.822
 0 12 0 0 -2 1  0 240.48
 0 12 0 0 -6 5  2 240.259
 0 12 0 0 -3 5  0 242.517
 0 12 0 0 -5 4  0 230.21
 0 12 0 0 -3 4  0 242.097
 0 12 0 0 -6 4  0 240.236
 0 12 0 0 -2 3  0 236.952
 0 12 0 0 -7 4  3 233.226
 0 12 0 0 -2 2  0 235.956
 0 12 0 0 -6 3  0 236.847
 0 12 0 0 -1 1  0 242.987
 0 12 0 0 -4 1  0 238.468
 0 12 0 0 -1 0  0 234.245
 0 12 0 0 -3 0  0 235.565
 0 12 0 0 0 0  0 244.338
 0 12 0 0 -4 0  0 247.612
 0 12 0 0 1 -2  0 247.147
 0 12 0 0 -6 2  0 257.096
 0 12 0 0 0 -1  0 275.013
 0 12 0 0 -5 1  0 265.377
 0 12 0 0 -2 0  0 260.459
 0 12 0 0 -6 1  2 264.673
 0 12 0 0 -2 -1  0 270.682
 0 12 0 0 -5 0  0 259.726
 0 12 0 0 -1 -1  0 260.75
 0 12 0 0 -4 -1  0 263.688
 0 12 0 0 0 -2  0 250.526
 0 12 0 0 -5 -1  2 249.897
 0 12 0 0 2 -4  1 248.324
 0 12 0 0 -3 -2  0 242.82
 0 12 0 0 2 -4  4 245.777
 0 12 0 0 -3 -1  0 242.866
 0 12 0 0 1 -3  0 247.004
 0 12 0 0 -2 -2  0 238.398
 0 12 0 0 1 -4  0 244.947
 0 12 0 0 -4 -2  0 240.375
 0 12 0 0 3 -6  0 244.752
 0 12 0 0 -3 -3  0 244.342
 0 12 0 0 2 -5  0 244.096
 0 12 0 0 -3 -4  3 238.732
 0 12 0 0 0 -3  0 246.332
 0 12 0 0 -2 -4  0 242.829
 0 12 0 0 -1 -2  0 254.607
 0 12 0 0 -2 -3  0 254.361
 0 12 0 0 -1 -3  0 254.594
 0 12 0 0 -1 -4  0 252.183
 0 12 0 0 3 -7  3 263.924
 0 12 0 0 -1 -5  2 271.211
 0 12 0 0 1 -6  2 265.163
 0 12 0 0 0 -5  0 276.668
 0 12 0 0 1 -5  0 275.858
 0 12 0 0 0 -4  0 269.558
 0 13 0 0 -3 7  3 258.887
 0 13 0 0 -1 6  2 260.563
 0 13 0 0 0 4  0 255.719
 0 13 0 0 0 5  0 250.001
 0 13 0 0 1 3  0 246.406
 0 13 0 0 -1 5  0 245.423
 0 13 0 0 0 3  0 238.648
 0 13 0 0 1 4  0 236.154
 0 13 0 0 1 2  0 228.596
 0 13 0 0 2 4  0 238.929
 0 13 0 0 2 1  0 228.347
 0 13 0 0 2 2  0 237.158
 0 13 0 0 1 1  0 232.323
 0 13 0 0 3 2  0 235.513
 0 13 0 0 -2 5  0 231.453
 0 13 0 0 2 3  0 231.528
 0 13 0 0 -1 4  0 228.172
 0 13 0 0 1 5  2 229.627
 0 13 0 0 -1 3  0 236.173
 0 13 0 0 4 3  3 227.863
 0 13 0 0 0 2  0 232.366
 0 13 0 0 3 3  0 223.493
 0 13 0 0 -2 4  1 238.077
 0 13 0 0 3 1  0 228.257
 0 13 0 0 0 1  0 238.087
 0 13 0 0 3 0  0 236.269
 0 13 0 0 1 0  0 239.882
 0 13 0 0 4 0  0 246.343
 0 13 0 0 4 2  0 252.541
 0 13 0 0 1 -1  0 268.998
 0 13 0 0 4 1  0 270.198
 0 13 0 0 2 0  0 262.817
 0 13 0 0 5 1  2 275.868
 0 13 0 0 3 -1  0 261.903
 0 13 0 0 5 0  0 261.543
 0 13 0 0 2 -1  0 257.479
 0 13 0 0 5 -1  0 255.331
 0 13 0 0 2 -2  0 240.363
 0 13 0 0 6 -1  2 235.105
 0 13 0 0 1 -2  4 245.76
 0 13 0 0 5 -2  0 231.55
 0 13 0 0 2 -4  0 238.942
 0 13 0 0 4 -1  0 234.423
 0 13 0 0 2 -3  0 239.048
 0 13 0 0 4 -2  0 244.607
 0 13 0 0 3 -4  0 239.003
 0 13 0 0 6 -2  0 234.208
 0 13 0 0 3 -6  0 239.645
 0 13 0 0 6 -3  0 244.148
 0 13 0 0 3 -5  0 237.808
 0 13 0 0 7 -3  3 231.972
 0 13 0 0 3 -3  0 238.016
 0 13 0 0 6 -4  0 238.447
 0 13 0 0 3 -2  0 248.158
 0 13 0 0 5 -3  0 255.968
 0 13 0 0 4 -3  0 250.789
 0 13 0 0 5 -4  0 252.822
 0 13 0 0 4 -5  0 259.106
 0 13 0 0 6 -5  2 263.993
 0 13 0 0 4 -6  3 265.049
 0 13 0 0 5 -5  0 269.228
 0 13 0 0 5 -6  2 274.337
 0 13 0 0 4 -4  0 264.264
 0 13 0 0 2 -6  3 270.839
 0 13 0 0 1 -6  2 252.255
 0 13 0 0 0 -4  0 245.616
 0 13 0 0 0 -5  0 243.442
 0 13 0 0 -1 -3  0 240.674
 0 13 0 0 1 -5  0 235.924
 0 13 0 0 0 -3  0 243.145
 0 13 0 0 -1 -5  2 235.378
 0 13 0 0 -1 -2  0 237.09
 0 13 0 0 -1 -4  0 236.101
 0 13 0 0 -2 -1  0 236.05
 0 13 0 0 -2 -2  0 235.678
 0 13 0 0 -1 -1  0 234.553
 0 13 0 0 -3 -2  0 230.796
 0 13 0 0 2 -5  0 234.162
 0 13 0 0 -2 -3  0 234.923
 0 13 0 0 1 -4  0 230.02
 0 13 0 0 -2 -4  0 229.067
 0 13 0 0 1 -3  0 231.335
 0 13 0 0 -3 -4  3 228.284
 0 13 0 0 0 -2  0 230.498
 0 13 0 0 -3 -3  0 230.183
 0 13 0 0 1 -2  1 230.755
 0 13 0 0 -3 -1  0 235.61
 0 13 0 0 0 -1  0 232.259
 0 13 0 0 -3 0  0 244.165
 0 13 0 0 -1 0  0 237.187
 0 13 0 0 -4 0  0 240.725
 0 13 0 0 0 0  0 243.132
 0 13 0 0 -4 -2  0 249.696
 0 13 0 0 -1 1  0 255.637
 0 13 0 0 -4 -1  0 270.021
 0 13 0 0 -2 0  0 257.598
 0 13 0 0 -5 -1  2 272.298
 0 13 0 0 -3 1  0 264.013
 0 13 0 0 -5 0  0 273.762
 0 13 0 0 -2 1  0 258.764
 0 13 0 0 -5 1  0 253.593
 0 13 0 0 -2 2  0 255.749
 0 13 0 0 -6 1  2 245.056
 0 13 0 0 -1 2  0 239.905
 0 13 0 0 -5 2  0 238.55
 0 13 0 0 -2 4  4 238.662
 0 13 0 0 -4 1  0 240.625
 0 13 0 0 -2 3  0 238.319
 0 13 0 0 -4 2  0 238.037
 0 13 0 0 -3 4  0 233.516
 0 13 0 0 -6 2  0 233.398
 0 13 0 0 -3 6  0 235.482
 0 13 0 0 -6 3  0 227.317
 0 13 0 0 -3 5  0 235.919
 0 13 0 0 -7 3  3 233.461
 0 13 0 0 -3 3  0 233.053
 0 13 0 0 -6 4  0 241.471
 0 13 0 0 -3 2  0 240.197
 0 13 0 0 -5 3  0 246.42
 0 13 0 0 -4 3  0 247.528
 0 13 0 0 -5 4  0 246.226
 0 13 0 0 -4 5  0 254.477
 0 13 0 0 -6 5  2 263.224
 0 13 0 0 -4 6  3 263.747
 0 13 0 0 -5 5  0 267.163
 0 13 0 0 -5 6  2 273.449
 0 13 0 0 -4 4  0 277.319
 0 14 0 0 4 -7  3 276.083
 0 14 0 0 4 -5  0 271.481
 0 14 0 0 4 -4  0 276.479
 0 14 0 0 5 -5  0 278.207
 0 14 0 0 4 -3  0 271.17
 0 14 0 0 5 -6  2 273.38
 0 14 0 0 3 -3  0 257.618
 0 14 0 0 4 -2  0 261.52
 0 14 0 0 3 -2  0 258.298
 0 14 0 0 5 -2  0 258.012
 0 14 0 0 3 -1  0 258.467
 0 14 0 0 5 -3  0 247.268
 0 14 0 0 2 -1  0 252.486
 0 14 0 0 5 -4  0 253.944
 0 14 0 0 3 -5  0 252.525
 0 14 0 0 6 -4  0 248.542
 0 14 0 0 3 -4  0 250.533
 0 14 0 0 6 -5  2 250.129
 0 14 0 0 2 -3  0 252.554
 0 14 0 0 7 -3  3 252.148
 0 14 0 0 2 -2  0 244.971
 0 14 0 0 6 -3  0 249.438
 0 14 0 0 1 -1  0 248.882
 0 14 0 0 4 -1  0 259.558
 0 14 0 0 1 0  0 252.583
 0 14 0 0 3 0  0 253.098
 0 14 0 0 -1 2  1 248.853
 0 14 0 0 4 0  0 262.907
 0 14 0 0 6 -2  0 270.788
 0 14 0 0 0 1  0 280.337
 0 14 0 0 5 -1  0 278.723
 0 14 0 0 2 0  0 287.005
 0 14 0 0 6 -1  2 282.084
 0 14 0 0 2 1  0 284.933
 0 14 0 0 5 0  0 277.626
 0 14 0 0 1 1  0 272.476
 0 14 0 0 4 1  0 272.925
 0 14 0 0 0 2  0 267.11
 0 14 0 0 5 1  2 256.915
 0 14 0 0 -1 2  4 250.633
 0 14 0 0 3 2  0 260.595
 0 14 0 0 -2 4  0 250.752
 0 14 0 0 3 1  0 242.734
 0 14 0 0 -1 3  0 244.301
 0 14 0 0 2 2  0 246.842
 0 14 0 0 -1 4  0 246.893
 0 14 0 0 4 2  0 246.768
 0 14 0 0 -3 6  0 245.023
 0 14 0 0 3 3  0 245.399
 0 14 0 0 -2 5  0 235.668
 0 14 0 0 4 3  3 242.685
 0 14 0 0 0 3  0 250.69
 0 14 0 0 2 4  0 247.547
 0 14 0 0 1 2  0 253.659
 0 14 0 0 2 3  0 247.855
 0 14 0 0 1 3  0 250.902
 0 14 0 0 1 4  0 260.007
 0 14 0 0 -2 6  3 266.369
 0 14 0 0 1 5  2 269.841
 0 14 0 0 -1 6  2 269.543
 0 14 0 0 0 5  0 282.737
 0 14 0 0 -1 5  0 284.405
 0 14 0 0 0 4  0 278.403
 0 14 0 0 -4 6  3 290.694
 0 14 0 0 -4 5  0 275.832
 0 14 0 0 -4 4  0 286.478
 0 14 0 0 -5 5  0 274.238
 0 14 0 0 -4 3  0 270.772
 0 14 0 0 -5 6  2 279.015
 0 14 0 0 -3 3  0 265.584
 0 14 0 0 -4 2  0 265.529
 0 14 0 0 -3 2  0 262.04
 0 14 0 0 -5 2  0 260.577
 0 14 0 0 -3 1  0 257.192
 0 14 0 0 -5 3  0 265.388
 0 14 0 0 -2 1  0 251.539
 0 14 0 0 -6 5  2 256.188
 0 14 0 0 -3 5  0 262.887
 0 14 0 0 -5 4  0 259.967
 0 14 0 0 -3 4  0 262.093
 0 14 0 0 -6 4  0 261.95
 0 14 0 0 -2 3  0 259.368
 0 14 0 0 -7 4  3 257.533
 0 14 0 0 -2 2  0 260.052
 0 14 0 0 -6 3  0 257.393
 0 14 0 0 -1 1  0 263.512
 0 14 0 0 -4 1  0 263.898
 0 14 0 0 -1 0  0 263.187
 0 14 0 0 -3 0  0 262.127
 0 14 0 0 0 0  0 270.886
 0 14 0 0 -4 0  0 267.252
 0 14 0 0 1 -2  0 269.27
 0 14 0 0 -6 2  0 274.294
 0 14 0 0 0 -1  0 277.934
 0 14 0 0 -5 1  0 290.326
 0 14 0 0 -2 0  0 290.978
 0 14 0 0 -6 1  2 300.719
 0 14 0 0 -2 -1  0 300.757
 0 14 0 0 -5 0  0 287.77
 0 14 0 0 -1 -1  0 288.147
 0 14 0 0 -4 -1  0 280.961
 0 14 0 0 0 -2  0 270.559
 0 14 0 0 -5 -1  2 271.46
 0 14 0 0 2 -4  1 268.894
 0 14 0 0 -3 -2  0 260.323
 0 14 0 0 2 -4  4 268.989
 0 14 0 0 -3 -1  0 262.038
 0 14 0 0 1 -3  0 266.791
 0 14 0 0 -2 -2  0 258.767
 0 14 0 0 1 -4  0 256.274
 0 14 0 0 -4 -2  0 260.572
 0 14 0 0 3 -6  0 254.244
 0 14 0 0 -3 -3  0 261.793
 0 14 0 0 2 -5  0 260.61
 0 14 0 0 -3 -4  3 262.639
 0 14 0 0 0 -3  0 258.672
 0 14 0 0 -2 -4  0 262.325
 0 14 0 0 -1 -2  0 259.611
 0 14 0 0 -2 -3  0 270.762
 0 14 0 0 -1 -3  0 263.633
 0 14 0 0 -1 -4  0 277.327
 0 14 0 0 3 -7  3 280.03
 0 14 0 0 -1 -5  2 302.307
 0 14 0 0 1 -6  2 287.913
 0 14 0 0 0 -5  0 295.921
 0 14 0 0 1 -5  0 295.636
 0 14 0 0 0 -4  0 291.315
 0 15 0 0 -3 7  3 259.925
 0 15 0 0 -1 6  2 255.006
 0 15 0 0 0 4  0 256.164
 0 15 0 0 0 5  0 240.577
 0 15 0 0 1 3  0 248.167
 0 15 0 0 -1 5  0 237.977
 0 15 0 0 0 3  0 227.844
 0 15 0 0 1 4  0 228.986
 0 15 0 0 1 2  0 231.472
 0 15 0 0 2 4  0 221.847
 0 15 0 0 2 1  0 228.928
 0 15 0 0 2 2  0 229.23
 0 15 0 0 1 1  0 229.135
 0 15 0 0 3 2  0 222.488
 0 15 0 0 -2 5  0 223.822
 0 15 0 0 2 3  0 228.988
 0 15 0 0 -1 4  0 223.012
 0 15 0 0 1 5  2 224.105
 0 15 0 0 -1 3  0 224.792
 0 15 0 0 4 3  3 219.512
 0 15 0 0 0 2  0 228.272
 0 15 0 0 3 3  0 225.673
 0 15 0 0 -2 4  1 227.938
 0 15 0 0 3 1  0 227.418
 0 15 0 0 0 1  0 223.933
 0 15 0 0 3 0  0 226.719
 0 15 0 0 1 0  0 228.997
 0 15 0 0 4 0  0 243.097
 0 15 0 0 4 2  0 241.221
 0 15 0 0 1 -1  0 250.562
 0 15 0 0 4 1  0 252.537
 0 15 0 0 2 0  0 259.894
 0 15 0 0 5 1  2 261.802
 0 15 0 0 3 -1  0 254.471
 0 15 0 0 5 0  0 251.179
 0 15 0 0 2 -1  0 246.106
 0 15 0 0 5 -1  0 248.648
 0 15 0 0 2 -2  0 239.202
 0 15 0 0 6 -1  2 237.952
 0 15 0 0 1 -2  4 240.435
 0 15 0 0 5 -2  0 234.778
 0 15 0 0 2 -4  0 230.53
 0 15 0 0 4 -1  0 227.36
 0 15 0 0 2 -3  0 225.009
 0 15 0 0 4 -2  0 219.705
 0 15 0 0 3 -4  0 232.439
 0 15 0 0 6 -2  0 234.403
 0 15 0 0 3 -6  0 234.187
 0 15 0 0 6 -3  0 233.717
 0 15 0 0 3 -5  0 231.36
 0 15 0 0 7 -3  3 230.192
 0 15 0 0 3 -3  0 234.293
 0 15 0 0 6 -4  0 237.674
 0 15 0 0 3 -2  0 242.447
 0 15 0 0 5 -3  0 236.156
 0 15 0 0 4 -3  0 248.691
 0 15 0 0 5 -4  0 245.919
 0 15 0 0 4 -5  0 252.107
 0 15 0 0 6 -5  2 248.812
 0 15 0 0 4 -6  3 261.895
 0 15 0 0 5 -5  0 257.929
 0 15 0 0 5 -6  2 256.053
 0 15 0 0 4 -4  0 261.09
 0 15 0 0 2 -6  3 295.239
 0 15 0 0 1 -6  2 293.429
 0 15 0 0 0 -4  0 288.044
 0 15 0 0 0 -5  0 284.856
 0 15 0 0 -1 -3  0 277.728
 0 15 0 0 1 -5  0 264.403
 0 15 0 0 0 -3  0 262.634
 0 15 0 0 -1 -5  2 261.312
 0 15 0 0 -1 -2  0 256.421
 0 15 0 0 -1 -4  0 260.749
 0 15 0 0 -2 -1  0 264.197
 0 15 0 0 -2 -2  0 261.772
 0 15 0 0 -1 -1  0 253.053
 0 15 0 0 -3 -2  0 260.055
 0 15 0 0 2 -5  0 253.448
 0 15 0 0 -2 -3  0 253.56
 0 15 0 0 1 -4  0 252.191
 0 15 0 0 -2 -4  0 253.211
 0 15 0 0 1 -3  0 248.193
 0 15 0 0 -3 -4  3 256.962
 0 15 0 0 0 -2  0 257.963
 0 15 0 0 -3 -3  0 261.876
 0 15 0 0 1 -2  1 254.354
 0 15 0 0 -3 -1  0 263.981
 0 15 0 0 0 -1  0 263.162
 0 15 0 0 -3 0  0 261.767
 0 15 0 0 -1 0  0 265.955
 0 15 0 0 -4 0  0 264.222
 0 15 0 0 0 0  0 268.821
 0 15 0 0 -4 -2  0 270.135
 0 15 0 0 -1 1  0 280.483
 0 15 0 0 -4 -1  0 287.512
 0 15 0 0 -2 0  0 292.32
 0 15 0 0 -5 -1  2 296.637
 0 15 0 0 -3 1  0 299.331
 0 15 0 0 -5 0  0 294.031
 0 15 0 0 -2 1  0 278.469
 0 15 0 0 -5 1  0 273.7
 0 15 0 0 -2 2  0 268.969
 0 15 0 0 -6 1  2 266.988
 0 15 0 0 -1 2  0 270.865
 0 15 0 0 -5 2  0 259.236
 0 15 0 0 -2 4  4 254.686
 0 15 0 0 -4 1  0 264.33
 0 15 0 0 -2 3  0 263.118
 0 15 0 0 -4 2  0 260.116
 0 15 0 0 -3 4  0 260.18
 0 15 0 0 -6 2  0 261.782
 0 15 0 0 -3 6  0 267.945
 0 15 0 0 -6 3  0 257.408
 0 15 0 0 -3 5  0 261.178
 0 15 0 0 -7 3  3 254.605
 0 15 0 0 -3 3  0 265.536
 0 15 0 0 -6 4  0 267.442
 0 15 0 0 -3 2  0 269.166
 0 15 0 0 -5 3  0 262.106
 0 15 0 0 -4 3  0 267.606
 0 15 0 0 -5 4  0 278.446
 0 15 0 0 -4 5  0 279.978
 0 15 0 0 -6 5  2 280.521
 0 15 0 0 -4 6  3 280.247
 0 15 0 0 -5 5  0 296.158
 0 15 0 0 -5 6  2 295.429
 0 15 0 0 -4 4  0 287.739
 0 16 0 0 4 -7  3 266.142
 0 16 0 0 5 -6  2 257.123
 0 16 0 0 4 -4  0 261.984
 0 16 0 0 5 -5  0 254.337
 0 16 0 0 4 -3  0 253.795
 0 16 0 0 4 -5  0 254.087
 0 16 0 0 3 -3  0 248.359
 0 16 0 0 5 -4  0 249.437
 0 16 0 0 3 -2  0 246.821
 0 16 0 0 6 -4  0 234.537
 0 16 0 0 3 -1  0 241.484
 0 16 0 0 4 -2  0 235.918
 0 16 0 0 2 -1  0 231.625
 0 16 0 0 5 -2  0 231.598
 0 16 0 0 3 -5  0 235.254
 0 16 0 0 5 -3  0 234.362
 0 16 0 0 3 -4  0 230.046
 0 16 0 0 6 -5  2 236.543
 0 16 0 0 2 -3  0 233.443
 0 16 0 0 7 -3  3 239.029
 0 16 0 0 2 -2  0 242.798
 0 16 0 0 6 -3  0 238.353
 0 16 0 0 2 -4  1 242.023
 0 16 0 0 4 -1  0 235.722
 0 16 0 0 1 -1  0 239.144
 0 16 0 0 3 0  0 246.598
 0 16 0 0 1 0  0 248.517
 0 16 0 0 4 0  0 246.565
 0 16 0 0 6 -2  0 254.138
 0 16 0 0 0 1  0 267.504
 0 16 0 0 5 -1  0 264.039
 0 16 0 0 2 0  0 280.357
 0 16 0 0 6 -1  2 278.348
 0 16 0 0 2 1  0 283.285
 0 16 0 0 5 0  0 272.617
 0 16 0 0 1 1  0 254.463
 0 16 0 0 4 1  0 263.72
 0 16 0 0 0 2  0 261.073
 0 16 0 0 5 1  2 250.567
 0 16 0 0 -1 2  4 254.066
 0 16 0 0 3 2  0 243.384
 0 16 0 0 -2 4  0 245.458
 0 16 0 0 3 1  0 247.032
 0 16 0 0 -1 3  0 246.015
 0 16 0 0 2 2  0 248.374
 0 16 0 0 -1 4  0 240.13
 0 16 0 0 4 2  0 244.833
 0 16 0 0 -3 6  0 239.754
 0 16 0 0 3 3  0 242.438
 0 16 0 0 -2 5  0 247.96
 0 16 0 0 4 3  3 248.637
 0 16 0 0 0 3  0 253.589
 0 16 0 0 2 4  0 245.339
 0 16 0 0 1 2  0 248.535
 0 16 0 0 2 3  0 263.744
 0 16 0 0 1 3  0 250.994
 0 16 0 0 1 4  0 261.246
 0 16 0 0 -1 5  0 267.698
 0 16 0 0 1 5  2 271.749
 0 16 0 0 -2 6  3 279.85
 0 16 0 0 0 5  0 274.104
 0 16 0 0 -1 6  2 277.927
 0 16 0 0 0 4  0 276.549
 0 16 0 0 -4 6  3 286.277
 0 16 0 0 -5 6  2 278.254
 0 16 0 0 -4 4  0 271.786
 0 16 0 0 -5 5  0 274.797
 0 16 0 0 -4 3  0 273.053
 0 16 0 0 -4 5  0 261.113
 0 16 0 0 -3 3  0 254.2
 0 16 0 0 -6 5  2 254.059
 0 16 0 0 -3 2  0 257.796
 0 16 0 0 -5 4  0 258.036
 0 16 0 0 -3 1  0 246.021
 0 16 0 0 -4 2  0 246.438
 0 16 0 0 -2 1  0 251.289
 0 16 0 0 -5 2  0 256.458
 0 16 0 0 -3 5  0 256.468
 0 16 0 0 -5 3  0 253.479
 0 16 0 0 -3 4  0 253.216
 0 16 0 0 -6 4  0 252.631
 0 16 0 0 -2 3  0 252.437
 0 16 0 0 -7 4  3 250.311
 0 16 0 0 -2 2  0 249.786
 0 16 0 0 -6 3  0 252.312
 0 16 0 0 -1 2  1 256.936
 0 16 0 0 -4 1  0 254.164
 0 16 0 0 -1 1  0 257.359
 0 16 0 0 -3 0  0 257.364
 0 16 0 0 -1 0  0 260.738
 0 16 0 0 -4 0  0 269.502
 0 16 0 0 0 0  0 260.966
 0 16 0 0 -6 2  0 271.728
 0 16 0 0 0 -1  0 283.634
 0 16 0 0 -5 1  0 282.074
 0 16 0 0 -2 0  0 292.301
 0 16 0 0 -6 1  2 288.209
 0 16 0 0 -2 -1  0 290.288
 0 16 0 0 -5 0  0 285.098
 0 16 0 0 -1 -1  0 274.939
 0 16 0 0 -4 -1  0 278.083
 0 16 0 0 0 -2  0 263.542
 0 16 0 0 -5 -1  2 261.876
 0 16 0 0 1 -2  0 265.902
 0 16 0 0 -3 -2  0 256.403
 0 16 0 0 2 -4  4 260.07
 0 16 0 0 -3 -1  0 259.858
 0 16 0 0 1 -3  0 254.068
 0 16 0 0 -2 -2  0 261.003
 0 16 0 0 1 -4  0 261.588
 0 16 0 0 -4 -2  0 254.281
 0 16 0 0 3 -6  0 263.702
 0 16 0 0 -3 -3  0 254.016
 0 16 0 0 2 -5  0 265.719
 0 16 0 0 -4 -3  3 266.871
 0 16 0 0 0 -3  0 259.364
 0 16 0 0 -2 -4  0 265.535
 0 16 0 0 -1 -2  0 268.917
 0 16 0 0 -2 -3  0 272.148
 0 16 0 0 -1 -3  0 280.908
 0 16 0 0 -1 -4  0 273.655
 0 16 0 0 1 -5  0 277.045
 0 16 0 0 -1 -5  2 284.098
 0 16 0 0 2 -6  3 294.127
 0 16 0 0 0 -5  0 293.887
 0 16 0 0 1 -6  2 285.795
 0 16 0 0 0 -4  0 284.158
