SCHEME_CODE 0
# CODE  LAYER SENSOR_IX SENSOR_IV  IX  IV TYPE  VALUE
 0 1 0 0 -3 7  3 274.002
 0 1 0 0 -1 5  0 269.104
 0 1 0 0 0 4  0 260.177
 0 1 0 0 0 5  0 259.947
 0 1 0 0 1 3  0 246.384
 0 1 0 0 -1 6  2 245.422
 0 1 0 0 0 3  0 253.43
 0 1 0 0 2 2  0 240.322
 0 1 0 0 1 2  0 245.044
 0 1 0 0 3 2  0 239.407
 0 1 0 0 2 1  0 241.419
 0 1 0 0 2 3  0 237.25
 0 1 0 0 1 1  0 236.983
 0 1 0 0 1 4  0 235.06
 0 1 0 0 -2 5  0 239.76
 0 1 0 0 2 4  0 239.997
 0 1 0 0 -1 4  0 234.467
 0 1 0 0 1 5  2 235.312
 0 1 0 0 -1 3  0 232.884
 0 1 0 0 4 3  3 241.139
 0 1 0 0 0 2  0 239.003
 0 1 0 0 3 3  0 241.827
 0 1 0 0 0 1  0 241.344
 0 1 0 0 3 1  0 240.603
 0 1 0 0 1 0  0 243.862
 0 1 0 0 3 0  0 247.63
 0 1 0 0 1 -2  1 246.509
 0 1 0 0 4 0  0 249.579
 0 1 0 0 4 2  0 263.601
 0 1 0 0 1 -1  0 269.846
 0 1 0 0 4 1  0 274.091
 0 1 0 0 2 0  0 264.677
 0 1 0 0 5 1  2 267.591
 0 1 0 0 3 -1  0 275.406
 0 1 0 0 5 0  0 263.92
 0 1 0 0 2 -1  0 266.037
 0 1 0 0 5 -1  0 260.103
 0 1 0 0 2 -2  0 261.704
 0 1 0 0 6 -1  2 249.408
 0 1 0 0 1 -2  4 258.581
 0 1 0 0 5 -2  0 257.267
 0 1 0 0 2 -4  0 256.044
 0 1 0 0 4 -1  0 255.672
 0 1 0 0 2 -3  0 251.916
 0 1 0 0 4 -2  0 255.041
 0 1 0 0 3 -4  0 251.62
 0 1 0 0 6 -2  0 255.04
 0 1 0 0 3 -6  0 243.907
 0 1 0 0 6 -3  0 256.199
 0 1 0 0 3 -5  0 259.987
 0 1 0 0 7 -3  3 253.557
 0 1 0 0 3 -3  0 257.259
 0 1 0 0 6 -4  0 263.292
 0 1 0 0 3 -2  0 262.777
 0 1 0 0 5 -3  0 271.497
 0 1 0 0 4 -3  0 267.453
 0 1 0 0 5 -4  0 275.392
 0 1 0 0 4 -6  3 267.951
 0 1 0 0 6 -5  2 272.273
 0 1 0 0 5 -6  2 264.673
 0 1 0 0 5 -5  0 263.251
 0 1 0 0 4 -5  0 255.94
 0 1 0 0 4 -4  0 263.431
 0 1 0 0 2 -6  3 286.016
 0 1 0 0 1 -5  0 280.759
 0 1 0 0 0 -4  0 275.053
 0 1 0 0 0 -5  0 281.803
 0 1 0 0 -1 -3  0 272.27
 0 1 0 0 1 -6  2 261.42
 0 1 0 0 0 -3  0 252.216
 0 1 0 0 -2 -2  0 260.449
 0 1 0 0 -1 -2  0 253.639
 0 1 0 0 -3 -2  0 253.413
 0 1 0 0 -2 -1  0 249.231
 0 1 0 0 -2 -3  0 251.508
 0 1 0 0 -1 -1  0 245.093
 0 1 0 0 -1 -5  2 241.203
 0 1 0 0 2 -5  0 247.191
 0 1 0 0 -1 -4  0 248.877
 0 1 0 0 1 -4  0 249.922
 0 1 0 0 -2 -4  0 248.156
 0 1 0 0 1 -3  0 251.81
 0 1 0 0 -3 -4  3 248.798
 0 1 0 0 0 -2  0 247.498
 0 1 0 0 -3 -3  0 250.787
 0 1 0 0 0 -1  0 248.406
 0 1 0 0 -3 -1  0 249.697
 0 1 0 0 -1 0  0 257.303
 0 1 0 0 -3 0  0 253.602
 0 1 0 0 0 0  0 255.892
 0 1 0 0 -4 0  0 258.682
 0 1 0 0 -1 2  0 266.507
 0 1 0 0 -4 -2  0 263.056
 0 1 0 0 -1 1  0 277.881
 0 1 0 0 -4 -1  0 282.336
 0 1 0 0 -2 0  0 286.883
 0 1 0 0 -5 -1  2 287.367
 0 1 0 0 -3 1  0 286.323
 0 1 0 0 -5 0  0 275.873
 0 1 0 0 -2 1  0 288.839
 0 1 0 0 -5 1  0 271.697
 0 1 0 0 -2 2  0 272.694
 0 1 0 0 -6 1  2 264.667
 0 1 0 0 -2 4  1 259.671
 0 1 0 0 -5 2  0 270.499
 0 1 0 0 -2 4  4 257.56
 0 1 0 0 -4 1  0 254.031
 0 1 0 0 -2 3  0 260.249
 0 1 0 0 -4 2  0 258.29
 0 1 0 0 -3 4  0 255.913
 0 1 0 0 -6 2  0 257.044
 0 1 0 0 -3 6  0 254.1
 0 1 0 0 -6 3  0 263.918
 0 1 0 0 -3 5  0 249.344
 0 1 0 0 -7 4  3 257.08
 0 1 0 0 -3 3  0 261.718
 0 1 0 0 -6 4  0 263.876
 0 1 0 0 -3 2  0 260.633
 0 1 0 0 -5 3  0 265.298
 0 1 0 0 -4 3  0 265.316
 0 1 0 0 -5 4  0 274.294
 0 1 0 0 -4 7  3 277.412
 0 1 0 0 -6 5  2 272.601
 0 1 0 0 -5 6  2 271.691
 0 1 0 0 -5 5  0 282.323
 0 1 0 0 -4 5  0 283.828
 0 1 0 0 -4 4  0 279.593
 0 2 0 0 4 -7  3 259.852
 0 2 0 0 4 -5  0 261.163
 0 2 0 0 4 -4  0 258.842
 0 2 0 0 5 -5  0 263.204
 0 2 0 0 4 -3  0 252.162
 0 2 0 0 5 -6  2 254.857
 0 2 0 0 3 -3  0 243.956
 0 2 0 0 4 -2  0 245.128
 0 2 0 0 3 -2  0 235.93
 0 2 0 0 5 -2  0 241.602
 0 2 0 0 3 -1  0 242.47
 0 2 0 0 5 -3  0 239.952
 0 2 0 0 2 -1  0 234.64
 0 2 0 0 5 -4  0 238.836
 0 2 0 0 3 -5  0 234.194
 0 2 0 0 6 -4  0 235.627
 0 2 0 0 3 -4  0 232.066
 0 2 0 0 6 -5  2 238.053
 0 2 0 0 2 -3  0 238.556
 0 2 0 0 7 -3  3 236.277
 0 2 0 0 2 -2  0 232.883
 0 2 0 0 6 -3  0 233.183
 0 2 0 0 1 -1  0 238.136
 0 2 0 0 4 -1  0 248.506
 0 2 0 0 1 0  0 245.178
 0 2 0 0 3 0  0 244.363
 0 2 0 0 -1 2  1 249.697
 0 2 0 0 4 0  0 258.656
 0 2 0 0 6 -2  0 253.343
 0 2 0 0 0 1  0 259.387
 0 2 0 0 5 -1  0 263.654
 0 2 0 0 2 0  0 266.67
 0 2 0 0 6 -1  2 271.146
 0 2 0 0 2 1  0 272.019
 0 2 0 0 5 0  0 265.282
 0 2 0 0 1 1  0 268.299
 0 2 0 0 4 1  0 259.262
 0 2 0 0 0 2  0 257.457
 0 2 0 0 5 1  2 251.572
 0 2 0 0 -1 2  4 249.333
 0 2 0 0 3 2  0 247.407
 0 2 0 0 -2 4  0 244.051
 0 2 0 0 3 1  0 243.698
 0 2 0 0 -1 3  0 243.44
 0 2 0 0 2 2  0 245.893
 0 2 0 0 -1 4  0 242.04
 0 2 0 0 4 2  0 243.38
 0 2 0 0 -3 6  0 249.013
 0 2 0 0 3 3  0 239.171
 0 2 0 0 -2 5  0 237.956
 0 2 0 0 4 3  3 238.449
 0 2 0 0 0 3  0 244.04
 0 2 0 0 2 4  0 247.791
 0 2 0 0 1 2  0 241.796
 0 2 0 0 2 3  0 251.958
 0 2 0 0 1 3  0 254.542
 0 2 0 0 1 4  0 254.833
 0 2 0 0 -2 6  3 262.769
 0 2 0 0 1 5  2 259.606
 0 2 0 0 -1 6  2 261.041
 0 2 0 0 0 5  0 261.523
 0 2 0 0 -1 5  0 259.819
 0 2 0 0 0 4  0 257.266
 0 2 0 0 -4 6  3 306.641
 0 2 0 0 -4 5  0 306.433
 0 2 0 0 -4 4  0 302.299
 0 2 0 0 -5 5  0 294.548
 0 2 0 0 -4 3  0 299.337
 0 2 0 0 -5 6  2 288.386
 0 2 0 0 -3 3  0 287.308
 0 2 0 0 -4 2  0 289.383
 0 2 0 0 -3 2  0 283.673
 0 2 0 0 -5 2  0 275.831
 0 2 0 0 -3 1  0 277.462
 0 2 0 0 -5 3  0 281.723
 0 2 0 0 -2 1  0 277.45
 0 2 0 0 -6 5  2 275.934
 0 2 0 0 -3 5  0 269.724
 0 2 0 0 -5 4  0 275.32
 0 2 0 0 -3 4  0 271.521
 0 2 0 0 -6 4  0 277.738
 0 2 0 0 -2 3  0 263.522
 0 2 0 0 -7 4  3 276.583
 0 2 0 0 -2 2  0 281.392
 0 2 0 0 -6 3  0 274.139
 0 2 0 0 -1 1  0 282.098
 0 2 0 0 -4 1  0 277.104
 0 2 0 0 -1 0  0 279.538
 0 2 0 0 -3 0  0 275.289
 0 2 0 0 0 0  0 279.749
 0 2 0 0 -4 0  0 282.768
 0 2 0 0 1 -2  0 285.728
 0 2 0 0 -6 2  0 298.697
 0 2 0 0 0 -1  0 312.233
 0 2 0 0 -5 1  0 304.118
 0 2 0 0 -2 0  0 312.619
 0 2 0 0 -6 1  2 313.888
 0 2 0 0 -2 -1  0 310.751
 0 2 0 0 -5 0  0 304.269
 0 2 0 0 -1 -1  0 297.261
 0 2 0 0 -4 -1  0 298.529
 0 2 0 0 0 -2  0 299.813
 0 2 0 0 -5 -1  2 292.051
 0 2 0 0 2 -4  1 293.368
 0 2 0 0 -3 -2  0 280.502
 0 2 0 0 2 -4  4 287.869
 0 2 0 0 -3 -1  0 287.184
 0 2 0 0 1 -3  0 281.6
 0 2 0 0 -2 -2  0 283.371
 0 2 0 0 1 -4  0 276.294
 0 2 0 0 -4 -2  0 277.577
 0 2 0 0 3 -6  0 279.856
 0 2 0 0 -3 -3  0 280.992
 0 2 0 0 2 -5  0 281.316
 0 2 0 0 -3 -4  3 280.144
 0 2 0 0 0 -3  0 277.542
 0 2 0 0 -2 -4  0 277.108
 0 2 0 0 -1 -2  0 287.888
 0 2 0 0 -2 -3  0 289.121
 0 2 0 0 -1 -3  0 293.477
 0 2 0 0 -1 -4  0 290.36
 0 2 0 0 3 -7  3 298.509
 0 2 0 0 -1 -5  2 300.652
 0 2 0 0 1 -6  2 300.458
 0 2 0 0 0 -5  0 309.248
 0 2 0 0 1 -5  0 305.968
 0 2 0 0 0 -4  0 303.528
 0 3 0 0 -3 7  3 280.483
 0 3 0 0 -1 5  0 276.368
 0 3 0 0 0 4  0 281.894
 0 3 0 0 0 5  0 284.478
 0 3 0 0 1 3  0 277.538
 0 3 0 0 -1 6  2 280.507
 0 3 0 0 0 3  0 265.533
 0 3 0 0 2 2  0 270.654
 0 3 0 0 1 2  0 267.028
 0 3 0 0 3 2  0 270.492
 0 3 0 0 2 1  0 267.122
 0 3 0 0 2 3  0 254.941
 0 3 0 0 1 1  0 260.036
 0 3 0 0 1 4  0 261.996
 0 3 0 0 -2 5  0 259.146
 0 3 0 0 2 4  0 256.754
 0 3 0 0 -1 4  0 257.45
 0 3 0 0 1 5  2 257.258
 0 3 0 0 -1 3  0 259.272
 0 3 0 0 4 3  3 260.493
 0 3 0 0 0 2  0 252.051
 0 3 0 0 3 3  0 257.314
 0 3 0 0 0 1  0 256.549
 0 3 0 0 3 1  0 267.192
 0 3 0 0 1 0  0 260.851
 0 3 0 0 3 0  0 262.611
 0 3 0 0 1 -2  1 256.167
 0 3 0 0 4 0  0 272.519
 0 3 0 0 4 2  0 278.443
 0 3 0 0 1 -1  0 285.76
 0 3 0 0 4 1  0 285.042
 0 3 0 0 2 0  0 290.379
 0 3 0 0 5 1  2 284.586
 0 3 0 0 3 -1  0 286.69
 0 3 0 0 5 0  0 282.284
 0 3 0 0 2 -1  0 279.946
 0 3 0 0 5 -1  0 281.85
 0 3 0 0 2 -2  0 276.139
 0 3 0 0 6 -1  2 266.367
 0 3 0 0 1 -2  4 258.723
 0 3 0 0 5 -2  0 267.602
 0 3 0 0 2 -4  0 257.318
 0 3 0 0 4 -1  0 249.593
 0 3 0 0 2 -3  0 249.858
 0 3 0 0 4 -2  0 252.918
 0 3 0 0 3 -4  0 252.653
 0 3 0 0 6 -2  0 252.507
 0 3 0 0 3 -6  0 251.183
 0 3 0 0 6 -3  0 251.334
 0 3 0 0 3 -5  0 241.393
 0 3 0 0 7 -3  3 248.491
 0 3 0 0 3 -3  0 256.477
 0 3 0 0 6 -4  0 253.003
 0 3 0 0 3 -2  0 258.822
 0 3 0 0 5 -3  0 253.291
 0 3 0 0 4 -3  0 255.616
 0 3 0 0 5 -4  0 266.434
 0 3 0 0 4 -6  3 272.523
 0 3 0 0 6 -5  2 275.944
 0 3 0 0 5 -6  2 273.371
 0 3 0 0 5 -5  0 285.027
 0 3 0 0 4 -5  0 284.513
 0 3 0 0 4 -4  0 279.306
 0 3 0 0 2 -6  3 294.573
 0 3 0 0 1 -5  0 280.82
 0 3 0 0 0 -4  0 291.798
 0 3 0 0 0 -5  0 279.731
 0 3 0 0 -1 -3  0 276.358
 0 3 0 0 1 -6  2 284.417
 0 3 0 0 0 -3  0 269.822
 0 3 0 0 -2 -2  0 269.796
 0 3 0 0 -1 -2  0 266.198
 0 3 0 0 -3 -2  0 264.563
 0 3 0 0 -2 -1  0 261.174
 0 3 0 0 -2 -3  0 268.973
 0 3 0 0 -1 -1  0 255.067
 0 3 0 0 -1 -5  2 259.6
 0 3 0 0 2 -5  0 266.046
 0 3 0 0 -1 -4  0 263.437
 0 3 0 0 1 -4  0 266.122
 0 3 0 0 -2 -4  0 265.27
 0 3 0 0 1 -3  0 262.196
 0 3 0 0 -3 -4  3 261.033
 0 3 0 0 0 -2  0 263.581
 0 3 0 0 -3 -3  0 261.416
 0 3 0 0 0 -1  0 268.432
 0 3 0 0 -3 -1  0 269.514
 0 3 0 0 -1 0  0 268.07
 0 3 0 0 -3 0  0 269.118
 0 3 0 0 0 0  0 278.309
 0 3 0 0 -4 0  0 275.756
 0 3 0 0 -1 2  0 277.591
 0 3 0 0 -4 -2  0 282.753
 0 3 0 0 -1 1  0 285.136
 0 3 0 0 -4 -1  0 294.387
 0 3 0 0 -2 0  0 292.836
 0 3 0 0 -5 -1  2 301.976
 0 3 0 0 -3 1  0 301.998
 0 3 0 0 -5 0  0 293.349
 0 3 0 0 -2 1  0 295.269
 0 3 0 0 -5 1  0 289.162
 0 3 0 0 -2 2  0 278.917
 0 3 0 0 -6 1  2 280.543
 0 3 0 0 -2 4  1 278.298
 0 3 0 0 -5 2  0 268.543
 0 3 0 0 -2 4  4 277.004
 0 3 0 0 -4 1  0 270.72
 0 3 0 0 -2 3  0 275.189
 0 3 0 0 -4 2  0 265.731
 0 3 0 0 -3 4  0 263.312
 0 3 0 0 -6 2  0 269.673
 0 3 0 0 -3 6  0 260.851
 0 3 0 0 -6 3  0 269.253
 0 3 0 0 -3 5  0 268.862
 0 3 0 0 -7 4  3 269.464
 0 3 0 0 -3 3  0 266.967
 0 3 0 0 -6 4  0 270.771
 0 3 0 0 -3 2  0 268.397
 0 3 0 0 -5 3  0 279.85
 0 3 0 0 -4 3  0 271.929
 0 3 0 0 -5 4  0 284.653
 0 3 0 0 -4 7  3 286.134
 0 3 0 0 -6 5  2 302.659
 0 3 0 0 -5 6  2 288.848
 0 3 0 0 -5 5  0 295.337
 0 3 0 0 -4 5  0 293.616
 0 3 0 0 -4 4  0 288.508
 0 4 0 0 4 -7  3 272.848
 0 4 0 0 4 -5  0 273.101
 0 4 0 0 4 -4  0 263.079
 0 4 0 0 5 -5  0 262.834
 0 4 0 0 4 -3  0 258.437
 0 4 0 0 5 -6  2 254.343
 0 4 0 0 3 -3  0 249.722
 0 4 0 0 4 -2  0 249.028
 0 4 0 0 3 -2  0 244.486
 0 4 0 0 5 -2  0 255.954
 0 4 0 0 3 -1  0 247.161
 0 4 0 0 5 -3  0 247.353
 0 4 0 0 2 -1  0 236.901
 0 4 0 0 5 -4  0 243.734
 0 4 0 0 3 -5  0 248.551
 0 4 0 0 6 -4  0 239.708
 0 4 0 0 3 -4  0 245.243
 0 4 0 0 6 -5  2 242.502
 0 4 0 0 2 -3  0 240.323
 0 4 0 0 7 -3  3 246.263
 0 4 0 0 2 -2  0 238.672
 0 4 0 0 6 -3  0 245.479
 0 4 0 0 1 -1  0 249.166
 0 4 0 0 4 -1  0 246.229
 0 4 0 0 1 0  0 249.863
 0 4 0 0 3 0  0 251.873
 0 4 0 0 -1 2  1 258.208
 0 4 0 0 4 0  0 251.28
 0 4 0 0 6 -2  0 269.149
 0 4 0 0 0 1  0 265.514
 0 4 0 0 5 -1  0 278.319
 0 4 0 0 2 0  0 268.684
 0 4 0 0 6 -1  2 283.252
 0 4 0 0 2 1  0 274.791
 0 4 0 0 5 0  0 276.801
 0 4 0 0 1 1  0 268.554
 0 4 0 0 4 1  0 269.186
 0 4 0 0 0 2  0 267.702
 0 4 0 0 5 1  2 270.993
 0 4 0 0 -1 2  4 261.016
 0 4 0 0 3 2  0 254.956
 0 4 0 0 -2 4  0 266.596
 0 4 0 0 3 1  0 256.963
 0 4 0 0 -1 3  0 251.287
 0 4 0 0 2 2  0 255.058
 0 4 0 0 -1 4  0 250.627
 0 4 0 0 4 2  0 257.229
 0 4 0 0 -3 6  0 256.659
 0 4 0 0 3 3  0 255.656
 0 4 0 0 -2 5  0 259.027
 0 4 0 0 4 3  3 252.27
 0 4 0 0 0 3  0 263.233
 0 4 0 0 2 4  0 256.114
 0 4 0 0 1 2  0 257.262
 0 4 0 0 2 3  0 263.572
 0 4 0 0 1 3  0 265.201
 0 4 0 0 1 4  0 261.669
 0 4 0 0 -2 6  3 274.148
 0 4 0 0 1 5  2 274.168
 0 4 0 0 -1 6  2 267.072
 0 4 0 0 0 5  0 281.009
 0 4 0 0 -1 5  0 267.363
 0 4 0 0 0 4  0 268.718
 0 4 0 0 -4 6  3 267.814
 0 4 0 0 -4 5  0 260.877
 0 4 0 0 -4 4  0 263.053
 0 4 0 0 -5 5  0 265.071
 0 4 0 0 -4 3  0 261.162
 0 4 0 0 -5 6  2 247.013
 0 4 0 0 -3 3  0 247.302
 0 4 0 0 -4 2  0 237.878
 0 4 0 0 -3 2  0 241.013
 0 4 0 0 -5 2  0 239.481
 0 4 0 0 -3 1  0 237.018
 0 4 0 0 -5 3  0 233.013
 0 4 0 0 -2 1  0 231.938
 0 4 0 0 -6 5  2 234.236
 0 4 0 0 -3 5  0 223.382
 0 4 0 0 -5 4  0 236.029
 0 4 0 0 -3 4  0 235.19
 0 4 0 0 -6 4  0 234.776
 0 4 0 0 -2 3  0 234.46
 0 4 0 0 -7 4  3 232.664
 0 4 0 0 -2 2  0 228.68
 0 4 0 0 -6 3  0 234.81
 0 4 0 0 -1 1  0 236.106
 0 4 0 0 -4 1  0 237.284
 0 4 0 0 -1 0  0 233.056
 0 4 0 0 -3 0  0 238.803
 0 4 0 0 0 0  0 239.847
 0 4 0 0 -4 0  0 245.016
 0 4 0 0 1 -2  0 243.78
 0 4 0 0 -6 2  0 252.791
 0 4 0 0 0 -1  0 257.921
 0 4 0 0 -5 1  0 262.687
 0 4 0 0 -2 0  0 264.326
 0 4 0 0 -6 1  2 260.653
 0 4 0 0 -2 -1  0 264.994
 0 4 0 0 -5 0  0 263.979
 0 4 0 0 -1 -1  0 260.044
 0 4 0 0 -4 -1  0 253.179
 0 4 0 0 0 -2  0 255.042
 0 4 0 0 -5 -1  2 252.431
 0 4 0 0 2 -4  1 249.469
 0 4 0 0 -3 -2  0 246.542
 0 4 0 0 2 -4  4 249.759
 0 4 0 0 -3 -1  0 246.588
 0 4 0 0 1 -3  0 237.879
 0 4 0 0 -2 -2  0 239.797
 0 4 0 0 1 -4  0 248.802
 0 4 0 0 -4 -2  0 245.799
 0 4 0 0 3 -6  0 236.912
 0 4 0 0 -3 -3  0 240.813
 0 4 0 0 2 -5  0 245.48
 0 4 0 0 -3 -4  3 240.122
 0 4 0 0 0 -3  0 242.45
 0 4 0 0 -2 -4  0 249.319
 0 4 0 0 -1 -2  0 247.373
 0 4 0 0 -2 -3  0 253.054
 0 4 0 0 -1 -3  0 254.747
 0 4 0 0 -1 -4  0 266.94
 0 4 0 0 3 -7  3 264.113
 0 4 0 0 -1 -5  2 266.119
 0 4 0 0 1 -6  2 263.454
 0 4 0 0 0 -5  0 263.06
 0 4 0 0 1 -5  0 257.223
 0 4 0 0 0 -4  0 256.62
 0 5 0 0 -3 7  3 263.156
 0 5 0 0 -1 5  0 257.16
 0 5 0 0 0 4  0 259.942
 0 5 0 0 0 5  0 253.9
 0 5 0 0 1 3  0 248.714
 0 5 0 0 -1 6  2 250.058
 0 5 0 0 0 3  0 258.806
 0 5 0 0 2 2  0 246.417
 0 5 0 0 1 2  0 237.374
 0 5 0 0 3 2  0 247.723
 0 5 0 0 2 1  0 238.324
 0 5 0 0 2 3  0 237.132
 0 5 0 0 1 1  0 239.834
 0 5 0 0 1 4  0 238.237
 0 5 0 0 -2 5  0 233.556
 0 5 0 0 2 4  0 234.866
 0 5 0 0 -1 4  0 233.394
 0 5 0 0 1 5  2 237.67
 0 5 0 0 -1 3  0 239.237
 0 5 0 0 4 3  3 246.219
 0 5 0 0 0 2  0 238.083
 0 5 0 0 3 3  0 235.05
 0 5 0 0 0 1  0 236.099
 0 5 0 0 3 1  0 243.991
 0 5 0 0 1 0  0 246.789
 0 5 0 0 3 0  0 245.434
 0 5 0 0 1 -2  1 254.911
 0 5 0 0 4 0  0 244.898
 0 5 0 0 4 2  0 258.312
 0 5 0 0 1 -1  0 264.128
 0 5 0 0 4 1  0 265.697
 0 5 0 0 2 0  0 267.073
 0 5 0 0 5 1  2 267.498
 0 5 0 0 3 -1  0 265.246
 0 5 0 0 5 0  0 267.657
 0 5 0 0 2 -1  0 264.846
 0 5 0 0 5 -1  0 257.153
 0 5 0 0 2 -2  0 250.541
 0 5 0 0 6 -1  2 251.394
 0 5 0 0 1 -2  4 251.534
 0 5 0 0 5 -2  0 248.562
 0 5 0 0 2 -4  0 239.387
 0 5 0 0 4 -1  0 246.787
 0 5 0 0 2 -3  0 248.896
 0 5 0 0 4 -2  0 243.146
 0 5 0 0 3 -4  0 247.976
 0 5 0 0 6 -2  0 243.687
 0 5 0 0 3 -6  0 237.728
 0 5 0 0 6 -3  0 243.67
 0 5 0 0 3 -5  0 242.733
 0 5 0 0 7 -3  3 242.207
 0 5 0 0 3 -3  0 242.307
 0 5 0 0 6 -4  0 253.77
 0 5 0 0 3 -2  0 246.724
 0 5 0 0 5 -3  0 248.018
 0 5 0 0 4 -3  0 250.863
 0 5 0 0 5 -4  0 249.508
 0 5 0 0 4 -6  3 254.887
 0 5 0 0 6 -5  2 260.981
 0 5 0 0 5 -6  2 265.547
 0 5 0 0 5 -5  0 262.762
 0 5 0 0 4 -5  0 272.2
 0 5 0 0 4 -4  0 263.017
 0 5 0 0 2 -6  3 272.39
 0 5 0 0 1 -5  0 266.797
 0 5 0 0 0 -4  0 273.994
 0 5 0 0 0 -5  0 255.963
 0 5 0 0 -1 -3  0 252.013
 0 5 0 0 1 -6  2 256.363
 0 5 0 0 0 -3  0 247.866
 0 5 0 0 -2 -2  0 243.813
 0 5 0 0 -1 -2  0 239.331
 0 5 0 0 -3 -2  0 237.806
 0 5 0 0 -2 -1  0 237.479
 0 5 0 0 -2 -3  0 239.207
 0 5 0 0 -1 -1  0 236.569
 0 5 0 0 -1 -5  2 232.189
 0 5 0 0 2 -5  0 236.124
 0 5 0 0 -1 -4  0 234.913
 0 5 0 0 1 -4  0 234.376
 0 5 0 0 -2 -4  0 229.544
 0 5 0 0 1 -3  0 237.59
 0 5 0 0 -3 -4  3 238.559
 0 5 0 0 0 -2  0 231.762
 0 5 0 0 -3 -3  0 227.943
 0 5 0 0 0 -1  0 237.327
 0 5 0 0 -3 -1  0 234.047
 0 5 0 0 -1 0  0 235.172
 0 5 0 0 -3 0  0 241.688
 0 5 0 0 0 0  0 249.417
 0 5 0 0 -4 0  0 246.371
 0 5 0 0 -1 2  0 252.366
 0 5 0 0 -4 -2  0 254.657
 0 5 0 0 -1 1  0 254.152
 0 5 0 0 -4 -1  0 256.971
 0 5 0 0 -2 0  0 264.697
 0 5 0 0 -5 -1  2 266.45
 0 5 0 0 -3 1  0 267.163
 0 5 0 0 -5 0  0 260.648
 0 5 0 0 -2 1  0 255.367
 0 5 0 0 -5 1  0 259.927
 0 5 0 0 -2 2  0 253.743
 0 5 0 0 -6 1  2 246.762
 0 5 0 0 -2 4  1 242.692
 0 5 0 0 -5 2  0 241.43
 0 5 0 0 -2 4  4 237.346
 0 5 0 0 -4 1  0 242.971
 0 5 0 0 -2 3  0 242.448
 0 5 0 0 -4 2  0 236.127
 0 5 0 0 -3 4  0 243.144
 0 5 0 0 -6 2  0 239.046
 0 5 0 0 -3 6  0 243.286
 0 5 0 0 -6 3  0 236.121
 0 5 0 0 -3 5  0 239.299
 0 5 0 0 -7 4  3 241.711
 0 5 0 0 -3 3  0 246.827
 0 5 0 0 -6 4  0 250.24
 0 5 0 0 -3 2  0 246.854
 0 5 0 0 -5 3  0 251.846
 0 5 0 0 -4 3  0 253.948
 0 5 0 0 -5 4  0 262.501
 0 5 0 0 -4 7  3 259.544
 0 5 0 0 -6 5  2 264.554
 0 5 0 0 -5 6  2 264.548
 0 5 0 0 -5 5  0 263.168
 0 5 0 0 -4 5  0 264.764
 0 5 0 0 -4 4  0 259.677
 0 6 0 0 4 -7  3 264.272
 0 6 0 0 4 -5  0 265.198
 0 6 0 0 4 -4  0 256.77
 0 6 0 0 5 -5  0 257.099
 0 6 0 0 4 -3  0 251.519
 0 6 0 0 5 -6  2 251.822
 0 6 0 0 3 -3  0 243.406
 0 6 0 0 4 -2  0 241.943
 0 6 0 0 3 -2  0 241.467
 0 6 0 0 5 -2  0 236.456
 0 6 0 0 3 -1  0 238.274
 0 6 0 0 5 -3  0 238.354
 0 6 0 0 2 -1  0 238.767
 0 6 0 0 5 -4  0 240.499
 0 6 0 0 3 -5  0 237.081
 0 6 0 0 6 -4  0 238.299
 0 6 0 0 3 -4  0 236.536
 0 6 0 0 6 -5  2 232.44
 0 6 0 0 2 -3  0 230.907
 0 6 0 0 7 -3  3 231.074
 0 6 0 0 2 -2  0 235.798
 0 6 0 0 6 -3  0 236.931
 0 6 0 0 1 -1  0 234.73
 0 6 0 0 4 -1  0 245.482
 0 6 0 0 1 0  0 235.988
 0 6 0 0 3 0  0 236.802
 0 6 0 0 -1 2  1 242.449
 0 6 0 0 4 0  0 245.892
 0 6 0 0 6 -2  0 255.784
 0 6 0 0 0 1  0 267.967
 0 6 0 0 5 -1  0 274.208
 0 6 0 0 2 0  0 267.059
 0 6 0 0 6 -1  2 265.519
 0 6 0 0 2 1  0 263.489
 0 6 0 0 5 0  0 265.736
 0 6 0 0 1 1  0 254.648
 0 6 0 0 4 1  0 261.874
 0 6 0 0 0 2  0 254.357
 0 6 0 0 5 1  2 255.972
 0 6 0 0 -1 2  4 249.962
 0 6 0 0 3 2  0 247.399
 0 6 0 0 -2 4  0 245.907
 0 6 0 0 3 1  0 250.814
 0 6 0 0 -1 3  0 245.418
 0 6 0 0 2 2  0 242.373
 0 6 0 0 -1 4  0 245.091
 0 6 0 0 4 2  0 244.167
 0 6 0 0 -3 6  0 240.707
 0 6 0 0 3 3  0 240.399
 0 6 0 0 -2 5  0 243.519
 0 6 0 0 4 3  3 239.238
 0 6 0 0 0 3  0 250.789
 0 6 0 0 2 4  0 243.209
 0 6 0 0 1 2  0 249.373
 0 6 0 0 2 3  0 256.028
 0 6 0 0 1 3  0 252.488
 0 6 0 0 1 4  0 253.179
 0 6 0 0 -2 6  3 269.754
 0 6 0 0 1 5  2 256.458
 0 6 0 0 -1 6  2 269.643
 0 6 0 0 0 5  0 260.791
 0 6 0 0 -1 5  0 262.528
 0 6 0 0 0 4  0 257.369
 0 6 0 0 -4 6  3 267.414
 0 6 0 0 -4 5  0 272.483
 0 6 0 0 -4 4  0 268.391
 0 6 0 0 -5 5  0 257.341
 0 6 0 0 -4 3  0 258.888
 0 6 0 0 -5 6  2 253.66
 0 6 0 0 -3 3  0 254.338
 0 6 0 0 -4 2  0 251.543
 0 6 0 0 -3 2  0 248.658
 0 6 0 0 -5 2  0 242.11
 0 6 0 0 -3 1  0 241.271
 0 6 0 0 -5 3  0 234.907
 0 6 0 0 -2 1  0 243.349
 0 6 0 0 -6 5  2 242.473
 0 6 0 0 -3 5  0 245.772
 0 6 0 0 -5 4  0 233.007
 0 6 0 0 -3 4  0 244.972
 0 6 0 0 -6 4  0 242.458
 0 6 0 0 -2 3  0 239.794
 0 6 0 0 -7 4  3 236.056
 0 6 0 0 -2 2  0 238.918
 0 6 0 0 -6 3  0 239.776
 0 6 0 0 -1 1  0 246.939
 0 6 0 0 -4 1  0 243.627
 0 6 0 0 -1 0  0 239.062
 0 6 0 0 -3 0  0 241.809
 0 6 0 0 0 0  0 251.403
 0 6 0 0 -4 0  0 254.974
 0 6 0 0 1 -2  0 253.991
 0 6 0 0 -6 2  0 264.058
 0 6 0 0 0 -1  0 279.41
 0 6 0 0 -5 1  0 270.298
 0 6 0 0 -2 0  0 264.606
 0 6 0 0 -6 1  2 264.47
 0 6 0 0 -2 -1  0 271.392
 0 6 0 0 -5 0  0 265.562
 0 6 0 0 -1 -1  0 267.823
 0 6 0 0 -4 -1  0 270.709
 0 6 0 0 0 -2  0 258.338
 0 6 0 0 -5 -1  2 258.914
 0 6 0 0 2 -4  1 256.416
 0 6 0 0 -3 -2  0 251.089
 0 6 0 0 2 -4  4 253.842
 0 6 0 0 -3 -1  0 251.234
 0 6 0 0 1 -3  0 254.019
 0 6 0 0 -2 -2  0 244.466
 0 6 0 0 1 -4  0 252.629
 0 6 0 0 -4 -2  0 247.326
 0 6 0 0 3 -6  0 253.062
 0 6 0 0 -3 -3  0 252.478
 0 6 0 0 2 -5  0 251.787
 0 6 0 0 -3 -4  3 245.257
 0 6 0 0 0 -3  0 254.31
 0 6 0 0 -2 -4  0 250.164
 0 6 0 0 -1 -2  0 262.073
 0 6 0 0 -2 -3  0 260.998
 0 6 0 0 -1 -3  0 260.211
 0 6 0 0 -1 -4  0 258.599
 0 6 0 0 3 -7  3 267.418
 0 6 0 0 -1 -5  2 272.183
 0 6 0 0 1 -6  2 264.777
 0 6 0 0 0 -5  0 273.486
 0 6 0 0 1 -5  0 272.323
 0 6 0 0 0 -4  0 264.8
 0 7 0 0 -3 7  3 276.313
 0 7 0 0 -1 5  0 279.826
 0 7 0 0 0 4  0 270.581
 0 7 0 0 0 5  0 263.043
 0 7 0 0 1 3  0 267.042
 0 7 0 0 -1 6  2 259.356
 0 7 0 0 0 3  0 248.881
 0 7 0 0 2 2  0 255.932
 0 7 0 0 1 2  0 256.039
 0 7 0 0 3 2  0 248.539
 0 7 0 0 2 1  0 248.376
 0 7 0 0 2 3  0 254.958
 0 7 0 0 1 1  0 247.107
 0 7 0 0 1 4  0 244.168
 0 7 0 0 -2 5  0 244.133
 0 7 0 0 2 4  0 247.066
 0 7 0 0 -1 4  0 247.212
 0 7 0 0 1 5  2 248.18
 0 7 0 0 -1 3  0 248.972
 0 7 0 0 4 3  3 250.927
 0 7 0 0 0 2  0 248.596
 0 7 0 0 3 3  0 247.191
 0 7 0 0 0 1  0 252.864
 0 7 0 0 3 1  0 248.623
 0 7 0 0 1 0  0 251.851
 0 7 0 0 3 0  0 256.083
 0 7 0 0 1 -2  1 258.326
 0 7 0 0 4 0  0 263.497
 0 7 0 0 4 2  0 267.429
 0 7 0 0 1 -1  0 269.212
 0 7 0 0 4 1  0 285.516
 0 7 0 0 2 0  0 275.796
 0 7 0 0 5 1  2 279.777
 0 7 0 0 3 -1  0 283.908
 0 7 0 0 5 0  0 274.421
 0 7 0 0 2 -1  0 274.824
 0 7 0 0 5 -1  0 277
 0 7 0 0 2 -2  0 263.046
 0 7 0 0 6 -1  2 266.67
 0 7 0 0 1 -2  4 268.268
 0 7 0 0 5 -2  0 260.106
 0 7 0 0 2 -4  0 255.527
 0 7 0 0 4 -1  0 257.968
 0 7 0 0 2 -3  0 253.979
 0 7 0 0 4 -2  0 260.728
 0 7 0 0 3 -4  0 259.262
 0 7 0 0 6 -2  0 251.524
 0 7 0 0 3 -6  0 251.426
 0 7 0 0 6 -3  0 251.092
 0 7 0 0 3 -5  0 251.356
 0 7 0 0 7 -3  3 257.502
 0 7 0 0 3 -3  0 254.497
 0 7 0 0 6 -4  0 263.236
 0 7 0 0 3 -2  0 263.356
 0 7 0 0 5 -3  0 261.986
 0 7 0 0 4 -3  0 267.02
 0 7 0 0 5 -4  0 269.362
 0 7 0 0 4 -6  3 272.539
 0 7 0 0 6 -5  2 265.949
 0 7 0 0 5 -6  2 278.429
 0 7 0 0 5 -5  0 274.167
 0 7 0 0 4 -5  0 268.491
 0 7 0 0 4 -4  0 267.353
 0 7 0 0 2 -6  3 284.294
 0 7 0 0 1 -5  0 279.913
 0 7 0 0 0 -4  0 278.728
 0 7 0 0 0 -5  0 279.813
 0 7 0 0 -1 -3  0 273.079
 0 7 0 0 1 -6  2 269.354
 0 7 0 0 0 -3  0 254.808
 0 7 0 0 -2 -2  0 259.011
 0 7 0 0 -1 -2  0 260.344
 0 7 0 0 -3 -2  0 256.831
 0 7 0 0 -2 -1  0 258.011
 0 7 0 0 -2 -3  0 249.966
 0 7 0 0 -1 -1  0 248.049
 0 7 0 0 -1 -5  2 248.742
 0 7 0 0 2 -5  0 254.573
 0 7 0 0 -1 -4  0 252.534
 0 7 0 0 1 -4  0 246.461
 0 7 0 0 -2 -4  0 248.067
 0 7 0 0 1 -3  0 253.222
 0 7 0 0 -3 -4  3 249.861
 0 7 0 0 0 -2  0 250.671
 0 7 0 0 -3 -3  0 256.863
 0 7 0 0 0 -1  0 257.851
 0 7 0 0 -3 -1  0 257.383
 0 7 0 0 -1 0  0 263.237
 0 7 0 0 -3 0  0 258.037
 0 7 0 0 0 0  0 259.597
 0 7 0 0 -4 0  0 265.622
 0 7 0 0 -1 2  0 269.77
 0 7 0 0 -4 -2  0 276.528
 0 7 0 0 -1 1  0 283.219
 0 7 0 0 -4 -1  0 283.553
 0 7 0 0 -2 0  0 283.95
 0 7 0 0 -5 -1  2 284.559
 0 7 0 0 -3 1  0 291.422
 0 7 0 0 -5 0  0 288.533
 0 7 0 0 -2 1  0 280.432
 0 7 0 0 -5 1  0 279.32
 0 7 0 0 -2 2  0 279.301
 0 7 0 0 -6 1  2 269.999
 0 7 0 0 -2 4  1 275.033
 0 7 0 0 -5 2  0 268.529
 0 7 0 0 -2 4  4 262.484
 0 7 0 0 -4 1  0 262.737
 0 7 0 0 -2 3  0 261.887
 0 7 0 0 -4 2  0 261.943
 0 7 0 0 -3 4  0 262.77
 0 7 0 0 -6 2  0 261.576
 0 7 0 0 -3 6  0 257.804
 0 7 0 0 -6 3  0 260.841
 0 7 0 0 -3 5  0 260.728
 0 7 0 0 -7 4  3 260.518
 0 7 0 0 -3 3  0 265.01
 0 7 0 0 -6 4  0 269.827
 0 7 0 0 -3 2  0 266.696
 0 7 0 0 -5 3  0 261.877
 0 7 0 0 -4 3  0 269.06
 0 7 0 0 -5 4  0 269.587
 0 7 0 0 -4 7  3 278.293
 0 7 0 0 -6 5  2 281.051
 0 7 0 0 -5 6  2 282.73
 0 7 0 0 -5 5  0 277.768
 0 7 0 0 -4 5  0 283.713
 0 7 0 0 -4 4  0 282.381
 0 8 0 0 4 -7  3 281.442
 0 8 0 0 4 -5  0 279.371
 0 8 0 0 4 -4  0 277.082
 0 8 0 0 5 -5  0 279.353
 0 8 0 0 4 -3  0 274.467
 0 8 0 0 5 -6  2 268.748
 0 8 0 0 3 -3  0 267.393
 0 8 0 0 4 -2  0 263.273
 0 8 0 0 3 -2  0 261.599
 0 8 0 0 5 -2  0 258.29
 0 8 0 0 3 -1  0 256.221
 0 8 0 0 5 -3  0 255.338
 0 8 0 0 2 -1  0 257.396
 0 8 0 0 5 -4  0 255.384
 0 8 0 0 3 -5  0 249.599
 0 8 0 0 6 -4  0 249.93
 0 8 0 0 3 -4  0 253.664
 0 8 0 0 6 -5  2 252.538
 0 8 0 0 2 -3  0 250.971
 0 8 0 0 7 -3  3 256.672
 0 8 0 0 2 -2  0 257.64
 0 8 0 0 6 -3  0 251.896
 0 8 0 0 1 -1  0 261.757
 0 8 0 0 4 -1  0 257.606
 0 8 0 0 1 0  0 257.906
 0 8 0 0 3 0  0 265.874
 0 8 0 0 -1 2  1 266.387
 0 8 0 0 4 0  0 272.798
 0 8 0 0 6 -2  0 269.847
 0 8 0 0 0 1  0 278.976
 0 8 0 0 5 -1  0 284.778
 0 8 0 0 2 0  0 286.93
 0 8 0 0 6 -1  2 297.684
 0 8 0 0 2 1  0 284.109
 0 8 0 0 5 0  0 287.058
 0 8 0 0 1 1  0 288.083
 0 8 0 0 4 1  0 276.807
 0 8 0 0 0 2  0 277.683
 0 8 0 0 5 1  2 278.243
 0 8 0 0 -1 2  4 273.4
 0 8 0 0 3 2  0 270.722
 0 8 0 0 -2 4  0 268.63
 0 8 0 0 3 1  0 272.267
 0 8 0 0 -1 3  0 263.644
 0 8 0 0 2 2  0 267.809
 0 8 0 0 -1 4  0 273.721
 0 8 0 0 4 2  0 274.239
 0 8 0 0 -3 6  0 263.283
 0 8 0 0 3 3  0 261.297
 0 8 0 0 -2 5  0 267.952
 0 8 0 0 4 3  3 270.094
 0 8 0 0 0 3  0 269.98
 0 8 0 0 2 4  0 273.574
 0 8 0 0 1 2  0 267.826
 0 8 0 0 2 3  0 274.25
 0 8 0 0 1 3  0 276.876
 0 8 0 0 1 4  0 276.311
 0 8 0 0 -2 6  3 283.563
 0 8 0 0 1 5  2 286.893
 0 8 0 0 -1 6  2 290.384
 0 8 0 0 0 5  0 287.998
 0 8 0 0 -1 5  0 282.743
 0 8 0 0 0 4  0 285.424
 0 8 0 0 -4 6  3 259.073
 0 8 0 0 -4 5  0 267.783
 0 8 0 0 -4 4  0 257.22
 0 8 0 0 -5 5  0 257.481
 0 8 0 0 -4 3  0 255.031
 0 8 0 0 -5 6  2 245.834
 0 8 0 0 -3 3  0 245.123
 0 8 0 0 -4 2  0 240.648
 0 8 0 0 -3 2  0 241.349
 0 8 0 0 -5 2  0 239.16
 0 8 0 0 -3 1  0 236.916
 0 8 0 0 -5 3  0 226.132
 0 8 0 0 -2 1  0 232.178
 0 8 0 0 -6 5  2 232.206
 0 8 0 0 -3 5  0 228.913
 0 8 0 0 -5 4  0 233.838
 0 8 0 0 -3 4  0 229.773
 0 8 0 0 -6 4  0 237.501
 0 8 0 0 -2 3  0 232.172
 0 8 0 0 -7 4  3 230.329
 0 8 0 0 -2 2  0 232.376
 0 8 0 0 -6 3  0 232.051
 0 8 0 0 -1 1  0 229.259
 0 8 0 0 -4 1  0 234.912
 0 8 0 0 -1 0  0 237.919
 0 8 0 0 -3 0  0 236.114
 0 8 0 0 0 0  0 248.933
 0 8 0 0 -4 0  0 240.796
 0 8 0 0 1 -2  0 247.087
 0 8 0 0 -6 2  0 255.112
 0 8 0 0 0 -1  0 253.047
 0 8 0 0 -5 1  0 257.024
 0 8 0 0 -2 0  0 256.01
 0 8 0 0 -6 1  2 265.43
 0 8 0 0 -2 -1  0 264.078
 0 8 0 0 -5 0  0 250.843
 0 8 0 0 -1 -1  0 256.629
 0 8 0 0 -4 -1  0 259.578
 0 8 0 0 0 -2  0 244.564
 0 8 0 0 -5 -1  2 240.632
 0 8 0 0 2 -4  1 239.591
 0 8 0 0 -3 -2  0 237.382
 0 8 0 0 2 -4  4 239.799
 0 8 0 0 -3 -1  0 242.259
 0 8 0 0 1 -3  0 244.947
 0 8 0 0 -2 -2  0 235.172
 0 8 0 0 1 -4  0 234.098
 0 8 0 0 -4 -2  0 229.844
 0 8 0 0 3 -6  0 231.408
 0 8 0 0 -3 -3  0 243.148
 0 8 0 0 2 -5  0 227.808
 0 8 0 0 -3 -4  3 232.619
 0 8 0 0 0 -3  0 238.347
 0 8 0 0 -2 -4  0 240.107
 0 8 0 0 -1 -2  0 245.996
 0 8 0 0 -2 -3  0 243.956
 0 8 0 0 -1 -3  0 240.372
 0 8 0 0 -1 -4  0 244.864
 0 8 0 0 3 -7  3 245.582
 0 8 0 0 -1 -5  2 253.826
 0 8 0 0 1 -6  2 250.208
 0 8 0 0 0 -5  0 257.316
 0 8 0 0 1 -5  0 250.022
 0 8 0 0 0 -4  0 257.803
