SCHEME_CODE 0
# CODE  LAYER SENSOR_IX SENSOR_IV  IX  IV TYPE  VALUE
 0 1 0 0 3 -7  0 213.637
 0 1 0 0 4 -7  0 0
 0 1 0 0 1 -6  0 225.412
 0 1 0 0 2 -6  0 227.857
 0 1 0 0 3 -6  0 221.256
 0 1 0 0 4 -6  0 222.184
 0 1 0 0 5 -6  0 218.096
 0 1 0 0 -1 -5  0 225.117
 0 1 0 0 0 -5  0 223.486
 0 1 0 0 1 -5  0 219.661
 0 1 0 0 2 -5  0 221.682
 0 1 0 0 3 -5  0 217.552
 0 1 0 0 4 -5  0 219.233
 0 1 0 0 5 -5  0 224.899
 0 1 0 0 6 -5  0 183.211
 0 1 0 0 -3 -4  0 0
 0 1 0 0 -2 -4  0 225.665
 0 1 0 0 -1 -4  0 218.66
 0 1 0 0 0 -4  0 220.026
 0 1 0 0 1 -4  0 218.946
 0 1 0 0 2 -4  4 221.83
 0 1 0 0 2 -4  1 223.455
 0 1 0 0 3 -4  0 219.894
 0 1 0 0 4 -4  0 223.237
 0 1 0 0 5 -4  0 195.367
 0 1 0 0 6 -4  0 210.643
 0 1 0 0 7 -4  0 229.19
 0 1 0 0 -4 -3  0 224.594
 0 1 0 0 -3 -3  0 224.048
 0 1 0 0 -2 -3  0 179.173
 0 1 0 0 -1 -3  0 229.333
 0 1 0 0 0 -3  0 223.94
 0 1 0 0 1 -3  0 222.398
 0 1 0 0 2 -3  0 220.278
 0 1 0 0 3 -3  0 198.228
 0 1 0 0 4 -3  0 172.977
 0 1 0 0 5 -3  0 224.149
 0 1 0 0 6 -3  0 223.112
 0 1 0 0 7 -3  0 0
 0 1 0 0 -4 -2  0 226.39
 0 1 0 0 -3 -2  0 235.132
 0 1 0 0 -2 -2  0 216.373
 0 1 0 0 -1 -2  0 221.94
 0 1 0 0 0 -2  0 227.823
 0 1 0 0 1 -2  0 219.725
 0 1 0 0 2 -2  0 230.003
 0 1 0 0 3 -2  0 192.156
 0 1 0 0 4 -2  0 229.048
 0 1 0 0 5 -2  0 223.83
 0 1 0 0 6 -2  0 372.713
 0 1 0 0 -5 -1  0 228.294
 0 1 0 0 -4 -1  0 221.417
 0 1 0 0 -3 -1  0 228.067
 0 1 0 0 -2 -1  0 227.886
 0 1 0 0 -1 -1  0 218.733
 0 1 0 0 0 -1  0 222.982
 0 1 0 0 1 -1  0 218.258
 0 1 0 0 2 -1  0 226.996
 0 1 0 0 3 -1  0 224.195
 0 1 0 0 4 -1  0 189.131
 0 1 0 0 5 -1  0 220.785
 0 1 0 0 6 -1  0 216.018
 0 1 0 0 -5 0  0 231.045
 0 1 0 0 -4 0  0 251.892
 0 1 0 0 -3 0  0 250.487
 0 1 0 0 -2 0  0 243.515
 0 1 0 0 -1 0  0 245.359
 0 1 0 0 0 0  0 239.647
 0 1 0 0 1 0  0 221.553
 0 1 0 0 2 0  0 224.248
 0 1 0 0 3 0  0 225.835
 0 1 0 0 4 0  0 213.221
 0 1 0 0 5 0  0 195.934
 0 1 0 0 -6 1  5 241.874
 0 1 0 0 -5 1  5 0
 0 1 0 0 -4 1  0 239.344
 0 1 0 0 -3 1  0 240.843
 0 1 0 0 -2 1  0 394.758
 0 1 0 0 -1 1  0 242.375
 0 1 0 0 0 1  0 243.681
 0 1 0 0 1 1  0 244.75
 0 1 0 0 2 1  0 245.997
 0 1 0 0 3 1  0 242.205
 0 1 0 0 4 1  0 247.002
 0 1 0 0 5 1  0 238.476
 0 1 0 0 -6 2  0 245.329
 0 1 0 0 -5 2  0 243.271
 0 1 0 0 -4 2  0 245.73
 0 1 0 0 -3 2  0 243.15
 0 1 0 0 -2 2  0 245.222
 0 1 0 0 -1 2  4 248.657
 0 1 0 0 -1 2  1 241.074
 0 1 0 0 0 2  0 247.171
 0 1 0 0 1 2  0 242.37
 0 1 0 0 2 2  0 237.782
 0 1 0 0 3 2  0 240.018
 0 1 0 0 4 2  0 247.642
 0 1 0 0 -7 3  0 247.814
 0 1 0 0 -6 3  0 247.155
 0 1 0 0 -5 3  0 247.625
 0 1 0 0 -4 3  0 241.246
 0 1 0 0 -3 3  0 248.809
 0 1 0 0 -2 3  0 247.981
 0 1 0 0 -1 3  0 243.962
 0 1 0 0 0 3  0 246.275
 0 1 0 0 1 3  0 240.075
 0 1 0 0 2 3  0 241.665
 0 1 0 0 3 3  0 244.122
 0 1 0 0 4 3  0 232.851
 0 1 0 0 -7 4  0 0
 0 1 0 0 -6 4  0 248.834
 0 1 0 0 -5 4  0 246.955
 0 1 0 0 -4 4  0 238.699
 0 1 0 0 -3 4  0 251.312
 0 1 0 0 -2 4  0 244.143
 0 1 0 0 -1 4  0 247.33
 0 1 0 0 0 4  0 242.679
 0 1 0 0 1 4  0 243.304
 0 1 0 0 2 4  0 235.388
 0 1 0 0 3 4  0 0
 0 1 0 0 -6 5  0 242.926
 0 1 0 0 -5 5  0 245.779
 0 1 0 0 -4 5  0 238.06
 0 1 0 0 -3 5  0 282.632
 0 1 0 0 -2 5  0 243.095
 0 1 0 0 -1 5  0 237.414
 0 1 0 0 0 5  0 238.879
 0 1 0 0 1 5  0 248.229
 0 1 0 0 -5 6  0 238.897
 0 1 0 0 -4 6  0 245.637
 0 1 0 0 -3 6  0 242.124
 0 1 0 0 -2 6  0 241.55
 0 1 0 0 -1 6  0 251.095
 0 1 0 0 -4 7  0 241.119
 0 1 0 0 -3 7  0 0
