SCHEME_CODE 0
# CODE  LAYER SENSOR_IX SENSOR_IV  IX  IV TYPE  VALUE
 0 1 0 0 -3 7  3 3127.9
 0 1 0 0 -1 5  0 255.502
 0 1 0 0 0 4  0 254.713
 0 1 0 0 0 5  0 253.764
 0 1 0 0 1 3  0 245.761
 0 1 0 0 -1 6  2 245.663
 0 1 0 0 0 3  0 239.451
 0 1 0 0 2 2  0 242.306
 0 1 0 0 1 2  0 245.211
 0 1 0 0 3 2  0 238.826
 0 1 0 0 2 1  0 237.572
 0 1 0 0 2 3  0 237.447
 0 1 0 0 1 1  0 237.863
 0 1 0 0 1 4  0 236.283
 0 1 0 0 -2 5  0 229.972
 0 1 0 0 2 4  0 232.244
 0 1 0 0 -1 4  0 237.712
 0 1 0 0 1 5  2 236.162
 0 1 0 0 -1 3  0 237.393
 0 1 0 0 4 3  3 238.063
 0 1 0 0 0 2  0 232.622
 0 1 0 0 3 3  0 226.655
 0 1 0 0 0 1  0 231.184
 0 1 0 0 3 1  0 232.243
 0 1 0 0 1 0  0 234.94
 0 1 0 0 3 0  0 239.732
 0 1 0 0 1 -2  1 238.605
 0 1 0 0 4 0  0 245.838
 0 1 0 0 4 2  0 248.227
 0 1 0 0 1 -1  0 258.049
 0 1 0 0 4 1  0 258.465
 0 1 0 0 2 0  0 263.026
 0 1 0 0 5 1  2 265.028
 0 1 0 0 3 -1  0 259.426
 0 1 0 0 5 0  0 255.481
 0 1 0 0 2 -1  0 262.058
 0 1 0 0 5 -1  0 255.454
 0 1 0 0 2 -2  0 255.4
 0 1 0 0 6 -1  2 245.313
 0 1 0 0 1 -2  4 242.449
 0 1 0 0 5 -2  0 242.698
 0 1 0 0 2 -4  0 234.752
 0 1 0 0 4 -1  0 238.684
 0 1 0 0 2 -3  0 235.17
 0 1 0 0 4 -2  0 237.148
 0 1 0 0 3 -4  0 239.592
 0 1 0 0 6 -2  0 229.256
 0 1 0 0 3 -6  0 233.858
 0 1 0 0 6 -3  0 242.565
 0 1 0 0 3 -5  0 233.367
 0 1 0 0 7 -3  3 241.068
 0 1 0 0 3 -3  0 240.436
 0 1 0 0 6 -4  0 250.488
 0 1 0 0 3 -2  0 240.872
 0 1 0 0 5 -3  0 242.898
 0 1 0 0 4 -3  0 249.406
 0 1 0 0 5 -4  0 247.318
 0 1 0 0 4 -6  3 256.576
 0 1 0 0 6 -5  2 260.054
 0 1 0 0 5 -6  2 258.122
 0 1 0 0 5 -5  0 259.205
 0 1 0 0 4 -5  0 257.623
 0 1 0 0 4 -4  0 260.245
 0 1 0 0 2 -6  3 299.502
 0 1 0 0 1 -5  0 306.76
 0 1 0 0 0 -4  0 296.704
 0 1 0 0 0 -5  0 295.326
 0 1 0 0 -1 -3  0 291.643
 0 1 0 0 1 -6  2 279.366
 0 1 0 0 0 -3  0 276.728
 0 1 0 0 -2 -2  0 281.588
 0 1 0 0 -1 -2  0 287.068
 0 1 0 0 -3 -2  0 283.627
 0 1 0 0 -2 -1  0 271.686
 0 1 0 0 -2 -3  0 274.697
 0 1 0 0 -1 -1  0 277.146
 0 1 0 0 -1 -5  2 271.462
 0 1 0 0 2 -5  0 276.133
 0 1 0 0 -1 -4  0 274.78
 0 1 0 0 1 -4  0 269.887
 0 1 0 0 -2 -4  0 272.96
 0 1 0 0 1 -3  0 275.66
 0 1 0 0 -3 -4  3 271.957
 0 1 0 0 0 -2  0 279.303
 0 1 0 0 -3 -3  0 275.343
 0 1 0 0 0 -1  0 272.947
 0 1 0 0 -3 -1  0 279.707
 0 1 0 0 -1 0  0 279.558
 0 1 0 0 -3 0  0 282.567
 0 1 0 0 0 0  0 282.639
 0 1 0 0 -4 0  0 278.584
 0 1 0 0 -1 2  0 294.218
 0 1 0 0 -4 -2  0 294.541
 0 1 0 0 -1 1  0 302.914
 0 1 0 0 -4 -1  0 304.876
 0 1 0 0 -2 0  0 295.291
 0 1 0 0 -5 -1  2 307.997
 0 1 0 0 -3 1  0 309.429
 0 1 0 0 -5 0  0 299.213
 0 1 0 0 -2 1  0 293.494
 0 1 0 0 -5 1  0 291.467
 0 1 0 0 -2 2  0 292.951
 0 1 0 0 -6 1  2 285.283
 0 1 0 0 -2 4  1 285.448
 0 1 0 0 -5 2  0 277.175
 0 1 0 0 -2 4  4 280.171
 0 1 0 0 -4 1  0 281.02
 0 1 0 0 -2 3  0 273.476
 0 1 0 0 -4 2  0 282.932
 0 1 0 0 -3 4  0 284.393
 0 1 0 0 -6 2  0 276.443
 0 1 0 0 -3 6  0 285.306
 0 1 0 0 -6 3  0 280.674
 0 1 0 0 -3 5  0 279.304
 0 1 0 0 -7 4  3 279.374
 0 1 0 0 -3 3  0 271.798
 0 1 0 0 -6 4  0 274.969
 0 1 0 0 -3 2  0 283.583
 0 1 0 0 -5 3  0 287.109
 0 1 0 0 -4 3  0 284.465
 0 1 0 0 -5 4  0 289.327
 0 1 0 0 -4 7  3 289.488
 0 1 0 0 -6 5  2 290.804
 0 1 0 0 -5 6  2 300.778
 0 1 0 0 -5 5  0 301.752
 0 1 0 0 -4 5  0 306.088
 0 1 0 0 -4 4  0 305.459
 0 2 0 0 4 -7  3 263.451
 0 2 0 0 4 -5  0 253.143
 0 2 0 0 4 -4  0 261.358
 0 2 0 0 5 -5  0 256.514
 0 2 0 0 4 -3  0 248.777
 0 2 0 0 5 -6  2 244.116
 0 2 0 0 3 -3  0 242.312
 0 2 0 0 4 -2  0 237.781
 0 2 0 0 3 -2  0 241.863
 0 2 0 0 5 -2  0 239.494
 0 2 0 0 3 -1  0 239.839
 0 2 0 0 5 -3  0 232.686
 0 2 0 0 2 -1  0 236.817
 0 2 0 0 5 -4  0 232.764
 0 2 0 0 3 -5  0 232.187
 0 2 0 0 6 -4  0 243.225
 0 2 0 0 3 -4  0 241.454
 0 2 0 0 6 -5  2 232.563
 0 2 0 0 2 -3  0 234.434
 0 2 0 0 7 -3  3 233.196
 0 2 0 0 2 -2  0 233.697
 0 2 0 0 6 -3  0 231.247
 0 2 0 0 1 -1  0 234.782
 0 2 0 0 4 -1  0 235.843
 0 2 0 0 1 0  0 239.812
 0 2 0 0 3 0  0 230.943
 0 2 0 0 -1 2  1 244.725
 0 2 0 0 4 0  0 252.113
 0 2 0 0 6 -2  0 256.7
 0 2 0 0 0 1  0 261.31
 0 2 0 0 5 -1  0 265.516
 0 2 0 0 2 0  0 263.461
 0 2 0 0 6 -1  2 269.819
 0 2 0 0 2 1  0 270.286
 0 2 0 0 5 0  0 265.872
 0 2 0 0 1 1  0 254.053
 0 2 0 0 4 1  0 247.852
 0 2 0 0 0 2  0 247.757
 0 2 0 0 5 1  2 239.091
 0 2 0 0 -1 2  4 252.537
 0 2 0 0 3 2  0 251.143
 0 2 0 0 -2 4  0 243.879
 0 2 0 0 3 1  0 251.643
 0 2 0 0 -1 3  0 243.597
 0 2 0 0 2 2  0 236.189
 0 2 0 0 -1 4  0 235.712
 0 2 0 0 4 2  0 238.856
 0 2 0 0 -3 6  0 239.592
 0 2 0 0 3 3  0 245.245
 0 2 0 0 -2 5  0 243.357
 0 2 0 0 4 3  3 248.56
 0 2 0 0 0 3  0 244.697
 0 2 0 0 2 4  0 243.077
 0 2 0 0 1 2  0 244.614
 0 2 0 0 2 3  0 243.85
 0 2 0 0 1 3  0 247.968
 0 2 0 0 1 4  0 243.238
 0 2 0 0 -2 6  3 258.598
 0 2 0 0 1 5  2 272.449
 0 2 0 0 -1 6  2 263.42
 0 2 0 0 0 5  0 263.72
 0 2 0 0 -1 5  0 261.36
 0 2 0 0 0 4  0 265.125
 0 2 0 0 -4 6  3 296.899
 0 2 0 0 -4 5  0 285.205
 0 2 0 0 -4 4  0 289.206
 0 2 0 0 -5 5  0 288.549
 0 2 0 0 -4 3  0 282.438
 0 2 0 0 -5 6  2 278.266
 0 2 0 0 -3 3  0 271.594
 0 2 0 0 -4 2  0 279.736
 0 2 0 0 -3 2  0 270.962
 0 2 0 0 -5 2  0 274.9
 0 2 0 0 -3 1  0 276.705
 0 2 0 0 -5 3  0 269.913
 0 2 0 0 -2 1  0 275.159
 0 2 0 0 -6 5  2 268.088
 0 2 0 0 -3 5  0 270.448
 0 2 0 0 -5 4  0 273.298
 0 2 0 0 -3 4  0 270.438
 0 2 0 0 -6 4  0 270.217
 0 2 0 0 -2 3  0 272.859
 0 2 0 0 -7 4  3 265.258
 0 2 0 0 -2 2  0 268.686
 0 2 0 0 -6 3  0 265.912
 0 2 0 0 -1 1  0 274.208
 0 2 0 0 -4 1  0 272.212
 0 2 0 0 -1 0  0 278.81
 0 2 0 0 -3 0  0 269.738
 0 2 0 0 0 0  0 273.572
 0 2 0 0 -4 0  0 282.469
 0 2 0 0 1 -2  0 271.488
 0 2 0 0 -6 2  0 283.572
 0 2 0 0 0 -1  0 284.819
 0 2 0 0 -5 1  0 295.075
 0 2 0 0 -2 0  0 295.683
 0 2 0 0 -6 1  2 301.218
 0 2 0 0 -2 -1  0 302.343
 0 2 0 0 -5 0  0 293.882
 0 2 0 0 -1 -1  0 292.63
 0 2 0 0 -4 -1  0 284.308
 0 2 0 0 0 -2  0 282.528
 0 2 0 0 -5 -1  2 271.882
 0 2 0 0 2 -4  1 278.441
 0 2 0 0 -3 -2  0 268.491
 0 2 0 0 2 -4  4 268.466
 0 2 0 0 -3 -1  0 270.017
 0 2 0 0 1 -3  0 266.762
 0 2 0 0 -2 -2  0 274.276
 0 2 0 0 1 -4  0 273.918
 0 2 0 0 -4 -2  0 275.661
 0 2 0 0 3 -6  0 275.928
 0 2 0 0 -3 -3  0 277.652
 0 2 0 0 2 -5  0 264.501
 0 2 0 0 -3 -4  3 272.545
 0 2 0 0 0 -3  0 280.462
 0 2 0 0 -2 -4  0 280.696
 0 2 0 0 -1 -2  0 270.777
 0 2 0 0 -2 -3  0 279.798
 0 2 0 0 -1 -3  0 272.697
 0 2 0 0 -1 -4  0 282.562
 0 2 0 0 3 -7  3 283.909
 0 2 0 0 -1 -5  2 291.832
 0 2 0 0 1 -6  2 292.235
 0 2 0 0 0 -5  0 296.295
 0 2 0 0 1 -5  0 299.482
 0 2 0 0 0 -4  0 299.579
 0 3 0 0 -3 7  3 261.269
 0 3 0 0 -1 5  0 257.985
 0 3 0 0 0 4  0 252.66
 0 3 0 0 0 5  0 247.684
 0 3 0 0 1 3  0 241.608
 0 3 0 0 -1 6  2 244.641
 0 3 0 0 0 3  0 241.217
 0 3 0 0 2 2  0 238.217
 0 3 0 0 1 2  0 239.872
 0 3 0 0 3 2  0 240.766
 0 3 0 0 2 1  0 245.996
 0 3 0 0 2 3  0 231.45
 0 3 0 0 1 1  0 236.267
 0 3 0 0 1 4  0 236.745
 0 3 0 0 -2 5  0 239.727
 0 3 0 0 2 4  0 235.207
 0 3 0 0 -1 4  0 236.212
 0 3 0 0 1 5  2 232.096
 0 3 0 0 -1 3  0 238.722
 0 3 0 0 4 3  3 238.849
 0 3 0 0 0 2  0 233.062
 0 3 0 0 3 3  0 239.068
 0 3 0 0 0 1  0 228.657
 0 3 0 0 3 1  0 231.481
 0 3 0 0 1 0  0 243.254
 0 3 0 0 3 0  0 247.283
 0 3 0 0 1 -2  1 244.643
 0 3 0 0 4 0  0 249.66
 0 3 0 0 4 2  0 253.446
 0 3 0 0 1 -1  0 256.395
 0 3 0 0 4 1  0 270.13
 0 3 0 0 2 0  0 258.987
 0 3 0 0 5 1  2 271.692
 0 3 0 0 3 -1  0 272.796
 0 3 0 0 5 0  0 257.668
 0 3 0 0 2 -1  0 264.418
 0 3 0 0 5 -1  0 253.259
 0 3 0 0 2 -2  0 253.072
 0 3 0 0 6 -1  2 247.517
 0 3 0 0 1 -2  4 238.713
 0 3 0 0 5 -2  0 245.757
 0 3 0 0 2 -4  0 252.84
 0 3 0 0 4 -1  0 239.464
 0 3 0 0 2 -3  0 242.59
 0 3 0 0 4 -2  0 242.727
 0 3 0 0 3 -4  0 239.552
 0 3 0 0 6 -2  0 239.787
 0 3 0 0 3 -6  0 246.178
 0 3 0 0 6 -3  0 241.847
 0 3 0 0 3 -5  0 246.203
 0 3 0 0 7 -3  3 250.807
 0 3 0 0 3 -3  0 260.899
 0 3 0 0 6 -4  0 252.823
 0 3 0 0 3 -2  0 260.513
 0 3 0 0 5 -3  0 266.897
 0 3 0 0 4 -3  0 259.18
 0 3 0 0 5 -4  0 265.088
 0 3 0 0 4 -6  3 270.001
 0 3 0 0 6 -5  2 265.407
 0 3 0 0 5 -6  2 269.199
 0 3 0 0 5 -5  0 267.25
 0 3 0 0 4 -5  0 266.319
 0 3 0 0 4 -4  0 262.928
 0 3 0 0 2 -6  3 271.146
 0 3 0 0 1 -5  0 269.918
 0 3 0 0 0 -4  0 264.638
 0 3 0 0 0 -5  0 265.252
 0 3 0 0 -1 -3  0 257.288
 0 3 0 0 1 -6  2 256.755
 0 3 0 0 0 -3  0 250.453
 0 3 0 0 -2 -2  0 252.083
 0 3 0 0 -1 -2  0 249.28
 0 3 0 0 -3 -2  0 246.609
 0 3 0 0 -2 -1  0 246.978
 0 3 0 0 -2 -3  0 245.134
 0 3 0 0 -1 -1  0 236.259
 0 3 0 0 -1 -5  2 246.868
 0 3 0 0 2 -5  0 246.013
 0 3 0 0 -1 -4  0 247.953
 0 3 0 0 1 -4  0 233.998
 0 3 0 0 -2 -4  0 248.743
 0 3 0 0 1 -3  0 233.584
 0 3 0 0 -3 -4  3 243.112
 0 3 0 0 0 -2  0 240.794
 0 3 0 0 -3 -3  0 245.153
 0 3 0 0 0 -1  0 243.67
 0 3 0 0 -3 -1  0 246.758
 0 3 0 0 -1 0  0 243.833
 0 3 0 0 -3 0  0 246.887
 0 3 0 0 0 0  0 247.651
 0 3 0 0 -4 0  0 251.866
 0 3 0 0 -1 2  0 251.585
 0 3 0 0 -4 -2  0 253.035
 0 3 0 0 -1 1  0 270.637
 0 3 0 0 -4 -1  0 265.771
 0 3 0 0 -2 0  0 277.692
 0 3 0 0 -5 -1  2 280.87
 0 3 0 0 -3 1  0 279.819
 0 3 0 0 -5 0  0 269.113
 0 3 0 0 -2 1  0 270.767
 0 3 0 0 -5 1  0 258.332
 0 3 0 0 -2 2  0 258.453
 0 3 0 0 -6 1  2 255.384
 0 3 0 0 -2 4  1 250.909
 0 3 0 0 -5 2  0 251.575
 0 3 0 0 -2 4  4 247.903
 0 3 0 0 -4 1  0 251.89
 0 3 0 0 -2 3  0 249.116
 0 3 0 0 -4 2  0 254.602
 0 3 0 0 -3 4  0 253.351
 0 3 0 0 -6 2  0 248.4
 0 3 0 0 -3 6  0 249.898
 0 3 0 0 -6 3  0 243.74
 0 3 0 0 -3 5  0 253.248
 0 3 0 0 -7 4  3 244.461
 0 3 0 0 -3 3  0 250.623
 0 3 0 0 -6 4  0 247.477
 0 3 0 0 -3 2  0 253.968
 0 3 0 0 -5 3  0 254.549
 0 3 0 0 -4 3  0 254.232
 0 3 0 0 -5 4  0 262.267
 0 3 0 0 -4 7  3 259.996
 0 3 0 0 -6 5  2 273.462
 0 3 0 0 -5 6  2 276.301
 0 3 0 0 -5 5  0 271.069
 0 3 0 0 -4 5  0 272.32
 0 3 0 0 -4 4  0 274.587
 0 4 0 0 4 -7  3 262.178
 0 4 0 0 4 -5  0 248.65
 0 4 0 0 4 -4  0 251.174
 0 4 0 0 5 -5  0 246.212
 0 4 0 0 4 -3  0 240.647
 0 4 0 0 5 -6  2 240.842
 0 4 0 0 3 -3  0 234.958
 0 4 0 0 4 -2  0 230.338
 0 4 0 0 3 -2  0 232.949
 0 4 0 0 5 -2  0 227.718
 0 4 0 0 3 -1  0 229.544
 0 4 0 0 5 -3  0 230.571
 0 4 0 0 2 -1  0 229.796
 0 4 0 0 5 -4  0 231.61
 0 4 0 0 3 -5  0 228.572
 0 4 0 0 6 -4  0 229.27
 0 4 0 0 3 -4  0 226.746
 0 4 0 0 6 -5  2 224.625
 0 4 0 0 2 -3  0 226.851
 0 4 0 0 7 -3  3 226.292
 0 4 0 0 2 -2  0 222.354
 0 4 0 0 6 -3  0 225.077
 0 4 0 0 1 -1  0 233.409
 0 4 0 0 4 -1  0 230.389
 0 4 0 0 1 0  0 230.572
 0 4 0 0 3 0  0 233.249
 0 4 0 0 -1 2  1 235.157
 0 4 0 0 4 0  0 240.888
 0 4 0 0 6 -2  0 245.268
 0 4 0 0 0 1  0 250.952
 0 4 0 0 5 -1  0 258.253
 0 4 0 0 2 0  0 255.417
 0 4 0 0 6 -1  2 258.709
 0 4 0 0 2 1  0 256.882
 0 4 0 0 5 0  0 261.387
 0 4 0 0 1 1  0 253.42
 0 4 0 0 4 1  0 248.052
 0 4 0 0 0 2  0 241.147
 0 4 0 0 5 1  2 231.542
 0 4 0 0 -1 2  4 234.95
 0 4 0 0 3 2  0 234.605
 0 4 0 0 -2 4  0 231.984
 0 4 0 0 3 1  0 235.288
 0 4 0 0 -1 3  0 226.408
 0 4 0 0 2 2  0 233.921
 0 4 0 0 -1 4  0 234.641
 0 4 0 0 4 2  0 224.226
 0 4 0 0 -3 6  0 235.393
 0 4 0 0 3 3  0 232.754
 0 4 0 0 -2 5  0 233.846
 0 4 0 0 4 3  3 236.093
 0 4 0 0 0 3  0 230.552
 0 4 0 0 2 4  0 237.623
 0 4 0 0 1 2  0 239.368
 0 4 0 0 2 3  0 234.857
 0 4 0 0 1 3  0 248.4
 0 4 0 0 1 4  0 254.773
 0 4 0 0 -2 6  3 244.518
 0 4 0 0 1 5  2 252.792
 0 4 0 0 -1 6  2 257.691
 0 4 0 0 0 5  0 253.297
 0 4 0 0 -1 5  0 268.611
 0 4 0 0 0 4  0 256.368
 0 4 0 0 -4 6  3 276.126
 0 4 0 0 -4 5  0 268.954
 0 4 0 0 -4 4  0 263.22
 0 4 0 0 -5 5  0 264.577
 0 4 0 0 -4 3  0 253.932
 0 4 0 0 -5 6  2 252.989
 0 4 0 0 -3 3  0 253.197
 0 4 0 0 -4 2  0 246.243
 0 4 0 0 -3 2  0 247.5
 0 4 0 0 -5 2  0 253.752
 0 4 0 0 -3 1  0 240.407
 0 4 0 0 -5 3  0 252.391
 0 4 0 0 -2 1  0 245.455
 0 4 0 0 -6 5  2 247.729
 0 4 0 0 -3 5  0 246.822
 0 4 0 0 -5 4  0 240.716
 0 4 0 0 -3 4  0 241.398
 0 4 0 0 -6 4  0 237.935
 0 4 0 0 -2 3  0 243.977
 0 4 0 0 -7 4  3 237.585
 0 4 0 0 -2 2  0 239.957
 0 4 0 0 -6 3  0 242.741
 0 4 0 0 -1 1  0 239.636
 0 4 0 0 -4 1  0 238.316
 0 4 0 0 -1 0  0 246.383
 0 4 0 0 -3 0  0 243.434
 0 4 0 0 0 0  0 249.123
 0 4 0 0 -4 0  0 251.876
 0 4 0 0 1 -2  0 246.222
 0 4 0 0 -6 2  0 255.668
 0 4 0 0 0 -1  0 263.671
 0 4 0 0 -5 1  0 264.955
 0 4 0 0 -2 0  0 276.979
 0 4 0 0 -6 1  2 281.372
 0 4 0 0 -2 -1  0 274.278
 0 4 0 0 -5 0  0 260.639
 0 4 0 0 -1 -1  0 265.275
 0 4 0 0 -4 -1  0 254.334
 0 4 0 0 0 -2  0 257.324
 0 4 0 0 -5 -1  2 255.191
 0 4 0 0 2 -4  1 236.176
 0 4 0 0 -3 -2  0 246.947
 0 4 0 0 2 -4  4 242.563
 0 4 0 0 -3 -1  0 241.237
 0 4 0 0 1 -3  0 246.59
 0 4 0 0 -2 -2  0 238.374
 0 4 0 0 1 -4  0 245.608
 0 4 0 0 -4 -2  0 241.922
 0 4 0 0 3 -6  0 247.799
 0 4 0 0 -3 -3  0 246.198
 0 4 0 0 2 -5  0 242.287
 0 4 0 0 -3 -4  3 246.227
 0 4 0 0 0 -3  0 245.914
 0 4 0 0 -2 -4  0 248.487
 0 4 0 0 -1 -2  0 249.872
 0 4 0 0 -2 -3  0 250.875
 0 4 0 0 -1 -3  0 249.994
 0 4 0 0 -1 -4  0 261.752
 0 4 0 0 3 -7  3 268.161
 0 4 0 0 -1 -5  2 275.111
 0 4 0 0 1 -6  2 268.77
 0 4 0 0 0 -5  0 267.863
 0 4 0 0 1 -5  0 268.651
 0 4 0 0 0 -4  0 272.131
 0 5 0 0 -3 7  3 257.311
 0 5 0 0 -1 5  0 254.986
 0 5 0 0 0 4  0 252.991
 0 5 0 0 0 5  0 258.288
 0 5 0 0 1 3  0 247.208
 0 5 0 0 -1 6  2 243.661
 0 5 0 0 0 3  0 239.707
 0 5 0 0 2 2  0 242.637
 0 5 0 0 1 2  0 234.738
 0 5 0 0 3 2  0 240.711
 0 5 0 0 2 1  0 239.136
 0 5 0 0 2 3  0 234.103
 0 5 0 0 1 1  0 233.072
 0 5 0 0 1 4  0 232.489
 0 5 0 0 -2 5  0 229.268
 0 5 0 0 2 4  0 235.676
 0 5 0 0 -1 4  0 237.837
 0 5 0 0 1 5  2 234.485
 0 5 0 0 -1 3  0 236.587
 0 5 0 0 4 3  3 232.508
 0 5 0 0 0 2  0 234.89
 0 5 0 0 3 3  0 229.352
 0 5 0 0 0 1  0 236.436
 0 5 0 0 3 1  0 234.447
 0 5 0 0 1 0  0 238.167
 0 5 0 0 3 0  0 235.985
 0 5 0 0 1 -2  1 238.522
 0 5 0 0 4 0  0 244.272
 0 5 0 0 4 2  0 251.923
 0 5 0 0 1 -1  0 257.707
 0 5 0 0 4 1  0 260.745
 0 5 0 0 2 0  0 267.005
 0 5 0 0 5 1  2 265.553
 0 5 0 0 3 -1  0 260.842
 0 5 0 0 5 0  0 261.401
 0 5 0 0 2 -1  0 253.682
 0 5 0 0 5 -1  0 260.933
 0 5 0 0 2 -2  0 246.601
 0 5 0 0 6 -1  2 242.657
 0 5 0 0 1 -2  4 246.271
 0 5 0 0 5 -2  0 237.129
 0 5 0 0 2 -4  0 236.247
 0 5 0 0 4 -1  0 241.315
 0 5 0 0 2 -3  0 234.725
 0 5 0 0 4 -2  0 243.012
 0 5 0 0 3 -4  0 237.885
 0 5 0 0 6 -2  0 232.193
 0 5 0 0 3 -6  0 237.971
 0 5 0 0 6 -3  0 244.042
 0 5 0 0 3 -5  0 240.641
 0 5 0 0 7 -3  3 233.435
 0 5 0 0 3 -3  0 234.319
 0 5 0 0 6 -4  0 240.023
 0 5 0 0 3 -2  0 246.1
 0 5 0 0 5 -3  0 247.19
 0 5 0 0 4 -3  0 246.665
 0 5 0 0 5 -4  0 254.454
 0 5 0 0 4 -6  3 256.431
 0 5 0 0 6 -5  2 262.246
 0 5 0 0 5 -6  2 256.883
 0 5 0 0 5 -5  0 266.183
 0 5 0 0 4 -5  0 257.262
 0 5 0 0 4 -4  0 259.34
 0 5 0 0 2 -6  3 260.656
 0 5 0 0 1 -5  0 263.698
 0 5 0 0 0 -4  0 260.49
 0 5 0 0 0 -5  0 263.543
 0 5 0 0 -1 -3  0 252.891
 0 5 0 0 1 -6  2 254.238
 0 5 0 0 0 -3  0 248.839
 0 5 0 0 -2 -2  0 245.816
 0 5 0 0 -1 -2  0 244.697
 0 5 0 0 -3 -2  0 243.81
 0 5 0 0 -2 -1  0 242.023
 0 5 0 0 -2 -3  0 238.362
 0 5 0 0 -1 -1  0 237.832
 0 5 0 0 -1 -5  2 242.819
 0 5 0 0 2 -5  0 236.189
 0 5 0 0 -1 -4  0 231.817
 0 5 0 0 1 -4  0 233.403
 0 5 0 0 -2 -4  0 237.632
 0 5 0 0 1 -3  0 237.947
 0 5 0 0 -3 -4  3 240.035
 0 5 0 0 0 -2  0 240.892
 0 5 0 0 -3 -3  0 238.088
 0 5 0 0 0 -1  0 238.957
 0 5 0 0 -3 -1  0 241.036
 0 5 0 0 -1 0  0 238.261
 0 5 0 0 -3 0  0 237.344
 0 5 0 0 0 0  0 240.339
 0 5 0 0 -4 0  0 241.086
 0 5 0 0 -1 2  0 236.539
 0 5 0 0 -4 -2  0 249.525
 0 5 0 0 -1 1  0 258.879
 0 5 0 0 -4 -1  0 255.678
 0 5 0 0 -2 0  0 266.875
 0 5 0 0 -5 -1  2 261.914
 0 5 0 0 -3 1  0 269.236
 0 5 0 0 -5 0  0 270.195
 0 5 0 0 -2 1  0 269.183
 0 5 0 0 -5 1  0 254.295
 0 5 0 0 -2 2  0 250.026
 0 5 0 0 -6 1  2 249.41
 0 5 0 0 -2 4  1 247.114
 0 5 0 0 -5 2  0 246.405
 0 5 0 0 -2 4  4 247.251
 0 5 0 0 -4 1  0 237.139
 0 5 0 0 -2 3  0 239.192
 0 5 0 0 -4 2  0 234.657
 0 5 0 0 -3 4  0 244.863
 0 5 0 0 -6 2  0 234.417
 0 5 0 0 -3 6  0 247.207
 0 5 0 0 -6 3  0 240.434
 0 5 0 0 -3 5  0 242.149
 0 5 0 0 -7 4  3 241.204
 0 5 0 0 -3 3  0 241.445
 0 5 0 0 -6 4  0 244.088
 0 5 0 0 -3 2  0 248.962
 0 5 0 0 -5 3  0 243.311
 0 5 0 0 -4 3  0 247.477
 0 5 0 0 -5 4  0 253.072
 0 5 0 0 -4 7  3 253.647
 0 5 0 0 -6 5  2 254.044
 0 5 0 0 -5 6  2 255.942
 0 5 0 0 -5 5  0 255.754
 0 5 0 0 -4 5  0 264.358
 0 5 0 0 -4 4  0 264.828
 0 6 0 0 4 -7  3 266.526
 0 6 0 0 4 -5  0 264.426
 0 6 0 0 4 -4  0 269.918
 0 6 0 0 5 -5  0 255.109
 0 6 0 0 4 -3  0 252.68
 0 6 0 0 5 -6  2 252.953
 0 6 0 0 3 -3  0 257.647
 0 6 0 0 4 -2  0 251.066
 0 6 0 0 3 -2  0 251.499
 0 6 0 0 5 -2  0 245.912
 0 6 0 0 3 -1  0 248.818
 0 6 0 0 5 -3  0 247.511
 0 6 0 0 2 -1  0 246.584
 0 6 0 0 5 -4  0 238.219
 0 6 0 0 3 -5  0 245.597
 0 6 0 0 6 -4  0 248.36
 0 6 0 0 3 -4  0 245.214
 0 6 0 0 6 -5  2 234.532
 0 6 0 0 2 -3  0 240.769
 0 6 0 0 7 -3  3 243.095
 0 6 0 0 2 -2  0 238.047
 0 6 0 0 6 -3  0 248.061
 0 6 0 0 1 -1  0 245.907
 0 6 0 0 4 -1  0 246.771
 0 6 0 0 1 0  0 243.102
 0 6 0 0 3 0  0 250.222
 0 6 0 0 -1 2  1 247.791
 0 6 0 0 4 0  0 257.234
 0 6 0 0 6 -2  0 256.869
 0 6 0 0 0 1  0 269.467
 0 6 0 0 5 -1  0 279.799
 0 6 0 0 2 0  0 272.308
 0 6 0 0 6 -1  2 272.241
 0 6 0 0 2 1  0 277.142
 0 6 0 0 5 0  0 276.668
 0 6 0 0 1 1  0 274.013
 0 6 0 0 4 1  0 259.071
 0 6 0 0 0 2  0 246.11
 0 6 0 0 5 1  2 249.939
 0 6 0 0 -1 2  4 249.347
 0 6 0 0 3 2  0 245.855
 0 6 0 0 -2 4  0 254.333
 0 6 0 0 3 1  0 254.132
 0 6 0 0 -1 3  0 239.491
 0 6 0 0 2 2  0 244.549
 0 6 0 0 -1 4  0 245.556
 0 6 0 0 4 2  0 249.823
 0 6 0 0 -3 6  0 246.048
 0 6 0 0 3 3  0 255.604
 0 6 0 0 -2 5  0 246.015
 0 6 0 0 4 3  3 247.299
 0 6 0 0 0 3  0 251.09
 0 6 0 0 2 4  0 243.559
 0 6 0 0 1 2  0 243.848
 0 6 0 0 2 3  0 258.171
 0 6 0 0 1 3  0 261.945
 0 6 0 0 1 4  0 261.445
 0 6 0 0 -2 6  3 266.113
 0 6 0 0 1 5  2 268.013
 0 6 0 0 -1 6  2 268.873
 0 6 0 0 0 5  0 264.809
 0 6 0 0 -1 5  0 273.787
 0 6 0 0 0 4  0 269.122
 0 6 0 0 -4 6  3 266.83
 0 6 0 0 -4 5  0 266.067
 0 6 0 0 -4 4  0 266.419
 0 6 0 0 -5 5  0 262.591
 0 6 0 0 -4 3  0 254.188
 0 6 0 0 -5 6  2 251.901
 0 6 0 0 -3 3  0 254.933
 0 6 0 0 -4 2  0 259.204
 0 6 0 0 -3 2  0 252.572
 0 6 0 0 -5 2  0 247.602
 0 6 0 0 -3 1  0 245.829
 0 6 0 0 -5 3  0 244.733
 0 6 0 0 -2 1  0 241.867
 0 6 0 0 -6 5  2 244.118
 0 6 0 0 -3 5  0 243.969
 0 6 0 0 -5 4  0 246.715
 0 6 0 0 -3 4  0 249.107
 0 6 0 0 -6 4  0 242.831
 0 6 0 0 -2 3  0 241.088
 0 6 0 0 -7 4  3 248.5
 0 6 0 0 -2 2  0 241.739
 0 6 0 0 -6 3  0 238.272
 0 6 0 0 -1 1  0 238.285
 0 6 0 0 -4 1  0 242.77
 0 6 0 0 -1 0  0 245.589
 0 6 0 0 -3 0  0 248.273
 0 6 0 0 0 0  0 241.934
 0 6 0 0 -4 0  0 252.604
 0 6 0 0 1 -2  0 255.917
 0 6 0 0 -6 2  0 254.105
 0 6 0 0 0 -1  0 267.904
 0 6 0 0 -5 1  0 263.23
 0 6 0 0 -2 0  0 271.185
 0 6 0 0 -6 1  2 270.986
 0 6 0 0 -2 -1  0 266.522
 0 6 0 0 -5 0  0 266.622
 0 6 0 0 -1 -1  0 257.608
 0 6 0 0 -4 -1  0 250.522
 0 6 0 0 0 -2  0 252.148
 0 6 0 0 -5 -1  2 246.287
 0 6 0 0 2 -4  1 245.829
 0 6 0 0 -3 -2  0 245.798
 0 6 0 0 2 -4  4 243.644
 0 6 0 0 -3 -1  0 247.372
 0 6 0 0 1 -3  0 254.857
 0 6 0 0 -2 -2  0 240.321
 0 6 0 0 1 -4  0 240.632
 0 6 0 0 -4 -2  0 249.433
 0 6 0 0 3 -6  0 243.73
 0 6 0 0 -3 -3  0 246.916
 0 6 0 0 2 -5  0 243.248
 0 6 0 0 -3 -4  3 248.703
 0 6 0 0 0 -3  0 247.077
 0 6 0 0 -2 -4  0 248.472
 0 6 0 0 -1 -2  0 252.487
 0 6 0 0 -2 -3  0 254.394
 0 6 0 0 -1 -3  0 255.684
 0 6 0 0 -1 -4  0 257.473
 0 6 0 0 3 -7  3 269.381
 0 6 0 0 -1 -5  2 273.73
 0 6 0 0 1 -6  2 268.002
 0 6 0 0 0 -5  0 267.682
 0 6 0 0 1 -5  0 275.304
 0 6 0 0 0 -4  0 268.73
 0 7 0 0 -3 7  3 278.31
 0 7 0 0 -1 5  0 273.931
 0 7 0 0 0 4  0 278.483
 0 7 0 0 0 5  0 273.184
 0 7 0 0 1 3  0 269.135
 0 7 0 0 -1 6  2 265.383
 0 7 0 0 0 3  0 271.778
 0 7 0 0 2 2  0 261.402
 0 7 0 0 1 2  0 262.152
 0 7 0 0 3 2  0 261.291
 0 7 0 0 2 1  0 257.601
 0 7 0 0 2 3  0 257.748
 0 7 0 0 1 1  0 259.537
 0 7 0 0 1 4  0 258.053
 0 7 0 0 -2 5  0 254.143
 0 7 0 0 2 4  0 257.041
 0 7 0 0 -1 4  0 255.714
 0 7 0 0 1 5  2 260.927
 0 7 0 0 -1 3  0 251.043
 0 7 0 0 4 3  3 256.087
 0 7 0 0 0 2  0 252.848
 0 7 0 0 3 3  0 257.882
 0 7 0 0 0 1  0 265.485
 0 7 0 0 3 1  0 252.462
 0 7 0 0 1 0  0 261.974
 0 7 0 0 3 0  0 264.437
 0 7 0 0 1 -2  1 261.067
 0 7 0 0 4 0  0 264.567
 0 7 0 0 4 2  0 276.212
 0 7 0 0 1 -1  0 274.411
 0 7 0 0 4 1  0 282.725
 0 7 0 0 2 0  0 294.359
 0 7 0 0 5 1  2 288.531
 0 7 0 0 3 -1  0 286.408
 0 7 0 0 5 0  0 287.558
 0 7 0 0 2 -1  0 274.147
 0 7 0 0 5 -1  0 279.216
 0 7 0 0 2 -2  0 275.288
 0 7 0 0 6 -1  2 276.055
 0 7 0 0 1 -2  4 266.678
 0 7 0 0 5 -2  0 263.833
 0 7 0 0 2 -4  0 266.313
 0 7 0 0 4 -1  0 263.998
 0 7 0 0 2 -3  0 265.528
 0 7 0 0 4 -2  0 262.688
 0 7 0 0 3 -4  0 258.167
 0 7 0 0 6 -2  0 261.372
 0 7 0 0 3 -6  0 260.428
 0 7 0 0 6 -3  0 262.942
 0 7 0 0 3 -5  0 261.44
 0 7 0 0 7 -3  3 261.161
 0 7 0 0 3 -3  0 261.048
 0 7 0 0 6 -4  0 265.126
 0 7 0 0 3 -2  0 269.661
 0 7 0 0 5 -3  0 266.447
 0 7 0 0 4 -3  0 271.299
 0 7 0 0 5 -4  0 276.831
 0 7 0 0 4 -6  3 283.475
 0 7 0 0 6 -5  2 278.362
 0 7 0 0 5 -6  2 289.232
 0 7 0 0 5 -5  0 291.587
 0 7 0 0 4 -5  0 283.769
 0 7 0 0 4 -4  0 287.273
 0 7 0 0 2 -6  3 263.236
 0 7 0 0 1 -5  0 265.243
 0 7 0 0 0 -4  0 266.879
 0 7 0 0 0 -5  0 254.058
 0 7 0 0 -1 -3  0 252.909
 0 7 0 0 1 -6  2 257.728
 0 7 0 0 0 -3  0 252.286
 0 7 0 0 -2 -2  0 243.572
 0 7 0 0 -1 -2  0 247.419
 0 7 0 0 -3 -2  0 245.485
 0 7 0 0 -2 -1  0 243.026
 0 7 0 0 -2 -3  0 243.61
 0 7 0 0 -1 -1  0 238.726
 0 7 0 0 -1 -5  2 239.982
 0 7 0 0 2 -5  0 238.16
 0 7 0 0 -1 -4  0 238.222
 0 7 0 0 1 -4  0 243.143
 0 7 0 0 -2 -4  0 243.32
 0 7 0 0 1 -3  0 237.743
 0 7 0 0 -3 -4  3 243
 0 7 0 0 0 -2  0 239.871
 0 7 0 0 -3 -3  0 237.644
 0 7 0 0 0 -1  0 232.354
 0 7 0 0 -3 -1  0 243.742
 0 7 0 0 -1 0  0 238.662
 0 7 0 0 -3 0  0 240.153
 0 7 0 0 0 0  0 247.506
 0 7 0 0 -4 0  0 247.018
 0 7 0 0 -1 2  0 252.283
 0 7 0 0 -4 -2  0 255.509
 0 7 0 0 -1 1  0 264.715
 0 7 0 0 -4 -1  0 261.247
 0 7 0 0 -2 0  0 269.275
 0 7 0 0 -5 -1  2 273.188
 0 7 0 0 -3 1  0 261.285
 0 7 0 0 -5 0  0 259.065
 0 7 0 0 -2 1  0 260.298
 0 7 0 0 -5 1  0 249.953
 0 7 0 0 -2 2  0 249.572
 0 7 0 0 -6 1  2 248.492
 0 7 0 0 -2 4  1 248.847
 0 7 0 0 -5 2  0 244.675
 0 7 0 0 -2 4  4 242.023
 0 7 0 0 -4 1  0 243.919
 0 7 0 0 -2 3  0 245.347
 0 7 0 0 -4 2  0 242.77
 0 7 0 0 -3 4  0 244.653
 0 7 0 0 -6 2  0 246.556
 0 7 0 0 -3 6  0 239.024
 0 7 0 0 -6 3  0 249.735
 0 7 0 0 -3 5  0 245.509
 0 7 0 0 -7 4  3 250.902
 0 7 0 0 -3 3  0 246.876
 0 7 0 0 -6 4  0 244.427
 0 7 0 0 -3 2  0 253.19
 0 7 0 0 -5 3  0 248.328
 0 7 0 0 -4 3  0 250.058
 0 7 0 0 -5 4  0 263.805
 0 7 0 0 -4 7  3 258.942
 0 7 0 0 -6 5  2 269.094
 0 7 0 0 -5 6  2 266.421
 0 7 0 0 -5 5  0 271.24
 0 7 0 0 -4 5  0 266.78
 0 7 0 0 -4 4  0 261.754
 0 8 0 0 4 -7  3 271.823
 0 8 0 0 4 -5  0 259.065
 0 8 0 0 4 -4  0 262.497
 0 8 0 0 5 -5  0 258.749
 0 8 0 0 4 -3  0 247.663
 0 8 0 0 5 -6  2 242.649
 0 8 0 0 3 -3  0 246.875
 0 8 0 0 4 -2  0 247.597
 0 8 0 0 3 -2  0 242.338
 0 8 0 0 5 -2  0 241.115
 0 8 0 0 3 -1  0 239.926
 0 8 0 0 5 -3  0 233.451
 0 8 0 0 2 -1  0 243.327
 0 8 0 0 5 -4  0 234.776
 0 8 0 0 3 -5  0 237.066
 0 8 0 0 6 -4  0 242.908
 0 8 0 0 3 -4  0 233.939
 0 8 0 0 6 -5  2 232.979
 0 8 0 0 2 -3  0 235.632
 0 8 0 0 7 -3  3 228.086
 0 8 0 0 2 -2  0 238.889
 0 8 0 0 6 -3  0 233.172
 0 8 0 0 1 -1  0 236.863
 0 8 0 0 4 -1  0 238.572
 0 8 0 0 1 0  0 241.053
 0 8 0 0 3 0  0 238.727
 0 8 0 0 -1 2  1 237.688
 0 8 0 0 4 0  0 252.468
 0 8 0 0 6 -2  0 247.342
 0 8 0 0 0 1  0 272.159
 0 8 0 0 5 -1  0 261.857
 0 8 0 0 2 0  0 269.773
 0 8 0 0 6 -1  2 272.632
 0 8 0 0 2 1  0 273.892
 0 8 0 0 5 0  0 263.574
 0 8 0 0 1 1  0 259.461
 0 8 0 0 4 1  0 256.54
 0 8 0 0 0 2  0 255.662
 0 8 0 0 5 1  2 250.137
 0 8 0 0 -1 2  4 246.323
 0 8 0 0 3 2  0 239.999
 0 8 0 0 -2 4  0 247.397
 0 8 0 0 3 1  0 245.847
 0 8 0 0 -1 3  0 238.122
 0 8 0 0 2 2  0 245.469
 0 8 0 0 -1 4  0 251.147
 0 8 0 0 4 2  0 243.406
 0 8 0 0 -3 6  0 238.407
 0 8 0 0 3 3  0 246.839
 0 8 0 0 -2 5  0 242.148
 0 8 0 0 4 3  3 241.136
 0 8 0 0 0 3  0 237.959
 0 8 0 0 2 4  0 251.894
 0 8 0 0 1 2  0 247.857
 0 8 0 0 2 3  0 240.22
 0 8 0 0 1 3  0 257.488
 0 8 0 0 1 4  0 252.535
 0 8 0 0 -2 6  3 258.934
 0 8 0 0 1 5  2 256.627
 0 8 0 0 -1 6  2 265.658
 0 8 0 0 0 5  0 261.179
 0 8 0 0 -1 5  0 272.712
 0 8 0 0 0 4  0 264.284
 0 8 0 0 -4 6  3 302.488
 0 8 0 0 -4 5  0 307.832
 0 8 0 0 -4 4  0 293.175
 0 8 0 0 -5 5  0 291.667
 0 8 0 0 -4 3  0 291.783
 0 8 0 0 -5 6  2 283.873
 0 8 0 0 -3 3  0 281.822
 0 8 0 0 -4 2  0 276.586
 0 8 0 0 -3 2  0 273.744
 0 8 0 0 -5 2  0 271.938
 0 8 0 0 -3 1  0 275.417
 0 8 0 0 -5 3  0 270.925
 0 8 0 0 -2 1  0 267.695
 0 8 0 0 -6 5  2 275.568
 0 8 0 0 -3 5  0 271.808
 0 8 0 0 -5 4  0 267.623
 0 8 0 0 -3 4  0 275.467
 0 8 0 0 -6 4  0 263.408
 0 8 0 0 -2 3  0 272.961
 0 8 0 0 -7 4  3 269.175
 0 8 0 0 -2 2  0 268.565
 0 8 0 0 -6 3  0 269.852
 0 8 0 0 -1 1  0 269.007
 0 8 0 0 -4 1  0 267.758
 0 8 0 0 -1 0  0 274.822
 0 8 0 0 -3 0  0 280.017
 0 8 0 0 0 0  0 278.118
 0 8 0 0 -4 0  0 281.098
 0 8 0 0 1 -2  0 281.686
 0 8 0 0 -6 2  0 290.341
 0 8 0 0 0 -1  0 297.399
 0 8 0 0 -5 1  0 307.634
 0 8 0 0 -2 0  0 301.681
 0 8 0 0 -6 1  2 310.458
 0 8 0 0 -2 -1  0 306.157
 0 8 0 0 -5 0  0 297.242
 0 8 0 0 -1 -1  0 292.373
 0 8 0 0 -4 -1  0 286.183
 0 8 0 0 0 -2  0 281.733
 0 8 0 0 -5 -1  2 281.854
 0 8 0 0 2 -4  1 272.048
 0 8 0 0 -3 -2  0 274.825
 0 8 0 0 2 -4  4 274.221
 0 8 0 0 -3 -1  0 274.663
 0 8 0 0 1 -3  0 274.601
 0 8 0 0 -2 -2  0 267.928
 0 8 0 0 1 -4  0 274.788
 0 8 0 0 -4 -2  0 270.883
 0 8 0 0 3 -6  0 269.549
 0 8 0 0 -3 -3  0 277.304
 0 8 0 0 2 -5  0 272.352
 0 8 0 0 -3 -4  3 271.484
 0 8 0 0 0 -3  0 276.522
 0 8 0 0 -2 -4  0 279.593
 0 8 0 0 -1 -2  0 273.556
 0 8 0 0 -2 -3  0 278.662
 0 8 0 0 -1 -3  0 282.158
 0 8 0 0 -1 -4  0 282.302
 0 8 0 0 3 -7  3 289.608
 0 8 0 0 -1 -5  2 293.102
 0 8 0 0 1 -6  2 301.668
 0 8 0 0 0 -5  0 296.84
 0 8 0 0 1 -5  0 304.8
 0 8 0 0 0 -4  0 299.611
 0 9 0 0 -3 7  3 255.252
 0 9 0 0 -1 5  0 268.32
 0 9 0 0 0 4  0 264.21
 0 9 0 0 0 5  0 262.077
 0 9 0 0 1 3  0 263.842
 0 9 0 0 -1 6  2 260.923
 0 9 0 0 0 3  0 268.912
 0 9 0 0 2 2  0 259.058
 0 9 0 0 1 2  0 255.66
 0 9 0 0 3 2  0 245.965
 0 9 0 0 2 1  0 253.485
 0 9 0 0 2 3  0 242.79
 0 9 0 0 1 1  0 255.167
 0 9 0 0 1 4  0 249.197
 0 9 0 0 -2 5  0 250.649
 0 9 0 0 2 4  0 243.302
 0 9 0 0 -1 4  0 242.961
 0 9 0 0 1 5  2 241.864
 0 9 0 0 -1 3  0 245.588
 0 9 0 0 4 3  3 243.383
 0 9 0 0 0 2  0 249.172
 0 9 0 0 3 3  0 247.401
 0 9 0 0 0 1  0 247.286
 0 9 0 0 3 1  0 246.839
 0 9 0 0 1 0  0 248.103
 0 9 0 0 3 0  0 250.57
 0 9 0 0 1 -2  1 253.218
 0 9 0 0 4 0  0 253.466
 0 9 0 0 4 2  0 252.493
 0 9 0 0 1 -1  0 270.76
 0 9 0 0 4 1  0 267.512
 0 9 0 0 2 0  0 266.138
 0 9 0 0 5 1  2 275.827
 0 9 0 0 3 -1  0 263.957
 0 9 0 0 5 0  0 264.412
 0 9 0 0 2 -1  0 261.453
 0 9 0 0 5 -1  0 255.526
 0 9 0 0 2 -2  0 256.164
 0 9 0 0 6 -1  2 249.162
 0 9 0 0 1 -2  4 253.578
 0 9 0 0 5 -2  0 240.681
 0 9 0 0 2 -4  0 249.757
 0 9 0 0 4 -1  0 249.088
 0 9 0 0 2 -3  0 242.528
 0 9 0 0 4 -2  0 247.493
 0 9 0 0 3 -4  0 242.827
 0 9 0 0 6 -2  0 243.615
 0 9 0 0 3 -6  0 243.883
 0 9 0 0 6 -3  0 242.567
 0 9 0 0 3 -5  0 244.404
 0 9 0 0 7 -3  3 241.281
 0 9 0 0 3 -3  0 242.303
 0 9 0 0 6 -4  0 244.665
 0 9 0 0 3 -2  0 248.566
 0 9 0 0 5 -3  0 238.306
 0 9 0 0 4 -3  0 242.653
 0 9 0 0 5 -4  0 249.917
 0 9 0 0 4 -6  3 249.597
 0 9 0 0 6 -5  2 259.165
 0 9 0 0 5 -6  2 260.286
 0 9 0 0 5 -5  0 263.752
 0 9 0 0 4 -5  0 265.95
 0 9 0 0 4 -4  0 267.973
 0 9 0 0 2 -6  3 283.836
 0 9 0 0 1 -5  0 287.582
 0 9 0 0 0 -4  0 269.673
 0 9 0 0 0 -5  0 265.467
 0 9 0 0 -1 -3  0 272.864
 0 9 0 0 1 -6  2 267.587
 0 9 0 0 0 -3  0 262.367
 0 9 0 0 -2 -2  0 257.728
 0 9 0 0 -1 -2  0 250.065
 0 9 0 0 -3 -2  0 254.221
 0 9 0 0 -2 -1  0 255.594
 0 9 0 0 -2 -3  0 255.29
 0 9 0 0 -1 -1  0 256.762
 0 9 0 0 -1 -5  2 251.749
 0 9 0 0 2 -5  0 253.098
 0 9 0 0 -1 -4  0 256.768
 0 9 0 0 1 -4  0 248.356
 0 9 0 0 -2 -4  0 246.472
 0 9 0 0 1 -3  0 258.898
 0 9 0 0 -3 -4  3 255.917
 0 9 0 0 0 -2  0 252.948
 0 9 0 0 -3 -3  0 257.333
 0 9 0 0 0 -1  0 249.751
 0 9 0 0 -3 -1  0 267.28
 0 9 0 0 -1 0  0 259.577
 0 9 0 0 -3 0  0 260.525
 0 9 0 0 0 0  0 260.029
 0 9 0 0 -4 0  0 263.39
 0 9 0 0 -1 2  0 259.654
 0 9 0 0 -4 -2  0 262.603
 0 9 0 0 -1 1  0 276.513
 0 9 0 0 -4 -1  0 276.187
 0 9 0 0 -2 0  0 281.046
 0 9 0 0 -5 -1  2 291.204
 0 9 0 0 -3 1  0 278.73
 0 9 0 0 -5 0  0 280.748
 0 9 0 0 -2 1  0 275.017
 0 9 0 0 -5 1  0 273.325
 0 9 0 0 -2 2  0 270.57
 0 9 0 0 -6 1  2 266.723
 0 9 0 0 -2 4  1 268.776
 0 9 0 0 -5 2  0 256.889
 0 9 0 0 -2 4  4 254.863
 0 9 0 0 -4 1  0 257.974
 0 9 0 0 -2 3  0 258.567
 0 9 0 0 -4 2  0 261.72
 0 9 0 0 -3 4  0 262.236
 0 9 0 0 -6 2  0 256.173
 0 9 0 0 -3 6  0 254.299
 0 9 0 0 -6 3  0 250.729
 0 9 0 0 -3 5  0 258.777
 0 9 0 0 -7 4  3 259.907
 0 9 0 0 -3 3  0 265.939
 0 9 0 0 -6 4  0 263.605
 0 9 0 0 -3 2  0 264.931
 0 9 0 0 -5 3  0 270.971
 0 9 0 0 -4 3  0 266.198
 0 9 0 0 -5 4  0 275.354
 0 9 0 0 -4 7  3 280.827
 0 9 0 0 -6 5  2 284.541
 0 9 0 0 -5 6  2 287.546
 0 9 0 0 -5 5  0 278.683
 0 9 0 0 -4 5  0 288.266
 0 9 0 0 -4 4  0 286.168
 0 10 0 0 4 -7  3 274.65
 0 10 0 0 4 -5  0 265.116
 0 10 0 0 4 -4  0 262.33
 0 10 0 0 5 -5  0 254.438
 0 10 0 0 4 -3  0 259.026
 0 10 0 0 5 -6  2 254.816
 0 10 0 0 3 -3  0 252.779
 0 10 0 0 4 -2  0 258.319
 0 10 0 0 3 -2  0 251.51
 0 10 0 0 5 -2  0 245.359
 0 10 0 0 3 -1  0 245.615
 0 10 0 0 5 -3  0 244.993
 0 10 0 0 2 -1  0 246.266
 0 10 0 0 5 -4  0 243.151
 0 10 0 0 3 -5  0 247.684
 0 10 0 0 6 -4  0 247.519
 0 10 0 0 3 -4  0 249.615
 0 10 0 0 6 -5  2 241.085
 0 10 0 0 2 -3  0 239.375
 0 10 0 0 7 -3  3 246.766
 0 10 0 0 2 -2  0 241.308
 0 10 0 0 6 -3  0 243.403
 0 10 0 0 1 -1  0 239.374
 0 10 0 0 4 -1  0 250.009
 0 10 0 0 1 0  0 248.423
 0 10 0 0 3 0  0 250.827
 0 10 0 0 -1 2  1 247.134
 0 10 0 0 4 0  0 251.929
 0 10 0 0 6 -2  0 262.303
 0 10 0 0 0 1  0 264.837
 0 10 0 0 5 -1  0 265.32
 0 10 0 0 2 0  0 274.546
 0 10 0 0 6 -1  2 283.798
 0 10 0 0 2 1  0 277.327
 0 10 0 0 5 0  0 271.993
 0 10 0 0 1 1  0 269.623
 0 10 0 0 4 1  0 269.683
 0 10 0 0 0 2  0 257.098
 0 10 0 0 5 1  2 262.229
 0 10 0 0 -1 2  4 253.694
 0 10 0 0 3 2  0 253.984
 0 10 0 0 -2 4  0 251.275
 0 10 0 0 3 1  0 245.145
 0 10 0 0 -1 3  0 248.851
 0 10 0 0 2 2  0 241.961
 0 10 0 0 -1 4  0 251.207
 0 10 0 0 4 2  0 253.545
 0 10 0 0 -3 6  0 248.433
 0 10 0 0 3 3  0 255.545
 0 10 0 0 -2 5  0 264.229
 0 10 0 0 4 3  3 253.346
 0 10 0 0 0 3  0 257.173
 0 10 0 0 2 4  0 255.111
 0 10 0 0 1 2  0 259.582
 0 10 0 0 2 3  0 262.147
 0 10 0 0 1 3  0 261.317
 0 10 0 0 1 4  0 278.918
 0 10 0 0 -2 6  3 269.303
 0 10 0 0 1 5  2 275.488
 0 10 0 0 -1 6  2 279.543
 0 10 0 0 0 5  0 278.24
 0 10 0 0 -1 5  0 274.535
 0 10 0 0 0 4  0 278.419
 0 10 0 0 -4 6  3 268.947
 0 10 0 0 -4 5  0 259.323
 0 10 0 0 -4 4  0 267.797
 0 10 0 0 -5 5  0 258.387
 0 10 0 0 -4 3  0 258.859
 0 10 0 0 -5 6  2 252.18
 0 10 0 0 -3 3  0 250.648
 0 10 0 0 -4 2  0 240.662
 0 10 0 0 -3 2  0 243.099
 0 10 0 0 -5 2  0 242.037
 0 10 0 0 -3 1  0 245.003
 0 10 0 0 -5 3  0 242.546
 0 10 0 0 -2 1  0 245.045
 0 10 0 0 -6 5  2 236.007
 0 10 0 0 -3 5  0 242.21
 0 10 0 0 -5 4  0 238.812
 0 10 0 0 -3 4  0 241.71
 0 10 0 0 -6 4  0 229.135
 0 10 0 0 -2 3  0 243.758
 0 10 0 0 -7 4  3 244.689
 0 10 0 0 -2 2  0 246.78
 0 10 0 0 -6 3  0 238.056
 0 10 0 0 -1 1  0 233.093
 0 10 0 0 -4 1  0 240.93
 0 10 0 0 -1 0  0 247.667
 0 10 0 0 -3 0  0 242.035
 0 10 0 0 0 0  0 242.555
 0 10 0 0 -4 0  0 247.007
 0 10 0 0 1 -2  0 247.579
 0 10 0 0 -6 2  0 244.662
 0 10 0 0 0 -1  0 260.863
 0 10 0 0 -5 1  0 260.492
 0 10 0 0 -2 0  0 267.813
 0 10 0 0 -6 1  2 268.287
 0 10 0 0 -2 -1  0 270.76
 0 10 0 0 -5 0  0 259.449
 0 10 0 0 -1 -1  0 262.174
 0 10 0 0 -4 -1  0 253.619
 0 10 0 0 0 -2  0 252.965
 0 10 0 0 -5 -1  2 250.856
 0 10 0 0 2 -4  1 246.555
 0 10 0 0 -3 -2  0 244.294
 0 10 0 0 2 -4  4 247.603
 0 10 0 0 -3 -1  0 241.194
 0 10 0 0 1 -3  0 244.538
 0 10 0 0 -2 -2  0 245.404
 0 10 0 0 1 -4  0 243.898
 0 10 0 0 -4 -2  0 254.132
 0 10 0 0 3 -6  0 243.669
 0 10 0 0 -3 -3  0 240.553
 0 10 0 0 2 -5  0 245.636
 0 10 0 0 -3 -4  3 234.564
 0 10 0 0 0 -3  0 245.124
 0 10 0 0 -2 -4  0 247.064
 0 10 0 0 -1 -2  0 243.37
 0 10 0 0 -2 -3  0 247.987
 0 10 0 0 -1 -3  0 254.85
 0 10 0 0 -1 -4  0 266.538
 0 10 0 0 3 -7  3 259.957
 0 10 0 0 -1 -5  2 274.672
 0 10 0 0 1 -6  2 267.566
 0 10 0 0 0 -5  0 265.883
 0 10 0 0 1 -5  0 268.579
 0 10 0 0 0 -4  0 265.854
 0 11 0 0 -3 7  3 278.421
 0 11 0 0 -1 5  0 269.298
 0 11 0 0 0 4  0 273.517
 0 11 0 0 0 5  0 273.339
 0 11 0 0 1 3  0 261.322
 0 11 0 0 -1 6  2 261.442
 0 11 0 0 0 3  0 259.214
 0 11 0 0 2 2  0 258.884
 0 11 0 0 1 2  0 251.406
 0 11 0 0 3 2  0 255.588
 0 11 0 0 2 1  0 253.756
 0 11 0 0 2 3  0 247.612
 0 11 0 0 1 1  0 247.681
 0 11 0 0 1 4  0 250.702
 0 11 0 0 -2 5  0 251.292
 0 11 0 0 2 4  0 250.895
 0 11 0 0 -1 4  0 244.523
 0 11 0 0 1 5  2 249.207
 0 11 0 0 -1 3  0 247.843
 0 11 0 0 4 3  3 249.692
 0 11 0 0 0 2  0 250.325
 0 11 0 0 3 3  0 243.797
 0 11 0 0 0 1  0 248.486
 0 11 0 0 3 1  0 244.815
 0 11 0 0 1 0  0 255.498
 0 11 0 0 3 0  0 257.278
 0 11 0 0 1 -2  1 255.718
 0 11 0 0 4 0  0 253.082
 0 11 0 0 4 2  0 259.381
 0 11 0 0 1 -1  0 268.749
 0 11 0 0 4 1  0 275.812
 0 11 0 0 2 0  0 279.106
 0 11 0 0 5 1  2 282.415
 0 11 0 0 3 -1  0 285.898
 0 11 0 0 5 0  0 265.852
 0 11 0 0 2 -1  0 277.885
 0 11 0 0 5 -1  0 272.743
 0 11 0 0 2 -2  0 266.711
 0 11 0 0 6 -1  2 262.13
 0 11 0 0 1 -2  4 258.227
 0 11 0 0 5 -2  0 253.151
 0 11 0 0 2 -4  0 254.655
 0 11 0 0 4 -1  0 252.969
 0 11 0 0 2 -3  0 254.412
 0 11 0 0 4 -2  0 255.609
 0 11 0 0 3 -4  0 260.722
 0 11 0 0 6 -2  0 259.485
 0 11 0 0 3 -6  0 252.31
 0 11 0 0 6 -3  0 257.652
 0 11 0 0 3 -5  0 251.618
 0 11 0 0 7 -3  3 257.102
 0 11 0 0 3 -3  0 250.08
 0 11 0 0 6 -4  0 261.442
 0 11 0 0 3 -2  0 259.899
 0 11 0 0 5 -3  0 261.553
 0 11 0 0 4 -3  0 264.65
 0 11 0 0 5 -4  0 262.757
 0 11 0 0 4 -6  3 279.347
 0 11 0 0 6 -5  2 273.839
 0 11 0 0 5 -6  2 273.793
 0 11 0 0 5 -5  0 277.241
 0 11 0 0 4 -5  0 280.597
 0 11 0 0 4 -4  0 279.401
 0 11 0 0 2 -6  3 3256.37
 0 11 0 0 1 -5  0 275.397
 0 11 0 0 0 -4  0 271.237
 0 11 0 0 0 -5  0 265.636
 0 11 0 0 -1 -3  0 266.903
 0 11 0 0 1 -6  2 261.292
 0 11 0 0 0 -3  0 257.849
 0 11 0 0 -2 -2  0 261.584
 0 11 0 0 -1 -2  0 260.59
 0 11 0 0 -3 -2  0 257.71
 0 11 0 0 -2 -1  0 254.877
 0 11 0 0 -2 -3  0 252.51
 0 11 0 0 -1 -1  0 249.932
 0 11 0 0 -1 -5  2 251.821
 0 11 0 0 2 -5  0 252.631
 0 11 0 0 -1 -4  0 253.809
 0 11 0 0 1 -4  0 256.428
 0 11 0 0 -2 -4  0 254.894
 0 11 0 0 1 -3  0 248.86
 0 11 0 0 -3 -4  3 254.073
 0 11 0 0 0 -2  0 252.618
 0 11 0 0 -3 -3  0 255.303
 0 11 0 0 0 -1  0 255.249
 0 11 0 0 -3 -1  0 252.712
 0 11 0 0 -1 0  0 251.152
 0 11 0 0 -3 0  0 257.257
 0 11 0 0 0 0  0 259.192
 0 11 0 0 -4 0  0 262.686
 0 11 0 0 -1 2  0 264.343
 0 11 0 0 -4 -2  0 268.024
 0 11 0 0 -1 1  0 273.053
 0 11 0 0 -4 -1  0 276.274
 0 11 0 0 -2 0  0 272.346
 0 11 0 0 -5 -1  2 286.842
 0 11 0 0 -3 1  0 282.061
 0 11 0 0 -5 0  0 277.66
 0 11 0 0 -2 1  0 282.542
 0 11 0 0 -5 1  0 274.954
 0 11 0 0 -2 2  0 262.033
 0 11 0 0 -6 1  2 264.348
 0 11 0 0 -2 4  1 255.434
 0 11 0 0 -5 2  0 256.533
 0 11 0 0 -2 4  4 252.443
 0 11 0 0 -4 1  0 251.786
 0 11 0 0 -2 3  0 254.892
 0 11 0 0 -4 2  0 253.523
 0 11 0 0 -3 4  0 255.406
 0 11 0 0 -6 2  0 258.33
 0 11 0 0 -3 6  0 261.23
 0 11 0 0 -6 3  0 256.502
 0 11 0 0 -3 5  0 251.419
 0 11 0 0 -7 4  3 259.262
 0 11 0 0 -3 3  0 247.569
 0 11 0 0 -6 4  0 260.922
 0 11 0 0 -3 2  0 260.716
 0 11 0 0 -5 3  0 262.317
 0 11 0 0 -4 3  0 265.542
 0 11 0 0 -5 4  0 271.534
 0 11 0 0 -4 7  3 272.73
 0 11 0 0 -6 5  2 271.474
 0 11 0 0 -5 6  2 268.377
 0 11 0 0 -5 5  0 280.298
 0 11 0 0 -4 5  0 282.341
 0 11 0 0 -4 4  0 281.781
 0 12 0 0 4 -7  3 261.897
 0 12 0 0 4 -5  0 256.06
 0 12 0 0 4 -4  0 256.625
 0 12 0 0 5 -5  0 253.412
 0 12 0 0 4 -3  0 245.315
 0 12 0 0 5 -6  2 243.429
 0 12 0 0 3 -3  0 238.875
 0 12 0 0 4 -2  0 231.242
 0 12 0 0 3 -2  0 235.735
 0 12 0 0 5 -2  0 230.182
 0 12 0 0 3 -1  0 234.704
 0 12 0 0 5 -3  0 233.453
 0 12 0 0 2 -1  0 230.252
 0 12 0 0 5 -4  0 235.718
 0 12 0 0 3 -5  0 221.454
 0 12 0 0 6 -4  0 230.124
 0 12 0 0 3 -4  0 229.65
 0 12 0 0 6 -5  2 233.113
 0 12 0 0 2 -3  0 232.69
 0 12 0 0 7 -3  3 222.864
 0 12 0 0 2 -2  0 234.038
 0 12 0 0 6 -3  0 233.5
 0 12 0 0 1 -1  0 227.391
 0 12 0 0 4 -1  0 238.558
 0 12 0 0 1 0  0 231.042
 0 12 0 0 3 0  0 241.321
 0 12 0 0 -1 2  1 242.746
 0 12 0 0 4 0  0 235.011
 0 12 0 0 6 -2  0 241.708
 0 12 0 0 0 1  0 251.845
 0 12 0 0 5 -1  0 258.832
 0 12 0 0 2 0  0 262.894
 0 12 0 0 6 -1  2 264.363
 0 12 0 0 2 1  0 259.613
 0 12 0 0 5 0  0 261.697
 0 12 0 0 1 1  0 256.831
 0 12 0 0 4 1  0 252.996
 0 12 0 0 0 2  0 246.119
 0 12 0 0 5 1  2 240.926
 0 12 0 0 -1 2  4 245.62
 0 12 0 0 3 2  0 239.435
 0 12 0 0 -2 4  0 235.21
 0 12 0 0 3 1  0 246.809
 0 12 0 0 -1 3  0 235.196
 0 12 0 0 2 2  0 237.478
 0 12 0 0 -1 4  0 231.728
 0 12 0 0 4 2  0 239.57
 0 12 0 0 -3 6  0 229.667
 0 12 0 0 3 3  0 233.244
 0 12 0 0 -2 5  0 235.942
 0 12 0 0 4 3  3 242.432
 0 12 0 0 0 3  0 242.285
 0 12 0 0 2 4  0 240.363
 0 12 0 0 1 2  0 243.178
 0 12 0 0 2 3  0 239.123
 0 12 0 0 1 3  0 252.585
 0 12 0 0 1 4  0 249.264
 0 12 0 0 -2 6  3 251.196
 0 12 0 0 1 5  2 256.473
 0 12 0 0 -1 6  2 256.355
 0 12 0 0 0 5  0 264.314
 0 12 0 0 -1 5  0 257.797
 0 12 0 0 0 4  0 260.013
 0 12 0 0 -4 6  3 262.63
 0 12 0 0 -4 5  0 267.976
 0 12 0 0 -4 4  0 259.249
 0 12 0 0 -5 5  0 256.219
 0 12 0 0 -4 3  0 256.724
 0 12 0 0 -5 6  2 254.494
 0 12 0 0 -3 3  0 244.208
 0 12 0 0 -4 2  0 250.136
 0 12 0 0 -3 2  0 247.137
 0 12 0 0 -5 2  0 250.495
 0 12 0 0 -3 1  0 251.263
 0 12 0 0 -5 3  0 249.551
 0 12 0 0 -2 1  0 248.348
 0 12 0 0 -6 5  2 239.687
 0 12 0 0 -3 5  0 241.867
 0 12 0 0 -5 4  0 241.031
 0 12 0 0 -3 4  0 242.204
 0 12 0 0 -6 4  0 242.718
 0 12 0 0 -2 3  0 243.619
 0 12 0 0 -7 4  3 251.943
 0 12 0 0 -2 2  0 240.192
 0 12 0 0 -6 3  0 244.312
 0 12 0 0 -1 1  0 245.912
 0 12 0 0 -4 1  0 250.551
 0 12 0 0 -1 0  0 240.187
 0 12 0 0 -3 0  0 251.873
 0 12 0 0 0 0  0 247.931
 0 12 0 0 -4 0  0 243.414
 0 12 0 0 1 -2  0 249.115
 0 12 0 0 -6 2  0 262.346
 0 12 0 0 0 -1  0 261.66
 0 12 0 0 -5 1  0 263.389
 0 12 0 0 -2 0  0 265.91
 0 12 0 0 -6 1  2 284.555
 0 12 0 0 -2 -1  0 270.538
 0 12 0 0 -5 0  0 269.277
 0 12 0 0 -1 -1  0 263.689
 0 12 0 0 -4 -1  0 259.424
 0 12 0 0 0 -2  0 247.27
 0 12 0 0 -5 -1  2 251.477
 0 12 0 0 2 -4  1 254.295
 0 12 0 0 -3 -2  0 241.328
 0 12 0 0 2 -4  4 247.179
 0 12 0 0 -3 -1  0 252.968
 0 12 0 0 1 -3  0 246.859
 0 12 0 0 -2 -2  0 242.597
 0 12 0 0 1 -4  0 243.341
 0 12 0 0 -4 -2  0 253.408
 0 12 0 0 3 -6  0 247.886
 0 12 0 0 -3 -3  0 253.598
 0 12 0 0 2 -5  0 251.517
 0 12 0 0 -3 -4  3 247.087
 0 12 0 0 0 -3  0 254.784
 0 12 0 0 -2 -4  0 243.809
 0 12 0 0 -1 -2  0 245.371
 0 12 0 0 -2 -3  0 256.079
 0 12 0 0 -1 -3  0 265.937
 0 12 0 0 -1 -4  0 263.187
 0 12 0 0 3 -7  3 263.006
 0 12 0 0 -1 -5  2 267.021
 0 12 0 0 1 -6  2 272.697
 0 12 0 0 0 -5  0 273.003
 0 12 0 0 1 -5  0 266.315
 0 12 0 0 0 -4  0 266.392
 0 13 0 0 -3 7  3 267.532
 0 13 0 0 -1 6  2 265.575
 0 13 0 0 0 4  0 263.931
 0 13 0 0 0 5  0 258.248
 0 13 0 0 1 3  0 259.258
 0 13 0 0 -1 5  0 253.054
 0 13 0 0 0 3  0 250.931
 0 13 0 0 1 4  0 248.256
 0 13 0 0 1 2  0 244.769
 0 13 0 0 2 4  0 245.453
 0 13 0 0 2 1  0 242.549
 0 13 0 0 2 2  0 244.489
 0 13 0 0 1 1  0 242.637
 0 13 0 0 3 2  0 240.723
 0 13 0 0 -2 5  0 238.25
 0 13 0 0 2 3  0 246.841
 0 13 0 0 -1 4  0 236.118
 0 13 0 0 1 5  2 244.097
 0 13 0 0 -1 3  0 237.476
 0 13 0 0 4 3  3 234.602
 0 13 0 0 0 2  0 240.227
 0 13 0 0 3 3  0 241.693
 0 13 0 0 -2 4  1 245.897
 0 13 0 0 3 1  0 246.973
 0 13 0 0 0 1  0 250.222
 0 13 0 0 3 0  0 247.365
 0 13 0 0 1 0  0 246.723
 0 13 0 0 4 0  0 245.42
 0 13 0 0 4 2  0 255.724
 0 13 0 0 1 -1  0 270.203
 0 13 0 0 4 1  0 268.004
 0 13 0 0 2 0  0 274.223
 0 13 0 0 5 1  2 275.829
 0 13 0 0 3 -1  0 273.66
 0 13 0 0 5 0  0 268.467
 0 13 0 0 2 -1  0 274.332
 0 13 0 0 5 -1  0 260.348
 0 13 0 0 2 -2  0 255.26
 0 13 0 0 6 -1  2 250.947
 0 13 0 0 1 -2  4 249.732
 0 13 0 0 5 -2  0 258.904
 0 13 0 0 2 -4  0 251.992
 0 13 0 0 4 -1  0 248.62
 0 13 0 0 2 -3  0 248.123
 0 13 0 0 4 -2  0 250.213
 0 13 0 0 3 -4  0 249.128
 0 13 0 0 6 -2  0 246.11
 0 13 0 0 3 -6  0 248.358
 0 13 0 0 6 -3  0 250.768
 0 13 0 0 3 -5  0 251.619
 0 13 0 0 7 -3  3 253.163
 0 13 0 0 3 -3  0 251.318
 0 13 0 0 6 -4  0 252.003
 0 13 0 0 3 -2  0 257.357
 0 13 0 0 5 -3  0 255.045
 0 13 0 0 4 -3  0 253.05
 0 13 0 0 5 -4  0 264.67
 0 13 0 0 4 -5  0 277.168
 0 13 0 0 6 -5  2 274.506
 0 13 0 0 4 -6  3 272.68
 0 13 0 0 5 -5  0 280.189
 0 13 0 0 5 -6  2 270.974
 0 13 0 0 4 -4  0 275.166
 0 13 0 0 2 -6  3 261.818
 0 13 0 0 1 -6  2 253.295
 0 13 0 0 0 -4  0 255.926
 0 13 0 0 0 -5  0 244.1
 0 13 0 0 -1 -3  0 240.996
 0 13 0 0 1 -5  0 246.857
 0 13 0 0 0 -3  0 240.244
 0 13 0 0 -1 -5  2 248.127
 0 13 0 0 -1 -2  0 239.423
 0 13 0 0 -1 -4  0 242.063
 0 13 0 0 -2 -1  0 237.438
 0 13 0 0 -2 -2  0 238.214
 0 13 0 0 -1 -1  0 236.672
 0 13 0 0 -3 -2  0 237.283
 0 13 0 0 2 -5  0 241.506
 0 13 0 0 -2 -3  0 245.42
 0 13 0 0 1 -4  0 231.099
 0 13 0 0 -2 -4  0 236.468
 0 13 0 0 1 -3  0 231.518
 0 13 0 0 -3 -4  3 241.308
 0 13 0 0 0 -2  0 238.903
 0 13 0 0 -3 -3  0 234.12
 0 13 0 0 1 -2  1 237.35
 0 13 0 0 -3 -1  0 243.928
 0 13 0 0 0 -1  0 237.889
 0 13 0 0 -3 0  0 248.1
 0 13 0 0 -1 0  0 239.885
 0 13 0 0 -4 0  0 246.404
 0 13 0 0 0 0  0 250.698
 0 13 0 0 -4 -2  0 251.052
 0 13 0 0 -1 1  0 259.574
 0 13 0 0 -4 -1  0 267.972
 0 13 0 0 -2 0  0 257.472
 0 13 0 0 -5 -1  2 277.188
 0 13 0 0 -3 1  0 271.993
 0 13 0 0 -5 0  0 264.26
 0 13 0 0 -2 1  0 257.96
 0 13 0 0 -5 1  0 252.633
 0 13 0 0 -2 2  0 257.69
 0 13 0 0 -6 1  2 255.349
 0 13 0 0 -1 2  0 254.46
 0 13 0 0 -5 2  0 239.788
 0 13 0 0 -2 4  4 239.009
 0 13 0 0 -4 1  0 242.656
 0 13 0 0 -2 3  0 244.44
 0 13 0 0 -4 2  0 239.715
 0 13 0 0 -3 4  0 238.507
 0 13 0 0 -6 2  0 243.279
 0 13 0 0 -3 6  0 250.172
 0 13 0 0 -6 3  0 241.276
 0 13 0 0 -3 5  0 237.847
 0 13 0 0 -7 3  3 234.047
 0 13 0 0 -3 3  0 249.477
 0 13 0 0 -6 4  0 236.301
 0 13 0 0 -3 2  0 242.261
 0 13 0 0 -5 3  0 245.782
 0 13 0 0 -4 3  0 250.617
 0 13 0 0 -5 4  0 248.258
 0 13 0 0 -4 5  0 252.923
 0 13 0 0 -6 5  2 265.764
 0 13 0 0 -4 6  3 264.35
 0 13 0 0 -5 5  0 264.759
 0 13 0 0 -5 6  2 269.774
 0 13 0 0 -4 4  0 266.342
 0 14 0 0 4 -7  3 278.142
 0 14 0 0 4 -5  0 280.58
 0 14 0 0 4 -4  0 280.317
 0 14 0 0 5 -5  0 276.16
 0 14 0 0 4 -3  0 281.62
 0 14 0 0 5 -6  2 276.518
 0 14 0 0 3 -3  0 269.523
 0 14 0 0 4 -2  0 267.576
 0 14 0 0 3 -2  0 269.744
 0 14 0 0 5 -2  0 262.822
 0 14 0 0 3 -1  0 262.049
 0 14 0 0 5 -3  0 256.449
 0 14 0 0 2 -1  0 251.521
 0 14 0 0 5 -4  0 259.678
 0 14 0 0 3 -5  0 255.806
 0 14 0 0 6 -4  0 259.983
 0 14 0 0 3 -4  0 261.605
 0 14 0 0 6 -5  2 250.722
 0 14 0 0 2 -3  0 258.786
 0 14 0 0 7 -3  3 254.729
 0 14 0 0 2 -2  0 262.856
 0 14 0 0 6 -3  0 255.757
 0 14 0 0 1 -1  0 254.968
 0 14 0 0 4 -1  0 257.039
 0 14 0 0 1 0  0 264.194
 0 14 0 0 3 0  0 270.843
 0 14 0 0 -1 2  1 256.268
 0 14 0 0 4 0  0 263.698
 0 14 0 0 6 -2  0 285.25
 0 14 0 0 0 1  0 283.102
 0 14 0 0 5 -1  0 277.058
 0 14 0 0 2 0  0 285.639
 0 14 0 0 6 -1  2 294.717
 0 14 0 0 2 1  0 294.402
 0 14 0 0 5 0  0 282.733
 0 14 0 0 1 1  0 268.452
 0 14 0 0 4 1  0 266.33
 0 14 0 0 0 2  0 265.641
 0 14 0 0 5 1  2 269.413
 0 14 0 0 -1 2  4 264
 0 14 0 0 3 2  0 249.864
 0 14 0 0 -2 4  0 258.681
 0 14 0 0 3 1  0 256.803
 0 14 0 0 -1 3  0 254.68
 0 14 0 0 2 2  0 247.483
 0 14 0 0 -1 4  0 261.411
 0 14 0 0 4 2  0 249.707
 0 14 0 0 -3 6  0 247.866
 0 14 0 0 3 3  0 261.465
 0 14 0 0 -2 5  0 250.163
 0 14 0 0 4 3  3 251.322
 0 14 0 0 0 3  0 253.162
 0 14 0 0 2 4  0 261.316
 0 14 0 0 1 2  0 253.902
 0 14 0 0 2 3  0 257.953
 0 14 0 0 1 3  0 255.303
 0 14 0 0 1 4  0 267.393
 0 14 0 0 -2 6  3 267.172
 0 14 0 0 1 5  2 271.825
 0 14 0 0 -1 6  2 273.734
 0 14 0 0 0 5  0 281.745
 0 14 0 0 -1 5  0 286.535
 0 14 0 0 0 4  0 279.363
 0 14 0 0 -4 6  3 284.133
 0 14 0 0 -4 5  0 280.305
 0 14 0 0 -4 4  0 279.988
 0 14 0 0 -5 5  0 281.127
 0 14 0 0 -4 3  0 269.503
 0 14 0 0 -5 6  2 267.691
 0 14 0 0 -3 3  0 263.438
 0 14 0 0 -4 2  0 256.183
 0 14 0 0 -3 2  0 263.17
 0 14 0 0 -5 2  0 262.146
 0 14 0 0 -3 1  0 261.118
 0 14 0 0 -5 3  0 263.981
 0 14 0 0 -2 1  0 267.733
 0 14 0 0 -6 5  2 258.777
 0 14 0 0 -3 5  0 257.272
 0 14 0 0 -5 4  0 261.742
 0 14 0 0 -3 4  0 252.936
 0 14 0 0 -6 4  0 259.581
 0 14 0 0 -2 3  0 260.149
 0 14 0 0 -7 4  3 255.956
 0 14 0 0 -2 2  0 251.135
 0 14 0 0 -6 3  0 261.668
 0 14 0 0 -1 1  0 265.723
 0 14 0 0 -4 1  0 263.393
 0 14 0 0 -1 0  0 264.227
 0 14 0 0 -3 0  0 256.908
 0 14 0 0 0 0  0 273.177
 0 14 0 0 -4 0  0 265.389
 0 14 0 0 1 -2  0 273.975
 0 14 0 0 -6 2  0 273.276
 0 14 0 0 0 -1  0 274.447
 0 14 0 0 -5 1  0 288.431
 0 14 0 0 -2 0  0 289.926
 0 14 0 0 -6 1  2 293.192
 0 14 0 0 -2 -1  0 297.272
 0 14 0 0 -5 0  0 285.132
 0 14 0 0 -1 -1  0 282.617
 0 14 0 0 -4 -1  0 274.58
 0 14 0 0 0 -2  0 270.618
 0 14 0 0 -5 -1  2 267.783
 0 14 0 0 2 -4  1 276.384
 0 14 0 0 -3 -2  0 267.923
 0 14 0 0 2 -4  4 263.368
 0 14 0 0 -3 -1  0 260.439
 0 14 0 0 1 -3  0 262.589
 0 14 0 0 -2 -2  0 259.868
 0 14 0 0 1 -4  0 266.257
 0 14 0 0 -4 -2  0 261.817
 0 14 0 0 3 -6  0 256.772
 0 14 0 0 -3 -3  0 259.298
 0 14 0 0 2 -5  0 266.137
 0 14 0 0 -3 -4  3 261.069
 0 14 0 0 0 -3  0 261.25
 0 14 0 0 -2 -4  0 267.647
 0 14 0 0 -1 -2  0 260.498
 0 14 0 0 -2 -3  0 261.473
 0 14 0 0 -1 -3  0 261.779
 0 14 0 0 -1 -4  0 281.476
 0 14 0 0 3 -7  3 282.155
 0 14 0 0 -1 -5  2 285.576
 0 14 0 0 1 -6  2 286.06
 0 14 0 0 0 -5  0 293.681
 0 14 0 0 1 -5  0 295.11
 0 14 0 0 0 -4  0 288.053
 0 15 0 0 -3 7  3 265.981
 0 15 0 0 -1 6  2 268.939
 0 15 0 0 0 4  0 265.868
 0 15 0 0 0 5  0 257.696
 0 15 0 0 1 3  0 268.888
 0 15 0 0 -1 5  0 253.248
 0 15 0 0 0 3  0 247.583
 0 15 0 0 1 4  0 245.632
 0 15 0 0 1 2  0 244.864
 0 15 0 0 2 4  0 239.253
 0 15 0 0 2 1  0 246.337
 0 15 0 0 2 2  0 241.981
 0 15 0 0 1 1  0 240.208
 0 15 0 0 3 2  0 235.71
 0 15 0 0 -2 5  0 239.093
 0 15 0 0 2 3  0 235.572
 0 15 0 0 -1 4  0 244.144
 0 15 0 0 1 5  2 241.697
 0 15 0 0 -1 3  0 236.263
 0 15 0 0 4 3  3 236.765
 0 15 0 0 0 2  0 238.063
 0 15 0 0 3 3  0 239.539
 0 15 0 0 -2 4  1 239.99
 0 15 0 0 3 1  0 239.097
 0 15 0 0 0 1  0 249.39
 0 15 0 0 3 0  0 249.707
 0 15 0 0 1 0  0 250.333
 0 15 0 0 4 0  0 252.315
 0 15 0 0 4 2  0 259.618
 0 15 0 0 1 -1  0 261.395
 0 15 0 0 4 1  0 260.717
 0 15 0 0 2 0  0 270.268
 0 15 0 0 5 1  2 271.058
 0 15 0 0 3 -1  0 272.431
 0 15 0 0 5 0  0 265.692
 0 15 0 0 2 -1  0 264.155
 0 15 0 0 5 -1  0 255.451
 0 15 0 0 2 -2  0 252.269
 0 15 0 0 6 -1  2 249.977
 0 15 0 0 1 -2  4 252.654
 0 15 0 0 5 -2  0 246.673
 0 15 0 0 2 -4  0 247.602
 0 15 0 0 4 -1  0 238.994
 0 15 0 0 2 -3  0 242.227
 0 15 0 0 4 -2  0 241.47
 0 15 0 0 3 -4  0 244.313
 0 15 0 0 6 -2  0 248.221
 0 15 0 0 3 -6  0 241.587
 0 15 0 0 6 -3  0 240.958
 0 15 0 0 3 -5  0 243.624
 0 15 0 0 7 -3  3 237.639
 0 15 0 0 3 -3  0 243.924
 0 15 0 0 6 -4  0 248.421
 0 15 0 0 3 -2  0 249.443
 0 15 0 0 5 -3  0 251.892
 0 15 0 0 4 -3  0 256.011
 0 15 0 0 5 -4  0 259.957
 0 15 0 0 4 -5  0 259.311
 0 15 0 0 6 -5  2 261.352
 0 15 0 0 4 -6  3 268.851
 0 15 0 0 5 -5  0 269.113
 0 15 0 0 5 -6  2 266.734
 0 15 0 0 4 -4  0 269.555
 0 15 0 0 2 -6  3 287.487
 0 15 0 0 1 -6  2 292.821
 0 15 0 0 0 -4  0 279.518
 0 15 0 0 0 -5  0 277.916
 0 15 0 0 -1 -3  0 284.225
 0 15 0 0 1 -5  0 275.072
 0 15 0 0 0 -3  0 266.65
 0 15 0 0 -1 -5  2 272.046
 0 15 0 0 -1 -2  0 263.641
 0 15 0 0 -1 -4  0 264.2
 0 15 0 0 -2 -1  0 270.101
 0 15 0 0 -2 -2  0 263.779
 0 15 0 0 -1 -1  0 262.582
 0 15 0 0 -3 -2  0 261.669
 0 15 0 0 2 -5  0 259.382
 0 15 0 0 -2 -3  0 267.081
 0 15 0 0 1 -4  0 263.44
 0 15 0 0 -2 -4  0 263.158
 0 15 0 0 1 -3  0 261.676
 0 15 0 0 -3 -4  3 258.183
 0 15 0 0 0 -2  0 263.972
 0 15 0 0 -3 -3  0 265.909
 0 15 0 0 1 -2  1 266.264
 0 15 0 0 -3 -1  0 262.812
 0 15 0 0 0 -1  0 262.738
 0 15 0 0 -3 0  0 263.613
 0 15 0 0 -1 0  0 263.885
 0 15 0 0 -4 0  0 261.501
 0 15 0 0 0 0  0 269.408
 0 15 0 0 -4 -2  0 267.637
 0 15 0 0 -1 1  0 288.265
 0 15 0 0 -4 -1  0 294.336
 0 15 0 0 -2 0  0 289.897
 0 15 0 0 -5 -1  2 295.683
 0 15 0 0 -3 1  0 296.681
 0 15 0 0 -5 0  0 293.441
 0 15 0 0 -2 1  0 281.786
 0 15 0 0 -5 1  0 273.245
 0 15 0 0 -2 2  0 275.176
 0 15 0 0 -6 1  2 265.307
 0 15 0 0 -1 2  0 273.943
 0 15 0 0 -5 2  0 254.866
 0 15 0 0 -2 4  4 262.735
 0 15 0 0 -4 1  0 265.068
 0 15 0 0 -2 3  0 260.887
 0 15 0 0 -4 2  0 262.192
 0 15 0 0 -3 4  0 265.831
 0 15 0 0 -6 2  0 261.296
 0 15 0 0 -3 6  0 263.984
 0 15 0 0 -6 3  0 268.848
 0 15 0 0 -3 5  0 268.321
 0 15 0 0 -7 3  3 256.692
 0 15 0 0 -3 3  0 262.675
 0 15 0 0 -6 4  0 262.338
 0 15 0 0 -3 2  0 264.706
 0 15 0 0 -5 3  0 261.324
 0 15 0 0 -4 3  0 264.908
 0 15 0 0 -5 4  0 274.241
 0 15 0 0 -4 5  0 283.488
 0 15 0 0 -6 5  2 294.718
 0 15 0 0 -4 6  3 288.643
 0 15 0 0 -5 5  0 297.808
 0 15 0 0 -5 6  2 287.342
 0 15 0 0 -4 4  0 293.933
 0 16 0 0 4 -7  3 277.62
 0 16 0 0 5 -6  2 275.262
 0 16 0 0 4 -4  0 276.793
 0 16 0 0 5 -5  0 272.128
 0 16 0 0 4 -3  0 263.336
 0 16 0 0 4 -5  0 265.697
 0 16 0 0 3 -3  0 261.013
 0 16 0 0 5 -4  0 261.505
 0 16 0 0 3 -2  0 255.849
 0 16 0 0 6 -4  0 249.093
 0 16 0 0 3 -1  0 262.06
 0 16 0 0 4 -2  0 255.515
 0 16 0 0 2 -1  0 254.254
 0 16 0 0 5 -2  0 253.346
 0 16 0 0 3 -5  0 247.435
 0 16 0 0 5 -3  0 246.173
 0 16 0 0 3 -4  0 251.211
 0 16 0 0 6 -5  2 244.81
 0 16 0 0 2 -3  0 242.732
 0 16 0 0 7 -3  3 244.642
 0 16 0 0 2 -2  0 253.271
 0 16 0 0 6 -3  0 250.563
 0 16 0 0 2 -4  1 257.408
 0 16 0 0 4 -1  0 250.271
 0 16 0 0 1 -1  0 253.749
 0 16 0 0 3 0  0 256.476
 0 16 0 0 1 0  0 257.616
 0 16 0 0 4 0  0 264.062
 0 16 0 0 6 -2  0 264.745
 0 16 0 0 0 1  0 278.996
 0 16 0 0 5 -1  0 277.181
 0 16 0 0 2 0  0 286.113
 0 16 0 0 6 -1  2 288.494
 0 16 0 0 2 1  0 284.826
 0 16 0 0 5 0  0 287.583
 0 16 0 0 1 1  0 272.579
 0 16 0 0 4 1  0 274.691
 0 16 0 0 0 2  0 270.517
 0 16 0 0 5 1  2 268.577
 0 16 0 0 -1 2  4 256.856
 0 16 0 0 3 2  0 250.944
 0 16 0 0 -2 4  0 254.499
 0 16 0 0 3 1  0 264.253
 0 16 0 0 -1 3  0 257.858
 0 16 0 0 2 2  0 251.869
 0 16 0 0 -1 4  0 262.941
 0 16 0 0 4 2  0 254.946
 0 16 0 0 -3 6  0 249.546
 0 16 0 0 3 3  0 255.93
 0 16 0 0 -2 5  0 258.517
 0 16 0 0 4 3  3 260.517
 0 16 0 0 0 3  0 266.357
 0 16 0 0 2 4  0 255.855
 0 16 0 0 1 2  0 261.428
 0 16 0 0 2 3  0 264.025
 0 16 0 0 1 3  0 267.05
 0 16 0 0 1 4  0 279.822
 0 16 0 0 -1 5  0 278.866
 0 16 0 0 1 5  2 282.467
 0 16 0 0 -2 6  3 286.061
 0 16 0 0 0 5  0 280.007
 0 16 0 0 -1 6  2 279.262
 0 16 0 0 0 4  0 275.986
 0 16 0 0 -4 6  3 286.842
 0 16 0 0 -5 6  2 285.408
 0 16 0 0 -4 4  0 276.637
 0 16 0 0 -5 5  0 288.127
 0 16 0 0 -4 3  0 283.969
 0 16 0 0 -4 5  0 273.766
 0 16 0 0 -3 3  0 267.733
 0 16 0 0 -6 5  2 267.171
 0 16 0 0 -3 2  0 266.459
 0 16 0 0 -5 4  0 263.519
 0 16 0 0 -3 1  0 260.234
 0 16 0 0 -4 2  0 260.143
 0 16 0 0 -2 1  0 263.414
 0 16 0 0 -5 2  0 270.36
 0 16 0 0 -3 5  0 264.577
 0 16 0 0 -5 3  0 250.393
 0 16 0 0 -3 4  0 261.039
 0 16 0 0 -6 4  0 258.31
 0 16 0 0 -2 3  0 261.379
 0 16 0 0 -7 4  3 257.586
 0 16 0 0 -2 2  0 263.589
 0 16 0 0 -6 3  0 263.809
 0 16 0 0 -1 2  1 271.169
 0 16 0 0 -4 1  0 253.484
 0 16 0 0 -1 1  0 263.603
 0 16 0 0 -3 0  0 260.542
 0 16 0 0 -1 0  0 268.73
 0 16 0 0 -4 0  0 271.133
 0 16 0 0 0 0  0 268.593
 0 16 0 0 -6 2  0 277.77
 0 16 0 0 0 -1  0 285.817
 0 16 0 0 -5 1  0 280.723
 0 16 0 0 -2 0  0 288.547
 0 16 0 0 -6 1  2 298.73
 0 16 0 0 -2 -1  0 294.668
 0 16 0 0 -5 0  0 281.681
 0 16 0 0 -1 -1  0 290.742
 0 16 0 0 -4 -1  0 288.922
 0 16 0 0 0 -2  0 280.587
 0 16 0 0 -5 -1  2 276.314
 0 16 0 0 1 -2  0 279.123
 0 16 0 0 -3 -2  0 274.445
 0 16 0 0 2 -4  4 270.29
 0 16 0 0 -3 -1  0 264.952
 0 16 0 0 1 -3  0 260.788
 0 16 0 0 -2 -2  0 265.707
 0 16 0 0 1 -4  0 267.56
 0 16 0 0 -4 -2  0 266.28
 0 16 0 0 3 -6  0 266.895
 0 16 0 0 -3 -3  0 269.284
 0 16 0 0 2 -5  0 280.572
 0 16 0 0 -4 -3  3 273.719
 0 16 0 0 0 -3  0 276.341
 0 16 0 0 -2 -4  0 266.783
 0 16 0 0 -1 -2  0 271.724
 0 16 0 0 -2 -3  0 277.548
 0 16 0 0 -1 -3  0 283.111
 0 16 0 0 -1 -4  0 279.029
 0 16 0 0 1 -5  0 298.409
 0 16 0 0 -1 -5  2 292.263
 0 16 0 0 2 -6  3 295.216
 0 16 0 0 0 -5  0 297.947
 0 16 0 0 1 -6  2 294.163
 0 16 0 0 0 -4  0 291.04
