SCHEME_CODE 0
# CODE  LAYER SENSOR_IX SENSOR_IV  IX  IV TYPE  VALUE
 0 1 0 0 -3 7  3 3160.95
 0 1 0 0 -1 5  0 272.151
 0 1 0 0 0 4  0 276.821
 0 1 0 0 0 5  0 276.549
 0 1 0 0 1 3  0 264.933
 0 1 0 0 -1 6  2 265.042
 0 1 0 0 0 3  0 263.166
 0 1 0 0 2 2  0 262.507
 0 1 0 0 1 2  0 255.347
 0 1 0 0 3 2  0 259.259
 0 1 0 0 2 1  0 257.358
 0 1 0 0 2 3  0 251.17
 0 1 0 0 1 1  0 253.196
 0 1 0 0 1 4  0 254.3
 0 1 0 0 -2 5  0 254.029
 0 1 0 0 2 4  0 253.844
 0 1 0 0 -1 4  0 247.57
 0 1 0 0 1 5  2 251.934
 0 1 0 0 -1 3  0 250.586
 0 1 0 0 4 3  3 252.681
 0 1 0 0 0 2  0 253.578
 0 1 0 0 3 3  0 246.467
 0 1 0 0 0 1  0 262.109
 0 1 0 0 3 1  0 247.619
 0 1 0 0 1 0  0 271.043
 0 1 0 0 3 0  0 259.807
 0 1 0 0 1 -2  1 258.452
 0 1 0 0 4 0  0 256.093
 0 1 0 0 4 2  0 261.98
 0 1 0 0 1 -1  0 280.513
 0 1 0 0 4 1  0 278.42
 0 1 0 0 2 0  0 283.502
 0 1 0 0 5 1  2 284.719
 0 1 0 0 3 -1  0 288.982
 0 1 0 0 5 0  0 268.293
 0 1 0 0 2 -1  0 282.583
 0 1 0 0 5 -1  0 275.031
 0 1 0 0 2 -2  0 269.078
 0 1 0 0 6 -1  2 263.839
 0 1 0 0 1 -2  4 261.347
 0 1 0 0 5 -2  0 254.833
 0 1 0 0 2 -4  0 256.081
 0 1 0 0 4 -1  0 254.132
 0 1 0 0 2 -3  0 256.867
 0 1 0 0 4 -2  0 256.894
 0 1 0 0 3 -4  0 262.916
 0 1 0 0 6 -2  0 260.711
 0 1 0 0 3 -6  0 253.354
 0 1 0 0 6 -3  0 259.934
 0 1 0 0 3 -5  0 252.701
 0 1 0 0 7 -3  3 259.257
 0 1 0 0 3 -3  0 251.772
 0 1 0 0 6 -4  0 262.672
 0 1 0 0 3 -2  0 261.823
 0 1 0 0 5 -3  0 262.428
 0 1 0 0 4 -3  0 266.389
 0 1 0 0 5 -4  0 264.537
 0 1 0 0 4 -6  3 281.168
 0 1 0 0 6 -5  2 276.174
 0 1 0 0 5 -6  2 276.057
 0 1 0 0 5 -5  0 279.048
 0 1 0 0 4 -5  0 282.239
 0 1 0 0 4 -4  0 281.1
 0 1 0 0 2 -6  3 284.993
 0 1 0 0 1 -5  0 279.521
 0 1 0 0 0 -4  0 275.728
 0 1 0 0 0 -5  0 270.196
 0 1 0 0 -1 -3  0 271.213
 0 1 0 0 1 -6  2 265.418
 0 1 0 0 0 -3  0 261.343
 0 1 0 0 -2 -2  0 266.072
 0 1 0 0 -1 -2  0 264.173
 0 1 0 0 -3 -2  0 260.833
 0 1 0 0 -2 -1  0 258.654
 0 1 0 0 -2 -3  0 255.377
 0 1 0 0 -1 -1  0 255.426
 0 1 0 0 -1 -5  2 254.452
 0 1 0 0 2 -5  0 255.813
 0 1 0 0 -1 -4  0 256.543
 0 1 0 0 1 -4  0 258.918
 0 1 0 0 -2 -4  0 257.639
 0 1 0 0 1 -3  0 252.09
 0 1 0 0 -3 -4  3 257.146
 0 1 0 0 0 -2  0 256.504
 0 1 0 0 -3 -3  0 258.387
 0 1 0 0 0 -1  0 268.078
 0 1 0 0 -3 -1  0 255.474
 0 1 0 0 -1 0  0 280.409
 0 1 0 0 -3 0  0 260.997
 0 1 0 0 0 0  0 315.038
 0 1 0 0 -4 0  0 266.964
 0 1 0 0 -1 2  0 268.64
 0 1 0 0 -4 -2  0 272.282
 0 1 0 0 -1 1  0 292.19
 0 1 0 0 -4 -1  0 281.3
 0 1 0 0 -2 0  0 280.393
 0 1 0 0 -5 -1  2 291.008
 0 1 0 0 -3 1  0 287.819
 0 1 0 0 -5 0  0 282.688
 0 1 0 0 -2 1  0 291.75
 0 1 0 0 -5 1  0 280.01
 0 1 0 0 -2 2  0 267.507
 0 1 0 0 -6 1  2 268.028
 0 1 0 0 -2 4  1 258.444
 0 1 0 0 -5 2  0 259.887
 0 1 0 0 -2 4  4 255.986
 0 1 0 0 -4 1  0 255.242
 0 1 0 0 -2 3  0 257.847
 0 1 0 0 -4 2  0 257.058
 0 1 0 0 -3 4  0 258
 0 1 0 0 -6 2  0 260.786
 0 1 0 0 -3 6  0 264.597
 0 1 0 0 -6 3  0 259.089
 0 1 0 0 -3 5  0 254.297
 0 1 0 0 -7 4  3 261.866
 0 1 0 0 -3 3  0 250.33
 0 1 0 0 -6 4  0 263.849
 0 1 0 0 -3 2  0 264.56
 0 1 0 0 -5 3  0 264.906
 0 1 0 0 -4 3  0 269.047
 0 1 0 0 -5 4  0 275.138
 0 1 0 0 -4 7  3 276.649
 0 1 0 0 -6 5  2 275.842
 0 1 0 0 -5 6  2 272.604
 0 1 0 0 -5 5  0 284.304
 0 1 0 0 -4 5  0 286.6
 0 1 0 0 -4 4  0 285.811
