SCHEME_CODE 0
# CODE  LAYER SENSOR_IX SENSOR_IV  IX  IV TYPE  VALUE
 0 1 0 0 4 -7  3 236.847
 0 1 0 0 5 -6  2 236.527
 0 1 0 0 4 -4  0 232.967
 0 1 0 0 5 -5  0 239.207
 0 1 0 0 4 -3  0 236.213
 0 1 0 0 4 -5  0 238.18
 0 1 0 0 3 -3  0 234.32
 0 1 0 0 5 -4  0 230.44
 0 1 0 0 3 -2  0 235.127
 0 1 0 0 6 -4  0 223.193
 0 1 0 0 3 -1  0 234.24
 0 1 0 0 4 -2  0 234.027
 0 1 0 0 2 -1  0 246.773
 0 1 0 0 5 -2  0 235.587
 0 1 0 0 3 -5  0 235.12
 0 1 0 0 5 -3  0 229.507
 0 1 0 0 3 -4  0 233.253
 0 1 0 0 6 -5  2 233.727
 0 1 0 0 2 -3  0 233.72
 0 1 0 0 7 -3  3 230.827
 0 1 0 0 2 -2  0 237.173
 0 1 0 0 6 -3  0 237.027
 0 1 0 0 2 -4  1 227.687
 0 1 0 0 4 -1  0 233.94
 0 1 0 0 1 -1  0 228.313
 0 1 0 0 3 0  0 228.767
 0 1 0 0 1 0  0 229.127
 0 1 0 0 4 0  0 228.307
 0 1 0 0 6 -2  0 235.947
 0 1 0 0 0 1  0 235.107
 0 1 0 0 5 -1  0 234.84
 0 1 0 0 2 0  0 229.393
 0 1 0 0 6 -1  2 222.56
 0 1 0 0 2 1  0 226.653
 0 1 0 0 5 0  0 230.08
 0 1 0 0 1 1  0 224.14
 0 1 0 0 4 1  0 226.807
 0 1 0 0 0 2  0 234.18
 0 1 0 0 5 1  2 229.433
 0 1 0 0 -1 2  4 232.26
 0 1 0 0 3 2  0 228.78
 0 1 0 0 -2 4  0 229.087
 0 1 0 0 3 1  0 234.847
 0 1 0 0 -1 3  0 232.607
 0 1 0 0 2 2  0 231.853
 0 1 0 0 -1 4  0 231.993
 0 1 0 0 4 2  0 230.907
 0 1 0 0 -3 6  0 226.293
 0 1 0 0 3 3  0 224.047
 0 1 0 0 -2 5  0 233.12
 0 1 0 0 4 3  3 234.78
 0 1 0 0 0 3  0 234.773
 0 1 0 0 2 4  0 224.873
 0 1 0 0 1 2  0 236.747
 0 1 0 0 2 3  0 231.747
 0 1 0 0 1 3  0 228.98
 0 1 0 0 1 4  0 230.153
 0 1 0 0 -1 5  0 226.62
 0 1 0 0 1 5  2 228.867
 0 1 0 0 -2 6  3 220.167
 0 1 0 0 0 5  0 238.22
 0 1 0 0 -1 6  2 231.807
 0 1 0 0 0 4  0 239.487
 0 1 0 0 -4 6  3 226.547
 0 1 0 0 -5 6  2 225.053
 0 1 0 0 -4 4  0 224.147
 0 1 0 0 -5 5  0 230.367
 0 1 0 0 -4 3  0 221.68
 0 1 0 0 -4 5  0 231.847
 0 1 0 0 -3 3  0 228.993
 0 1 0 0 -6 5  2 221.56
 0 1 0 0 -3 2  0 221.06
 0 1 0 0 -5 4  0 229.56
 0 1 0 0 -3 1  0 227.54
 0 1 0 0 -4 2  0 224.56
 0 1 0 0 -2 1  0 229.34
 0 1 0 0 -5 2  0 228.92
 0 1 0 0 -3 5  0 220.82
 0 1 0 0 -5 3  0 226.927
 0 1 0 0 -3 4  0 225.947
 0 1 0 0 -6 4  0 225.24
 0 1 0 0 -2 3  0 227.973
 0 1 0 0 -7 4  3 217.853
 0 1 0 0 -2 2  0 228.107
 0 1 0 0 -6 3  0 226.727
 0 1 0 0 -1 2  1 220.58
 0 1 0 0 -4 1  0 228.52
 0 1 0 0 -1 1  0 226.707
 0 1 0 0 -3 0  0 221.307
 0 1 0 0 -1 0  0 229.333
 0 1 0 0 -4 0  0 226.113
 0 1 0 0 0 0  0 169.96
 0 1 0 0 -6 2  0 219.653
 0 1 0 0 0 -1  0 221.273
 0 1 0 0 -5 1  0 225.16
 0 1 0 0 -2 0  0 224.34
 0 1 0 0 -6 1  2 220.287
 0 1 0 0 -2 -1  0 217.18
 0 1 0 0 -5 0  0 220.613
 0 1 0 0 -1 -1  0 220.613
 0 1 0 0 -4 -1  0 226.433
 0 1 0 0 0 -2  0 225.66
 0 1 0 0 -5 -1  2 227.52
 0 1 0 0 1 -2  0 220.12
 0 1 0 0 -3 -2  0 220.893
 0 1 0 0 2 -4  4 224.38
 0 1 0 0 -3 -1  0 221.513
 0 1 0 0 1 -3  0 221.707
 0 1 0 0 -2 -2  0 225.48
 0 1 0 0 1 -4  0 224.147
 0 1 0 0 -4 -2  0 221.673
 0 1 0 0 3 -6  0 224.34
 0 1 0 0 -3 -3  0 223.48
 0 1 0 0 2 -5  0 222.8
 0 1 0 0 -4 -3  3 221.193
 0 1 0 0 0 -3  0 224.767
 0 1 0 0 -2 -4  0 228.267
 0 1 0 0 -1 -2  0 221.173
 0 1 0 0 -2 -3  0 228.5
 0 1 0 0 -1 -3  0 220.027
 0 1 0 0 -1 -4  0 218.213
 0 1 0 0 1 -5  0 229.553
 0 1 0 0 -1 -5  2 218.42
 0 1 0 0 2 -6  3 227.473
 0 1 0 0 0 -5  0 219.293
 0 1 0 0 1 -6  2 220.4
 0 1 0 0 0 -4  0 219.193
 0 2 0 0 4 -7  3 249.273
 0 2 0 0 5 -6  2 246.953
 0 2 0 0 4 -4  0 244.233
 0 2 0 0 5 -5  0 245.227
 0 2 0 0 4 -3  0 248.853
 0 2 0 0 4 -5  0 243.913
 0 2 0 0 3 -3  0 247.847
 0 2 0 0 5 -4  0 235.913
 0 2 0 0 3 -2  0 243.153
 0 2 0 0 6 -4  0 251.24
 0 2 0 0 3 -1  0 248.88
 0 2 0 0 4 -2  0 241.347
 0 2 0 0 2 -1  0 247.273
 0 2 0 0 5 -2  0 253.813
 0 2 0 0 3 -5  0 247.587
 0 2 0 0 5 -3  0 250.587
 0 2 0 0 3 -4  0 247.813
 0 2 0 0 6 -5  2 244.6
 0 2 0 0 2 -3  0 250.067
 0 2 0 0 7 -3  3 252.927
 0 2 0 0 2 -2  0 250.987
 0 2 0 0 6 -3  0 243.54
 0 2 0 0 2 -4  1 248.24
 0 2 0 0 4 -1  0 252.547
 0 2 0 0 1 -1  0 249.627
 0 2 0 0 3 0  0 254.533
 0 2 0 0 1 0  0 250.133
 0 2 0 0 4 0  0 245.013
 0 2 0 0 6 -2  0 245.78
 0 2 0 0 0 1  0 245.06
 0 2 0 0 5 -1  0 246.887
 0 2 0 0 2 0  0 240.2
 0 2 0 0 6 -1  2 246.767
 0 2 0 0 2 1  0 238.987
 0 2 0 0 5 0  0 244.133
 0 2 0 0 1 1  0 250.553
 0 2 0 0 4 1  0 245.36
 0 2 0 0 0 2  0 244.353
 0 2 0 0 5 1  2 249.96
 0 2 0 0 -1 2  4 248.573
 0 2 0 0 3 2  0 246.08
 0 2 0 0 -2 4  0 236.48
 0 2 0 0 3 1  0 246.247
 0 2 0 0 -1 3  0 248.453
 0 2 0 0 2 2  0 252.447
 0 2 0 0 -1 4  0 246.193
 0 2 0 0 4 2  0 248.053
 0 2 0 0 -3 6  0 243.093
 0 2 0 0 3 3  0 251.3
 0 2 0 0 -2 5  0 240.393
 0 2 0 0 4 3  3 242.393
 0 2 0 0 0 3  0 247.093
 0 2 0 0 2 4  0 247.3
 0 2 0 0 1 2  0 247.867
 0 2 0 0 2 3  0 248.553
 0 2 0 0 1 3  0 252.913
 0 2 0 0 1 4  0 241.707
 0 2 0 0 -1 5  0 241.007
 0 2 0 0 1 5  2 242.527
 0 2 0 0 -2 6  3 247.693
 0 2 0 0 0 5  0 249.48
 0 2 0 0 -1 6  2 255.667
 0 2 0 0 0 4  0 250.473
 0 2 0 0 -4 6  3 229.08
 0 2 0 0 -5 6  2 231.347
 0 2 0 0 -4 4  0 225.887
 0 2 0 0 -5 5  0 222.633
 0 2 0 0 -4 3  0 229.793
 0 2 0 0 -4 5  0 242.22
 0 2 0 0 -3 3  0 229.92
 0 2 0 0 -6 5  2 229.48
 0 2 0 0 -3 2  0 231.84
 0 2 0 0 -5 4  0 228.713
 0 2 0 0 -3 1  0 235.333
 0 2 0 0 -4 2  0 234.393
 0 2 0 0 -2 1  0 228.34
 0 2 0 0 -5 2  0 234.567
 0 2 0 0 -3 5  0 232.153
 0 2 0 0 -5 3  0 235.18
 0 2 0 0 -3 4  0 231.18
 0 2 0 0 -6 4  0 228.327
 0 2 0 0 -2 3  0 229.273
 0 2 0 0 -7 4  3 227.167
 0 2 0 0 -2 2  0 225.927
 0 2 0 0 -6 3  0 232.967
 0 2 0 0 -1 2  1 229.867
 0 2 0 0 -4 1  0 231.387
 0 2 0 0 -1 1  0 226.293
 0 2 0 0 -3 0  0 228.627
 0 2 0 0 -1 0  0 231.747
 0 2 0 0 -4 0  0 232.693
 0 2 0 0 0 0  0 183.32
 0 2 0 0 -6 2  0 225.54
 0 2 0 0 0 -1  0 229.967
 0 2 0 0 -5 1  0 224.967
 0 2 0 0 -2 0  0 231.607
 0 2 0 0 -6 1  2 230.26
 0 2 0 0 -2 -1  0 230.9
 0 2 0 0 -5 0  0 228.427
 0 2 0 0 -1 -1  0 228.8
 0 2 0 0 -4 -1  0 231.233
 0 2 0 0 0 -2  0 231.627
 0 2 0 0 -5 -1  2 227.68
 0 2 0 0 1 -2  0 226.507
 0 2 0 0 -3 -2  0 229.673
 0 2 0 0 2 -4  4 234.78
 0 2 0 0 -3 -1  0 230.427
 0 2 0 0 1 -3  0 238.693
 0 2 0 0 -2 -2  0 230.173
 0 2 0 0 1 -4  0 231.327
 0 2 0 0 -4 -2  0 233.173
 0 2 0 0 3 -6  0 222.493
 0 2 0 0 -3 -3  0 230.233
 0 2 0 0 2 -5  0 229.233
 0 2 0 0 -4 -3  3 234.253
 0 2 0 0 0 -3  0 227.833
 0 2 0 0 -2 -4  0 228.6
 0 2 0 0 -1 -2  0 225.34
 0 2 0 0 -2 -3  0 226.293
 0 2 0 0 -1 -3  0 227.08
 0 2 0 0 -1 -4  0 228.72
 0 2 0 0 1 -5  0 225.453
 0 2 0 0 -1 -5  2 230.793
 0 2 0 0 2 -6  3 225.18
 0 2 0 0 0 -5  0 236.72
 0 2 0 0 1 -6  2 231.567
 0 2 0 0 0 -4  0 224.253
 0 3 0 0 4 -7  3 237.46
 0 3 0 0 4 -5  0 231.647
 0 3 0 0 4 -4  0 222.887
 0 3 0 0 5 -5  0 228.38
 0 3 0 0 4 -3  0 217.747
 0 3 0 0 5 -6  2 220.713
 0 3 0 0 3 -3  0 226.1
 0 3 0 0 4 -2  0 221.227
 0 3 0 0 3 -2  0 219.327
 0 3 0 0 5 -2  0 222.367
 0 3 0 0 3 -1  0 224.313
 0 3 0 0 5 -3  0 224.98
 0 3 0 0 2 -1  0 220.633
 0 3 0 0 5 -4  0 219.547
 0 3 0 0 3 -5  0 224.547
 0 3 0 0 6 -4  0 222.48
 0 3 0 0 3 -4  0 229.52
 0 3 0 0 6 -5  2 223.753
 0 3 0 0 2 -3  0 223.567
 0 3 0 0 7 -3  3 220.027
 0 3 0 0 2 -2  0 219.84
 0 3 0 0 6 -3  0 222.967
 0 3 0 0 1 -1  0 216.687
 0 3 0 0 4 -1  0 222.82
 0 3 0 0 1 0  0 230.147
 0 3 0 0 3 0  0 220.573
 0 3 0 0 -1 2  1 224.507
 0 3 0 0 4 0  0 226.987
 0 3 0 0 6 -2  0 227.26
 0 3 0 0 0 1  0 224.18
 0 3 0 0 5 -1  0 228.747
 0 3 0 0 2 0  0 224.727
 0 3 0 0 6 -1  2 218.52
 0 3 0 0 2 1  0 218.827
 0 3 0 0 5 0  0 223.227
 0 3 0 0 1 1  0 224.16
 0 3 0 0 4 1  0 218.713
 0 3 0 0 0 2  0 230.193
 0 3 0 0 5 1  2 219.493
 0 3 0 0 -1 2  4 216.187
 0 3 0 0 3 2  0 218.053
 0 3 0 0 -2 4  0 218.107
 0 3 0 0 3 1  0 228.033
 0 3 0 0 -1 3  0 223.487
 0 3 0 0 2 2  0 219.54
 0 3 0 0 -1 4  0 224.88
 0 3 0 0 4 2  0 224.027
 0 3 0 0 -3 6  0 229.76
 0 3 0 0 3 3  0 224.113
 0 3 0 0 -2 5  0 216.293
 0 3 0 0 4 3  3 219.107
 0 3 0 0 0 3  0 219.867
 0 3 0 0 2 4  0 217.807
 0 3 0 0 1 2  0 226.047
 0 3 0 0 2 3  0 219.547
 0 3 0 0 1 3  0 218.287
 0 3 0 0 1 4  0 225.347
 0 3 0 0 -2 6  3 218.087
 0 3 0 0 1 5  2 213.72
 0 3 0 0 -1 6  2 220.22
 0 3 0 0 0 5  0 220.48
 0 3 0 0 -1 5  0 227.353
 0 3 0 0 0 4  0 228.02
 0 3 0 0 -4 6  3 226.4
 0 3 0 0 -4 5  0 225.46
 0 3 0 0 -4 4  0 213.047
 0 3 0 0 -5 5  0 225.873
 0 3 0 0 -4 3  0 219.22
 0 3 0 0 -5 6  2 218.853
 0 3 0 0 -3 3  0 220.94
 0 3 0 0 -4 2  0 234.233
 0 3 0 0 -3 2  0 223.247
 0 3 0 0 -5 2  0 246.527
 0 3 0 0 -3 1  0 223.573
 0 3 0 0 -5 3  0 222.96
 0 3 0 0 -2 1  0 226.467
 0 3 0 0 -6 5  2 231.76
 0 3 0 0 -3 5  0 228.2
 0 3 0 0 -5 4  0 226.013
 0 3 0 0 -3 4  0 223.767
 0 3 0 0 -6 4  0 226.8
 0 3 0 0 -2 3  0 220.307
 0 3 0 0 -7 4  3 227.94
 0 3 0 0 -2 2  0 219.58
 0 3 0 0 -6 3  0 220.187
 0 3 0 0 -1 1  0 222.5
 0 3 0 0 -4 1  0 230.3
 0 3 0 0 -1 0  0 223.547
 0 3 0 0 -3 0  0 220.847
 0 3 0 0 0 0  0 220.413
 0 3 0 0 -4 0  0 215.88
 0 3 0 0 1 -2  0 168.473
 0 3 0 0 -6 2  0 233
 0 3 0 0 0 -1  0 219.393
 0 3 0 0 -5 1  0 225.113
 0 3 0 0 -2 0  0 215.853
 0 3 0 0 -6 1  2 216.433
 0 3 0 0 -2 -1  0 218.94
 0 3 0 0 -5 0  0 217.36
 0 3 0 0 -1 -1  0 223.167
 0 3 0 0 -4 -1  0 214.413
 0 3 0 0 0 -2  0 226.293
 0 3 0 0 -5 -1  2 224.707
 0 3 0 0 2 -4  1 220.113
 0 3 0 0 -3 -2  0 221.593
 0 3 0 0 2 -4  4 222.893
 0 3 0 0 -3 -1  0 221.927
 0 3 0 0 1 -3  0 228.327
 0 3 0 0 -2 -2  0 223.747
 0 3 0 0 1 -4  0 216.34
 0 3 0 0 -4 -2  0 222.973
 0 3 0 0 3 -6  0 216.953
 0 3 0 0 -3 -3  0 218.44
 0 3 0 0 2 -5  0 221.593
 0 3 0 0 -3 -4  3 216.307
 0 3 0 0 0 -3  0 225.887
 0 3 0 0 -2 -4  0 217.767
 0 3 0 0 -1 -2  0 217.473
 0 3 0 0 -2 -3  0 217.307
 0 3 0 0 -1 -3  0 217.887
 0 3 0 0 -1 -4  0 215.64
 0 3 0 0 3 -7  3 218.993
 0 3 0 0 -1 -5  2 222.927
 0 3 0 0 1 -6  2 218.44
 0 3 0 0 0 -5  0 221.72
 0 3 0 0 1 -5  0 225.333
 0 3 0 0 0 -4  0 225.733
 0 4 0 0 4 -7  3 237.839
 0 4 0 0 4 -5  0 241.53
 0 4 0 0 4 -4  0 236.544
 0 4 0 0 5 -5  0 251.946
 0 4 0 0 4 -3  0 244.705
 0 4 0 0 5 -6  2 245.57
 0 4 0 0 3 -3  0 246.121
 0 4 0 0 4 -2  0 244.893
 0 4 0 0 3 -2  0 242.792
 0 4 0 0 5 -2  0 245.289
 0 4 0 0 3 -1  0 248.718
 0 4 0 0 5 -3  0 237.148
 0 4 0 0 2 -1  0 241.235
 0 4 0 0 5 -4  0 243.101
 0 4 0 0 3 -5  0 234.584
 0 4 0 0 6 -4  0 251.101
 0 4 0 0 3 -4  0 242.725
 0 4 0 0 6 -5  2 237.886
 0 4 0 0 2 -3  0 242.43
 0 4 0 0 7 -3  3 237.262
 0 4 0 0 2 -2  0 246.584
 0 4 0 0 6 -3  0 244.852
 0 4 0 0 1 -1  0 249.577
 0 4 0 0 4 -1  0 246.685
 0 4 0 0 1 0  0 247.436
 0 4 0 0 3 0  0 245.094
 0 4 0 0 -1 2  1 235.302
 0 4 0 0 4 0  0 246.752
 0 4 0 0 6 -2  0 250.047
 0 4 0 0 0 1  0 244.161
 0 4 0 0 5 -1  0 244.45
 0 4 0 0 2 0  0 242.315
 0 4 0 0 6 -1  2 249.51
 0 4 0 0 2 1  0 242.215
 0 4 0 0 5 0  0 243.738
 0 4 0 0 1 1  0 243.926
 0 4 0 0 4 1  0 241.544
 0 4 0 0 0 2  0 244.752
 0 4 0 0 5 1  2 241.208
 0 4 0 0 -1 2  4 244.886
 0 4 0 0 3 2  0 240.792
 0 4 0 0 -2 4  0 239.658
 0 4 0 0 3 1  0 240.436
 0 4 0 0 -1 3  0 250.866
 0 4 0 0 2 2  0 242.96
 0 4 0 0 -1 4  0 245.074
 0 4 0 0 4 2  0 240.161
 0 4 0 0 -3 6  0 247.027
 0 4 0 0 3 3  0 244.228
 0 4 0 0 -2 5  0 242.188
 0 4 0 0 4 3  3 245.718
 0 4 0 0 0 3  0 240.779
 0 4 0 0 2 4  0 246.262
 0 4 0 0 1 2  0 244.705
 0 4 0 0 2 3  0 243.832
 0 4 0 0 1 3  0 239.523
 0 4 0 0 1 4  0 243.409
 0 4 0 0 -2 6  3 242.47
 0 4 0 0 1 5  2 245.369
 0 4 0 0 -1 6  2 239.664
 0 4 0 0 0 5  0 241.893
 0 4 0 0 -1 5  0 239.322
 0 4 0 0 0 4  0 238.027
 0 4 0 0 -4 6  3 233.919
 0 4 0 0 -4 5  0 245.685
 0 4 0 0 -4 4  0 236.866
 0 4 0 0 -5 5  0 236.718
 0 4 0 0 -4 3  0 236.758
 0 4 0 0 -5 6  2 237.423
 0 4 0 0 -3 3  0 240.302
 0 4 0 0 -4 2  0 242.114
 0 4 0 0 -3 2  0 239.215
 0 4 0 0 -5 2  0 261.208
 0 4 0 0 -3 1  0 237.161
 0 4 0 0 -5 3  0 245.973
 0 4 0 0 -2 1  0 241.06
 0 4 0 0 -6 5  2 241.993
 0 4 0 0 -3 5  0 237.416
 0 4 0 0 -5 4  0 241.779
 0 4 0 0 -3 4  0 236.215
 0 4 0 0 -6 4  0 242
 0 4 0 0 -2 3  0 235.43
 0 4 0 0 -7 4  3 242.235
 0 4 0 0 -2 2  0 237.383
 0 4 0 0 -6 3  0 240.45
 0 4 0 0 -1 1  0 238.383
 0 4 0 0 -4 1  0 245.651
 0 4 0 0 -1 0  0 230.215
 0 4 0 0 -3 0  0 238.812
 0 4 0 0 0 0  0 232
 0 4 0 0 -4 0  0 239.215
 0 4 0 0 1 -2  0 187.678
 0 4 0 0 -6 2  0 247.295
 0 4 0 0 0 -1  0 234.503
 0 4 0 0 -5 1  0 242.43
 0 4 0 0 -2 0  0 235.081
 0 4 0 0 -6 1  2 235.685
 0 4 0 0 -2 -1  0 238.826
 0 4 0 0 -5 0  0 241.644
 0 4 0 0 -1 -1  0 232.51
 0 4 0 0 -4 -1  0 235.235
 0 4 0 0 0 -2  0 232.819
 0 4 0 0 -5 -1  2 239.698
 0 4 0 0 2 -4  1 235.282
 0 4 0 0 -3 -2  0 232.523
 0 4 0 0 2 -4  4 233.121
 0 4 0 0 -3 -1  0 242.879
 0 4 0 0 1 -3  0 235.423
 0 4 0 0 -2 -2  0 237.013
 0 4 0 0 1 -4  0 232.389
 0 4 0 0 -4 -2  0 234.45
 0 4 0 0 3 -6  0 239.114
 0 4 0 0 -3 -3  0 232.752
 0 4 0 0 2 -5  0 239.906
 0 4 0 0 -3 -4  3 231.691
 0 4 0 0 0 -3  0 231.034
 0 4 0 0 -2 -4  0 237.376
 0 4 0 0 -1 -2  0 234.523
 0 4 0 0 -2 -3  0 229.148
 0 4 0 0 -1 -3  0 235.255
 0 4 0 0 -1 -4  0 238.711
 0 4 0 0 3 -7  3 230.987
 0 4 0 0 -1 -5  2 229.678
 0 4 0 0 1 -6  2 236.752
 0 4 0 0 0 -5  0 237.886
 0 4 0 0 1 -5  0 233.081
 0 4 0 0 0 -4  0 231.309
