SCHEME_CODE 0
# CODE  LAYER SENSOR_IX SENSOR_IV  IX  IV TYPE  VALUE
 0 1 0 0 -3 7  3 299.882
 0 1 0 0 -1 5  0 307.012
 0 1 0 0 0 4  0 297.055
 0 1 0 0 0 5  0 295.508
 0 1 0 0 1 3  0 291.956
 0 1 0 0 -1 6  2 279.597
 0 1 0 0 0 3  0 276.961
 0 1 0 0 2 2  0 281.907
 0 1 0 0 1 2  0 287.287
 0 1 0 0 3 2  0 283.839
 0 1 0 0 2 1  0 271.848
 0 1 0 0 2 3  0 274.822
 0 1 0 0 1 1  0 277.355
 0 1 0 0 1 4  0 271.656
 0 1 0 0 -2 5  0 276.334
 0 1 0 0 2 4  0 274.948
 0 1 0 0 -1 4  0 270.067
 0 1 0 0 1 5  2 273.129
 0 1 0 0 -1 3  0 275.767
 0 1 0 0 4 3  3 272.141
 0 1 0 0 0 2  0 279.543
 0 1 0 0 3 3  0 275.502
 0 1 0 0 0 1  0 273.137
 0 1 0 0 3 1  0 279.953
 0 1 0 0 1 0  0 279.674
 0 1 0 0 3 0  0 282.842
 0 1 0 0 1 -2  1 282.861
 0 1 0 0 4 0  0 278.779
 0 1 0 0 4 2  0 294.954
 0 1 0 0 1 -1  0 303.252
 0 1 0 0 4 1  0 305.19
 0 1 0 0 2 0  0 295.67
 0 1 0 0 5 1  2 308.365
 0 1 0 0 3 -1  0 309.805
 0 1 0 0 5 0  0 299.608
 0 1 0 0 2 -1  0 293.79
 0 1 0 0 5 -1  0 291.819
 0 1 0 0 2 -2  0 293.244
 0 1 0 0 6 -1  2 285.575
 0 1 0 0 1 -2  4 285.797
 0 1 0 0 5 -2  0 277.379
 0 1 0 0 2 -4  0 280.327
 0 1 0 0 4 -1  0 281.262
 0 1 0 0 2 -3  0 273.643
 0 1 0 0 4 -2  0 283.167
 0 1 0 0 3 -4  0 284.685
 0 1 0 0 6 -2  0 276.699
 0 1 0 0 3 -6  0 285.522
 0 1 0 0 6 -3  0 280.873
 0 1 0 0 3 -5  0 279.554
 0 1 0 0 7 -3  3 279.584
 0 1 0 0 3 -3  0 272.024
 0 1 0 0 6 -4  0 275.262
 0 1 0 0 3 -2  0 283.87
 0 1 0 0 5 -3  0 287.355
 0 1 0 0 4 -3  0 284.776
 0 1 0 0 5 -4  0 289.684
 0 1 0 0 4 -6  3 289.885
 0 1 0 0 6 -5  2 291.26
 0 1 0 0 5 -6  2 301.17
 0 1 0 0 5 -5  0 302.081
 0 1 0 0 4 -5  0 306.466
 0 1 0 0 4 -4  0 305.793
 0 1 0 0 2 -6  3 3125.92
 0 1 0 0 1 -5  0 255.648
 0 1 0 0 0 -4  0 254.851
 0 1 0 0 0 -5  0 253.932
 0 1 0 0 -1 -3  0 245.929
 0 1 0 0 1 -6  2 245.818
 0 1 0 0 0 -3  0 239.593
 0 1 0 0 -2 -2  0 242.515
 0 1 0 0 -1 -2  0 245.289
 0 1 0 0 -3 -2  0 238.965
 0 1 0 0 -2 -1  0 237.701
 0 1 0 0 -2 -3  0 237.654
 0 1 0 0 -1 -1  0 237.997
 0 1 0 0 -1 -5  2 236.322
 0 1 0 0 2 -5  0 230.023
 0 1 0 0 -1 -4  0 232.347
 0 1 0 0 1 -4  0 237.777
 0 1 0 0 -2 -4  0 236.342
 0 1 0 0 1 -3  0 237.512
 0 1 0 0 -3 -4  3 238.223
 0 1 0 0 0 -2  0 232.792
 0 1 0 0 -3 -3  0 226.77
 0 1 0 0 0 -1  0 231.31
 0 1 0 0 -3 -1  0 232.42
 0 1 0 0 -1 0  0 235.027
 0 1 0 0 -3 0  0 239.909
 0 1 0 0 0 0  0 238.822
 0 1 0 0 -4 0  0 245.963
 0 1 0 0 -1 2  0 238.198
 0 1 0 0 -4 -2  0 248.356
 0 1 0 0 -1 1  0 258.254
 0 1 0 0 -4 -1  0 258.687
 0 1 0 0 -2 0  2 263.199
 0 1 0 0 -5 -1  0 265.148
 0 1 0 0 -3 1  0 259.618
 0 1 0 0 -5 0  0 255.583
 0 1 0 0 -2 1  0 262.27
 0 1 0 0 -5 1  0 255.648
 0 1 0 0 -2 2  2 255.599
 0 1 0 0 -6 1  1 245.475
 0 1 0 0 -2 4  0 238.721
 0 1 0 0 -5 2  4 242.85
 0 1 0 0 -2 4  0 0
 0 1 0 0 -4 1  0 238.811
 0 1 0 0 -2 3  0 235.299
 0 1 0 0 -4 2  0 237.27
 0 1 0 0 -3 4  0 239.726
 0 1 0 0 -6 2  0 229.398
 0 1 0 0 -3 6  0 234.018
 0 1 0 0 -6 3  0 242.635
 0 1 0 0 -3 5  3 233.547
 0 1 0 0 -7 4  3 241.229
 0 1 0 0 -3 3  0 240.583
 0 1 0 0 -6 4  0 250.644
 0 1 0 0 -3 2  0 241.008
 0 1 0 0 -5 3  0 243.063
 0 1 0 0 -4 3  0 249.532
 0 1 0 0 -5 4  3 247.421
 0 1 0 0 -4 7  3 256.701
 0 1 0 0 -6 5  2 260.238
 0 1 0 0 -5 6  0 258.392
 0 1 0 0 -5 5  0 259.413
 0 1 0 0 -4 5  0 257.783
 0 1 0 0 -4 4  3 260.467
 0 2 0 0 4 -7  3 628.32
 0 2 0 0 4 -5  0 296.936
 0 2 0 0 4 -4  0 285.173
 0 2 0 0 5 -5  0 289.238
 0 2 0 0 4 -3  0 288.537
 0 2 0 0 5 -6  2 282.353
 0 2 0 0 3 -3  0 278.262
 0 2 0 0 4 -2  0 271.56
 0 2 0 0 3 -2  0 279.717
 0 2 0 0 5 -2  0 270.962
 0 2 0 0 3 -1  0 274.83
 0 2 0 0 5 -3  0 276.625
 0 2 0 0 2 -1  0 269.877
 0 2 0 0 5 -4  0 275.165
 0 2 0 0 3 -5  0 267.985
 0 2 0 0 6 -4  0 270.373
 0 2 0 0 3 -4  0 273.213
 0 2 0 0 6 -5  2 270.314
 0 2 0 0 2 -3  0 270.1
 0 2 0 0 7 -3  3 272.824
 0 2 0 0 2 -2  0 265.216
 0 2 0 0 6 -3  0 268.605
 0 2 0 0 1 -1  0 265.852
 0 2 0 0 4 -1  0 274.163
 0 2 0 0 1 0  0 272.205
 0 2 0 0 3 0  0 278.749
 0 2 0 0 -1 2  1 269.663
 0 2 0 0 4 0  0 273.553
 0 2 0 0 6 -2  0 271.477
 0 2 0 0 0 1  0 283.603
 0 2 0 0 5 -1  0 284.863
 0 2 0 0 2 0  0 295.195
 0 2 0 0 6 -1  2 295.774
 0 2 0 0 2 1  0 301.303
 0 2 0 0 5 0  0 302.431
 0 2 0 0 1 1  0 293.923
 0 2 0 0 4 1  0 292.703
 0 2 0 0 0 2  0 284.357
 0 2 0 0 5 1  2 282.544
 0 2 0 0 -1 2  4 271.939
 0 2 0 0 3 2  0 278.445
 0 2 0 0 -2 4  0 268.528
 0 2 0 0 3 1  0 268.4
 0 2 0 0 -1 3  0 269.918
 0 2 0 0 2 2  0 266.69
 0 2 0 0 -1 4  0 274.209
 0 2 0 0 4 2  0 273.916
 0 2 0 0 -3 6  0 275.598
 0 2 0 0 3 3  0 275.902
 0 2 0 0 -2 5  0 277.556
 0 2 0 0 4 3  3 264.424
 0 2 0 0 0 3  0 272.488
 0 2 0 0 2 4  0 280.483
 0 2 0 0 1 2  0 280.662
 0 2 0 0 2 3  0 270.711
 0 2 0 0 1 3  0 279.895
 0 2 0 0 1 4  0 272.688
 0 2 0 0 -2 6  3 282.567
 0 2 0 0 1 5  2 283.934
 0 2 0 0 -1 6  2 291.949
 0 2 0 0 0 5  0 292.352
 0 2 0 0 -1 5  0 296.428
 0 2 0 0 0 4  0 299.572
 0 2 0 0 -4 6  3 263.459
 0 2 0 0 -4 5  0 253.157
 0 2 0 0 -4 4  0 261.293
 0 2 0 0 -5 5  0 256.479
 0 2 0 0 -4 3  0 248.748
 0 2 0 0 -5 6  2 244.059
 0 2 0 0 -3 3  0 242.178
 0 2 0 0 -4 2  0 237.691
 0 2 0 0 -3 2  0 241.752
 0 2 0 0 -5 2  0 239.365
 0 2 0 0 -3 1  0 239.723
 0 2 0 0 -5 3  0 232.578
 0 2 0 0 -2 1  0 236.64
 0 2 0 0 -6 5  2 232.601
 0 2 0 0 -3 5  0 232.1
 0 2 0 0 -5 4  0 243.109
 0 2 0 0 -3 4  0 241.377
 0 2 0 0 -6 4  0 232.551
 0 2 0 0 -2 3  0 234.327
 0 2 0 0 -7 4  3 233.118
 0 2 0 0 -2 2  0 233.58
 0 2 0 0 -6 3  0 231.098
 0 2 0 0 -1 1  0 234.743
 0 2 0 0 -4 1  0 235.757
 0 2 0 0 -1 0  0 239.76
 0 2 0 0 -3 0  0 230.826
 0 2 0 0 0 0  0 244.665
 0 2 0 0 -4 0  0 252.064
 0 2 0 0 1 -2  0 245.105
 0 2 0 0 -6 2  0 256.736
 0 2 0 0 0 -1  0 261.266
 0 2 0 0 -5 1  0 265.593
 0 2 0 0 -2 0  0 263.519
 0 2 0 0 -6 1  2 269.888
 0 2 0 0 -2 -1  0 270.336
 0 2 0 0 -5 0  0 265.91
 0 2 0 0 -1 -1  0 253.947
 0 2 0 0 -4 -1  0 247.765
 0 2 0 0 0 -2  0 247.62
 0 2 0 0 -5 -1  2 238.928
 0 2 0 0 2 -4  1 252.521
 0 2 0 0 -3 -2  0 251.032
 0 2 0 0 2 -4  4 243.855
 0 2 0 0 -3 -1  0 251.584
 0 2 0 0 1 -3  0 243.558
 0 2 0 0 -2 -2  0 236.123
 0 2 0 0 1 -4  0 235.643
 0 2 0 0 -4 -2  0 238.772
 0 2 0 0 3 -6  0 239.54
 0 2 0 0 -3 -3  0 245.172
 0 2 0 0 2 -5  0 243.282
 0 2 0 0 -3 -4  3 248.488
 0 2 0 0 0 -3  0 244.697
 0 2 0 0 -2 -4  0 243.03
 0 2 0 0 -1 -2  0 244.537
 0 2 0 0 -2 -3  0 243.786
 0 2 0 0 -1 -3  0 247.909
 0 2 0 0 -1 -4  0 243.211
 0 2 0 0 3 -7  3 258.5
 0 2 0 0 -1 -5  2 272.487
 0 2 0 0 1 -6  2 263.469
 0 2 0 0 0 -5  0 263.748
 0 2 0 0 1 -5  0 261.397
 0 2 0 0 0 -4  0 265.154
 0 3 0 0 -3 7  3 1856.18
 0 3 0 0 -1 5  0 271.188
 0 3 0 0 0 4  0 269.954
 0 3 0 0 0 5  0 264.63
 0 3 0 0 1 3  0 265.332
 0 3 0 0 -1 6  2 257.25
 0 3 0 0 0 3  0 256.766
 0 3 0 0 2 2  0 250.496
 0 3 0 0 1 2  0 251.999
 0 3 0 0 3 2  0 249.197
 0 3 0 0 2 1  0 246.618
 0 3 0 0 2 3  0 246.865
 0 3 0 0 1 1  0 245.101
 0 3 0 0 1 4  0 236.162
 0 3 0 0 -2 5  0 246.778
 0 3 0 0 2 4  0 245.921
 0 3 0 0 -1 4  0 247.855
 0 3 0 0 1 5  2 233.966
 0 3 0 0 -1 3  0 248.71
 0 3 0 0 4 3  3 233.498
 0 3 0 0 0 2  0 243.102
 0 3 0 0 3 3  0 240.71
 0 3 0 0 0 1  0 245.099
 0 3 0 0 3 1  0 243.628
 0 3 0 0 1 0  0 246.76
 0 3 0 0 3 0  0 243.763
 0 3 0 0 1 -2  1 246.782
 0 3 0 0 4 0  0 247.561
 0 3 0 0 4 2  0 251.535
 0 3 0 0 1 -1  0 253.067
 0 3 0 0 4 1  0 270.721
 0 3 0 0 2 0  0 265.873
 0 3 0 0 5 1  2 277.777
 0 3 0 0 3 -1  0 280.909
 0 3 0 0 5 0  0 279.94
 0 3 0 0 2 -1  0 269.238
 0 3 0 0 5 -1  0 270.876
 0 3 0 0 2 -2  0 258.366
 0 3 0 0 6 -1  2 258.463
 0 3 0 0 1 -2  4 255.425
 0 3 0 0 5 -2  0 250.842
 0 3 0 0 2 -4  0 251.558
 0 3 0 0 4 -1  0 247.912
 0 3 0 0 2 -3  0 251.866
 0 3 0 0 4 -2  0 249.097
 0 3 0 0 3 -4  0 254.51
 0 3 0 0 6 -2  0 253.352
 0 3 0 0 3 -6  0 248.385
 0 3 0 0 6 -3  0 249.877
 0 3 0 0 3 -5  0 243.692
 0 3 0 0 7 -3  3 253.249
 0 3 0 0 3 -3  0 244.373
 0 3 0 0 6 -4  0 250.581
 0 3 0 0 3 -2  0 247.431
 0 3 0 0 5 -3  0 254.007
 0 3 0 0 4 -3  0 254.587
 0 3 0 0 5 -4  0 254.212
 0 3 0 0 4 -6  3 262.324
 0 3 0 0 6 -5  2 260.003
 0 3 0 0 5 -6  2 273.452
 0 3 0 0 5 -5  0 276.418
 0 3 0 0 4 -5  0 271.219
 0 3 0 0 4 -4  0 272.406
 0 3 0 0 2 -6  3 261.239
 0 3 0 0 1 -5  0 257.911
 0 3 0 0 0 -4  0 252.543
 0 3 0 0 0 -5  0 247.626
 0 3 0 0 -1 -3  0 241.48
 0 3 0 0 1 -6  2 244.511
 0 3 0 0 0 -3  0 241.047
 0 3 0 0 -2 -2  0 238.12
 0 3 0 0 -1 -2  0 239.744
 0 3 0 0 -3 -2  0 240.661
 0 3 0 0 -2 -1  0 245.931
 0 3 0 0 -2 -3  0 231.354
 0 3 0 0 -1 -1  0 236.19
 0 3 0 0 -1 -5  2 236.604
 0 3 0 0 2 -5  0 239.642
 0 3 0 0 -1 -4  0 235.197
 0 3 0 0 1 -4  0 236.157
 0 3 0 0 -2 -4  0 231.985
 0 3 0 0 1 -3  0 238.653
 0 3 0 0 -3 -4  3 238.843
 0 3 0 0 0 -2  0 233.01
 0 3 0 0 -3 -3  0 239.025
 0 3 0 0 0 -1  0 228.579
 0 3 0 0 -3 -1  0 231.429
 0 3 0 0 -1 0  0 243.216
 0 3 0 0 -3 0  0 247.161
 0 3 0 0 0 0  0 244.563
 0 3 0 0 -4 0  0 249.604
 0 3 0 0 -1 2  0 247.486
 0 3 0 0 -4 -2  0 253.555
 0 3 0 0 -1 1  0 256.401
 0 3 0 0 -4 -1  0 270.203
 0 3 0 0 -2 0  2 259.016
 0 3 0 0 -5 -1  0 271.701
 0 3 0 0 -3 1  0 272.751
 0 3 0 0 -5 0  0 257.678
 0 3 0 0 -2 1  0 264.299
 0 3 0 0 -5 1  0 253.223
 0 3 0 0 -2 2  2 253.079
 0 3 0 0 -6 1  1 247.528
 0 3 0 0 -2 4  0 245.7
 0 3 0 0 -5 2  4 245.653
 0 3 0 0 -2 4  0 0
 0 3 0 0 -4 1  0 239.463
 0 3 0 0 -2 3  0 242.587
 0 3 0 0 -4 2  0 242.647
 0 3 0 0 -3 4  0 239.538
 0 3 0 0 -6 2  0 239.73
 0 3 0 0 -3 6  0 246.181
 0 3 0 0 -6 3  0 241.847
 0 3 0 0 -3 5  3 246.156
 0 3 0 0 -7 4  3 250.733
 0 3 0 0 -3 3  0 260.868
 0 3 0 0 -6 4  0 252.902
 0 3 0 0 -3 2  0 260.543
 0 3 0 0 -5 3  0 266.915
 0 3 0 0 -4 3  0 259.118
 0 3 0 0 -5 4  3 265.12
 0 3 0 0 -4 7  3 270.067
 0 3 0 0 -6 5  2 265.413
 0 3 0 0 -5 6  0 269.277
 0 3 0 0 -5 5  0 267.345
 0 3 0 0 -4 5  0 266.429
 0 3 0 0 -4 4  3 263.028
 0 4 0 0 4 -7  3 628.32
 0 4 0 0 4 -5  0 276.381
 0 4 0 0 4 -4  0 269.2
 0 4 0 0 5 -5  0 263.401
 0 4 0 0 4 -3  0 264.823
 0 4 0 0 5 -6  2 254.13
 0 4 0 0 3 -3  0 253.175
 0 4 0 0 4 -2  0 253.349
 0 4 0 0 3 -2  0 246.406
 0 4 0 0 5 -2  0 247.605
 0 4 0 0 3 -1  0 253.856
 0 4 0 0 5 -3  0 240.572
 0 4 0 0 2 -1  0 252.536
 0 4 0 0 5 -4  0 245.548
 0 4 0 0 3 -5  0 247.764
 0 4 0 0 6 -4  0 246.938
 0 4 0 0 3 -4  0 240.739
 0 4 0 0 6 -5  2 241.441
 0 4 0 0 2 -3  0 238.048
 0 4 0 0 7 -3  3 244.052
 0 4 0 0 2 -2  0 237.488
 0 4 0 0 6 -3  0 240.139
 0 4 0 0 1 -1  0 242.84
 0 4 0 0 4 -1  0 239.685
 0 4 0 0 1 0  0 238.406
 0 4 0 0 3 0  0 246.557
 0 4 0 0 -1 2  1 243.553
 0 4 0 0 4 0  0 249.254
 0 4 0 0 6 -2  0 246.322
 0 4 0 0 0 1  0 255.871
 0 4 0 0 5 -1  0 263.83
 0 4 0 0 2 0  0 265.217
 0 4 0 0 6 -1  2 277.122
 0 4 0 0 2 1  0 281.541
 0 4 0 0 5 0  0 274.433
 0 4 0 0 1 1  0 260.746
 0 4 0 0 4 1  0 265.444
 0 4 0 0 0 2  0 254.458
 0 4 0 0 5 1  2 257.565
 0 4 0 0 -1 2  4 255.295
 0 4 0 0 3 2  0 236.259
 0 4 0 0 -2 4  0 247.112
 0 4 0 0 3 1  0 242.759
 0 4 0 0 -1 3  0 241.283
 0 4 0 0 2 2  0 246.732
 0 4 0 0 -1 4  0 238.514
 0 4 0 0 4 2  0 245.759
 0 4 0 0 -3 6  0 242.07
 0 4 0 0 3 3  0 247.867
 0 4 0 0 -2 5  0 246.378
 0 4 0 0 4 3  3 242.399
 0 4 0 0 0 3  0 246.282
 0 4 0 0 2 4  0 246.007
 0 4 0 0 1 2  0 248.604
 0 4 0 0 2 3  0 250.004
 0 4 0 0 1 3  0 251.08
 0 4 0 0 1 4  0 250.067
 0 4 0 0 -2 6  3 262.008
 0 4 0 0 1 5  2 268.207
 0 4 0 0 -1 6  2 275.269
 0 4 0 0 0 5  0 268.947
 0 4 0 0 -1 5  0 268.067
 0 4 0 0 0 4  0 268.951
 0 4 0 0 -4 6  3 262.319
 0 4 0 0 -4 5  0 248.673
 0 4 0 0 -4 4  0 251.258
 0 4 0 0 -5 5  0 246.306
 0 4 0 0 -4 3  0 240.724
 0 4 0 0 -5 6  2 240.876
 0 4 0 0 -3 3  0 235.016
 0 4 0 0 -4 2  0 230.406
 0 4 0 0 -3 2  0 233.018
 0 4 0 0 -5 2  0 227.803
 0 4 0 0 -3 1  0 229.648
 0 4 0 0 -5 3  0 230.633
 0 4 0 0 -2 1  0 229.822
 0 4 0 0 -6 5  2 231.625
 0 4 0 0 -3 5  0 228.521
 0 4 0 0 -5 4  0 229.382
 0 4 0 0 -3 4  0 226.822
 0 4 0 0 -6 4  0 224.588
 0 4 0 0 -2 3  0 226.884
 0 4 0 0 -7 4  3 226.327
 0 4 0 0 -2 2  0 222.397
 0 4 0 0 -6 3  0 225.113
 0 4 0 0 -1 1  0 233.426
 0 4 0 0 -4 1  0 230.439
 0 4 0 0 -1 0  0 230.578
 0 4 0 0 -3 0  0 233.252
 0 4 0 0 0 0  0 235.184
 0 4 0 0 -4 0  0 240.857
 0 4 0 0 1 -2  0 234.803
 0 4 0 0 -6 2  0 245.275
 0 4 0 0 0 -1  0 250.993
 0 4 0 0 -5 1  0 258.308
 0 4 0 0 -2 0  0 255.523
 0 4 0 0 -6 1  2 258.742
 0 4 0 0 -2 -1  0 256.939
 0 4 0 0 -5 0  0 261.486
 0 4 0 0 -1 -1  0 253.478
 0 4 0 0 -4 -1  0 248.099
 0 4 0 0 0 -2  0 241.21
 0 4 0 0 -5 -1  2 231.578
 0 4 0 0 2 -4  1 235.012
 0 4 0 0 -3 -2  0 234.583
 0 4 0 0 2 -4  4 231.987
 0 4 0 0 -3 -1  0 235.368
 0 4 0 0 1 -3  0 226.394
 0 4 0 0 -2 -2  0 233.99
 0 4 0 0 1 -4  0 234.714
 0 4 0 0 -4 -2  0 224.305
 0 4 0 0 3 -6  0 235.484
 0 4 0 0 -3 -3  0 232.817
 0 4 0 0 2 -5  0 233.965
 0 4 0 0 -3 -4  3 236.108
 0 4 0 0 0 -3  0 230.541
 0 4 0 0 -2 -4  0 237.627
 0 4 0 0 -1 -2  0 239.346
 0 4 0 0 -2 -3  0 234.962
 0 4 0 0 -1 -3  0 248.506
 0 4 0 0 -1 -4  0 254.776
 0 4 0 0 3 -7  3 244.584
 0 4 0 0 -1 -5  2 252.708
 0 4 0 0 1 -6  2 257.694
 0 4 0 0 0 -5  0 253.425
 0 4 0 0 1 -5  0 268.772
 0 4 0 0 0 -4  0 256.498
 0 5 0 0 -3 7  3 1856.18
 0 5 0 0 -1 5  0 260.682
 0 5 0 0 0 4  0 263.673
 0 5 0 0 0 5  0 260.442
 0 5 0 0 1 3  0 263.401
 0 5 0 0 -1 6  2 252.754
 0 5 0 0 0 3  0 254.298
 0 5 0 0 2 2  0 248.735
 0 5 0 0 1 2  0 245.742
 0 5 0 0 3 2  0 244.618
 0 5 0 0 2 1  0 243.718
 0 5 0 0 2 3  0 241.997
 0 5 0 0 1 1  0 238.317
 0 5 0 0 1 4  0 237.798
 0 5 0 0 -2 5  0 242.741
 0 5 0 0 2 4  0 236.107
 0 5 0 0 -1 4  0 231.707
 0 5 0 0 1 5  2 233.297
 0 5 0 0 -1 3  0 237.603
 0 5 0 0 4 3  3 237.88
 0 5 0 0 0 2  0 239.987
 0 5 0 0 3 3  0 240.791
 0 5 0 0 0 1  0 238.061
 0 5 0 0 3 1  0 238.893
 0 5 0 0 1 0  0 240.933
 0 5 0 0 3 0  0 238.165
 0 5 0 0 1 -2  1 237.283
 0 5 0 0 4 0  0 240.232
 0 5 0 0 4 2  0 236.504
 0 5 0 0 1 -1  0 249.552
 0 5 0 0 4 1  0 258.847
 0 5 0 0 2 0  0 255.604
 0 5 0 0 5 1  2 266.951
 0 5 0 0 3 -1  0 261.967
 0 5 0 0 5 0  0 269.265
 0 5 0 0 2 -1  0 270.168
 0 5 0 0 5 -1  0 269.161
 0 5 0 0 2 -2  0 254.245
 0 5 0 0 6 -1  2 250.023
 0 5 0 0 1 -2  4 249.393
 0 5 0 0 5 -2  0 247.053
 0 5 0 0 2 -4  0 246.38
 0 5 0 0 4 -1  0 247.246
 0 5 0 0 2 -3  0 237.099
 0 5 0 0 4 -2  0 239.12
 0 5 0 0 3 -4  0 234.607
 0 5 0 0 6 -2  0 244.891
 0 5 0 0 3 -6  0 234.378
 0 5 0 0 6 -3  0 247.168
 0 5 0 0 3 -5  0 240.44
 0 5 0 0 7 -3  3 242.13
 0 5 0 0 3 -3  0 241.152
 0 5 0 0 6 -4  0 241.35
 0 5 0 0 3 -2  0 244.032
 0 5 0 0 5 -3  0 248.974
 0 5 0 0 4 -3  0 243.309
 0 5 0 0 5 -4  0 247.377
 0 5 0 0 4 -6  3 253.057
 0 5 0 0 6 -5  2 253.587
 0 5 0 0 5 -6  2 254.041
 0 5 0 0 5 -5  0 255.986
 0 5 0 0 4 -5  0 255.725
 0 5 0 0 4 -4  0 264.442
 0 5 0 0 2 -6  3 257.397
 0 5 0 0 1 -5  0 255.036
 0 5 0 0 0 -4  0 253.038
 0 5 0 0 0 -5  0 258.32
 0 5 0 0 -1 -3  0 247.194
 0 5 0 0 1 -6  2 243.616
 0 5 0 0 0 -3  0 239.746
 0 5 0 0 -2 -2  0 242.68
 0 5 0 0 -1 -2  0 234.757
 0 5 0 0 -3 -2  0 240.667
 0 5 0 0 -2 -1  0 239.153
 0 5 0 0 -2 -3  0 234.104
 0 5 0 0 -1 -1  0 233.055
 0 5 0 0 -1 -5  2 232.512
 0 5 0 0 2 -5  0 229.319
 0 5 0 0 -1 -4  0 235.658
 0 5 0 0 1 -4  0 237.849
 0 5 0 0 -2 -4  0 234.498
 0 5 0 0 1 -3  0 236.566
 0 5 0 0 -3 -4  3 232.54
 0 5 0 0 0 -2  0 234.924
 0 5 0 0 -3 -3  0 229.335
 0 5 0 0 0 -1  0 236.427
 0 5 0 0 -3 -1  0 234.398
 0 5 0 0 -1 0  0 238.171
 0 5 0 0 -3 0  0 235.981
 0 5 0 0 0 0  0 238.464
 0 5 0 0 -4 0  0 244.277
 0 5 0 0 -1 2  0 250.658
 0 5 0 0 -4 -2  0 252.071
 0 5 0 0 -1 1  0 257.733
 0 5 0 0 -4 -1  0 260.815
 0 5 0 0 -2 0  2 267.086
 0 5 0 0 -5 -1  0 265.72
 0 5 0 0 -3 1  0 260.9
 0 5 0 0 -5 0  0 261.341
 0 5 0 0 -2 1  0 253.798
 0 5 0 0 -5 1  0 260.942
 0 5 0 0 -2 2  2 246.661
 0 5 0 0 -6 1  1 242.691
 0 5 0 0 -2 4  0 241.315
 0 5 0 0 -5 2  4 237.123
 0 5 0 0 -2 4  0 0
 0 5 0 0 -4 1  0 241.36
 0 5 0 0 -2 3  0 234.693
 0 5 0 0 -4 2  0 243.03
 0 5 0 0 -3 4  0 237.917
 0 5 0 0 -6 2  0 232.26
 0 5 0 0 -3 6  0 237.96
 0 5 0 0 -6 3  0 244.029
 0 5 0 0 -3 5  3 240.663
 0 5 0 0 -7 4  3 233.444
 0 5 0 0 -3 3  0 234.324
 0 5 0 0 -6 4  0 240.073
 0 5 0 0 -3 2  0 246.107
 0 5 0 0 -5 3  0 247.261
 0 5 0 0 -4 3  0 246.688
 0 5 0 0 -5 4  3 254.455
 0 5 0 0 -4 7  3 256.434
 0 5 0 0 -6 5  2 262.279
 0 5 0 0 -5 6  0 256.905
 0 5 0 0 -5 5  0 266.281
 0 5 0 0 -4 5  0 257.426
 0 5 0 0 -4 4  3 259.457
 0 6 0 0 4 -7  3 628.32
 0 6 0 0 4 -5  0 266.986
 0 6 0 0 4 -4  0 266.194
 0 6 0 0 5 -5  0 266.552
 0 6 0 0 4 -3  0 262.66
 0 6 0 0 5 -6  2 254.261
 0 6 0 0 3 -3  0 252.011
 0 6 0 0 4 -2  0 255.048
 0 6 0 0 3 -2  0 259.255
 0 6 0 0 5 -2  0 252.659
 0 6 0 0 3 -1  0 247.711
 0 6 0 0 5 -3  0 245.878
 0 6 0 0 2 -1  0 244.78
 0 6 0 0 5 -4  0 241.911
 0 6 0 0 3 -5  0 244.123
 0 6 0 0 6 -4  0 244.058
 0 6 0 0 3 -4  0 246.757
 0 6 0 0 6 -5  2 249.219
 0 6 0 0 2 -3  0 242.914
 0 6 0 0 7 -3  3 241.143
 0 6 0 0 2 -2  0 248.553
 0 6 0 0 6 -3  0 241.809
 0 6 0 0 1 -1  0 238.304
 0 6 0 0 4 -1  0 238.304
 0 6 0 0 1 0  0 242.818
 0 6 0 0 3 0  0 245.649
 0 6 0 0 -1 2  1 248.379
 0 6 0 0 4 0  0 241.922
 0 6 0 0 6 -2  0 255.987
 0 6 0 0 0 1  0 254.181
 0 6 0 0 5 -1  0 268.041
 0 6 0 0 2 0  0 263.349
 0 6 0 0 6 -1  2 271.292
 0 6 0 0 2 1  0 271.128
 0 6 0 0 5 0  0 266.688
 0 6 0 0 1 1  0 266.778
 0 6 0 0 4 1  0 257.743
 0 6 0 0 0 2  0 250.712
 0 6 0 0 5 1  2 252.286
 0 6 0 0 -1 2  4 246.259
 0 6 0 0 3 2  0 245.82
 0 6 0 0 -2 4  0 245.838
 0 6 0 0 3 1  0 243.651
 0 6 0 0 -1 3  0 247.543
 0 6 0 0 2 2  0 254.946
 0 6 0 0 -1 4  0 240.371
 0 6 0 0 4 2  0 240.671
 0 6 0 0 -3 6  0 249.499
 0 6 0 0 3 3  0 243.768
 0 6 0 0 -2 5  0 246.988
 0 6 0 0 4 3  3 243.35
 0 6 0 0 0 3  0 248.732
 0 6 0 0 2 4  0 247.149
 0 6 0 0 1 2  0 248.555
 0 6 0 0 2 3  0 252.548
 0 6 0 0 1 3  0 254.488
 0 6 0 0 1 4  0 255.88
 0 6 0 0 -2 6  3 257.604
 0 6 0 0 1 5  2 269.594
 0 6 0 0 -1 6  2 273.891
 0 6 0 0 0 5  0 268.145
 0 6 0 0 -1 5  0 267.815
 0 6 0 0 0 4  0 275.523
 0 6 0 0 -4 6  3 266.548
 0 6 0 0 -4 5  0 264.447
 0 6 0 0 -4 4  0 269.918
 0 6 0 0 -5 5  0 255.113
 0 6 0 0 -4 3  0 252.795
 0 6 0 0 -5 6  2 252.893
 0 6 0 0 -3 3  0 257.695
 0 6 0 0 -4 2  0 251.099
 0 6 0 0 -3 2  0 251.59
 0 6 0 0 -5 2  0 245.962
 0 6 0 0 -3 1  0 248.688
 0 6 0 0 -5 3  0 247.53
 0 6 0 0 -2 1  0 246.604
 0 6 0 0 -6 5  2 238.204
 0 6 0 0 -3 5  0 245.523
 0 6 0 0 -5 4  0 248.306
 0 6 0 0 -3 4  0 245.115
 0 6 0 0 -6 4  0 234.414
 0 6 0 0 -2 3  0 240.714
 0 6 0 0 -7 4  3 243.054
 0 6 0 0 -2 2  0 237.988
 0 6 0 0 -6 3  0 248.048
 0 6 0 0 -1 1  0 245.878
 0 6 0 0 -4 1  0 246.746
 0 6 0 0 -1 0  0 243.133
 0 6 0 0 -3 0  0 250.162
 0 6 0 0 0 0  0 247.813
 0 6 0 0 -4 0  0 257.306
 0 6 0 0 1 -2  0 255.243
 0 6 0 0 -6 2  0 256.959
 0 6 0 0 0 -1  0 269.481
 0 6 0 0 -5 1  0 279.772
 0 6 0 0 -2 0  0 272.369
 0 6 0 0 -6 1  2 272.239
 0 6 0 0 -2 -1  0 277.216
 0 6 0 0 -5 0  0 276.682
 0 6 0 0 -1 -1  0 274.096
 0 6 0 0 -4 -1  0 259.127
 0 6 0 0 0 -2  0 246.113
 0 6 0 0 -5 -1  2 249.929
 0 6 0 0 2 -4  1 249.455
 0 6 0 0 -3 -2  0 245.852
 0 6 0 0 2 -4  4 254.321
 0 6 0 0 -3 -1  0 254.127
 0 6 0 0 1 -3  0 239.529
 0 6 0 0 -2 -2  0 244.551
 0 6 0 0 1 -4  0 245.561
 0 6 0 0 -4 -2  0 249.808
 0 6 0 0 3 -6  0 246.03
 0 6 0 0 -3 -3  0 255.597
 0 6 0 0 2 -5  0 245.923
 0 6 0 0 -3 -4  3 247.225
 0 6 0 0 0 -3  0 251.027
 0 6 0 0 -2 -4  0 243.515
 0 6 0 0 -1 -2  0 243.896
 0 6 0 0 -2 -3  0 258.198
 0 6 0 0 -1 -3  0 261.984
 0 6 0 0 -1 -4  0 261.553
 0 6 0 0 3 -7  3 266.061
 0 6 0 0 -1 -5  2 267.961
 0 6 0 0 1 -6  2 268.916
 0 6 0 0 0 -5  0 264.885
 0 6 0 0 1 -5  0 273.895
 0 6 0 0 0 -4  0 269.2
 0 7 0 0 -3 7  3 1856.18
 0 7 0 0 -1 5  0 263.235
 0 7 0 0 0 4  0 265.273
 0 7 0 0 0 5  0 266.841
 0 7 0 0 1 3  0 254.009
 0 7 0 0 -1 6  2 252.94
 0 7 0 0 0 3  0 257.757
 0 7 0 0 2 2  0 252.239
 0 7 0 0 1 2  0 243.537
 0 7 0 0 3 2  0 247.482
 0 7 0 0 2 1  0 245.441
 0 7 0 0 2 3  0 242.94
 0 7 0 0 1 1  0 243.512
 0 7 0 0 1 4  0 238.651
 0 7 0 0 -2 5  0 239.924
 0 7 0 0 2 4  0 238.03
 0 7 0 0 -1 4  0 238.206
 0 7 0 0 1 5  2 243.106
 0 7 0 0 -1 3  0 243.252
 0 7 0 0 4 3  3 237.683
 0 7 0 0 0 2  0 242.91
 0 7 0 0 3 3  0 239.909
 0 7 0 0 0 1  0 237.588
 0 7 0 0 3 1  0 232.327
 0 7 0 0 1 0  0 243.662
 0 7 0 0 3 0  0 238.6
 0 7 0 0 1 -2  1 240.076
 0 7 0 0 4 0  0 247.458
 0 7 0 0 4 2  0 252.171
 0 7 0 0 1 -1  0 255.401
 0 7 0 0 4 1  0 264.663
 0 7 0 0 2 0  0 261.243
 0 7 0 0 5 1  2 269.353
 0 7 0 0 3 -1  0 273.334
 0 7 0 0 5 0  0 261.399
 0 7 0 0 2 -1  0 259.111
 0 7 0 0 5 -1  0 260.235
 0 7 0 0 2 -2  0 249.901
 0 7 0 0 6 -1  2 249.505
 0 7 0 0 1 -2  4 248.435
 0 7 0 0 5 -2  0 248.795
 0 7 0 0 2 -4  0 244.623
 0 7 0 0 4 -1  0 241.948
 0 7 0 0 2 -3  0 243.859
 0 7 0 0 4 -2  0 245.333
 0 7 0 0 3 -4  0 242.722
 0 7 0 0 6 -2  0 244.577
 0 7 0 0 3 -6  0 246.494
 0 7 0 0 6 -3  0 238.977
 0 7 0 0 3 -5  0 249.738
 0 7 0 0 7 -3  3 245.458
 0 7 0 0 3 -3  0 250.858
 0 7 0 0 6 -4  0 246.868
 0 7 0 0 3 -2  0 244.393
 0 7 0 0 5 -3  0 253.104
 0 7 0 0 4 -3  0 248.278
 0 7 0 0 5 -4  0 250.091
 0 7 0 0 4 -6  3 263.801
 0 7 0 0 6 -5  2 258.938
 0 7 0 0 5 -6  2 269.079
 0 7 0 0 5 -5  0 266.417
 0 7 0 0 4 -5  0 271.387
 0 7 0 0 4 -4  0 266.83
 0 7 0 0 2 -6  3 278.388
 0 7 0 0 1 -5  0 273.995
 0 7 0 0 0 -4  0 278.526
 0 7 0 0 0 -5  0 273.181
 0 7 0 0 -1 -3  0 269.185
 0 7 0 0 1 -6  2 265.433
 0 7 0 0 0 -3  0 271.873
 0 7 0 0 -2 -2  0 261.33
 0 7 0 0 -1 -2  0 262.209
 0 7 0 0 -3 -2  0 261.346
 0 7 0 0 -2 -1  0 257.668
 0 7 0 0 -2 -3  0 257.746
 0 7 0 0 -1 -1  0 259.536
 0 7 0 0 -1 -5  2 258.099
 0 7 0 0 2 -5  0 254.153
 0 7 0 0 -1 -4  0 257.055
 0 7 0 0 1 -4  0 255.772
 0 7 0 0 -2 -4  0 260.918
 0 7 0 0 1 -3  0 251.032
 0 7 0 0 -3 -4  3 256.108
 0 7 0 0 0 -2  0 252.877
 0 7 0 0 -3 -3  0 257.895
 0 7 0 0 0 -1  0 265.499
 0 7 0 0 -3 -1  0 252.488
 0 7 0 0 -1 0  0 262.008
 0 7 0 0 -3 0  0 264.435
 0 7 0 0 0 0  0 261.096
 0 7 0 0 -4 0  0 264.646
 0 7 0 0 -1 2  0 262.608
 0 7 0 0 -4 -2  0 276.229
 0 7 0 0 -1 1  0 274.438
 0 7 0 0 -4 -1  0 282.805
 0 7 0 0 -2 0  2 294.457
 0 7 0 0 -5 -1  0 288.703
 0 7 0 0 -3 1  0 286.559
 0 7 0 0 -5 0  0 287.707
 0 7 0 0 -2 1  0 274.187
 0 7 0 0 -5 1  0 279.339
 0 7 0 0 -2 2  2 275.317
 0 7 0 0 -6 1  1 276.066
 0 7 0 0 -2 4  0 266.596
 0 7 0 0 -5 2  4 263.892
 0 7 0 0 -2 4  0 0
 0 7 0 0 -4 1  0 264.038
 0 7 0 0 -2 3  0 265.528
 0 7 0 0 -4 2  0 262.692
 0 7 0 0 -3 4  0 258.188
 0 7 0 0 -6 2  0 261.452
 0 7 0 0 -3 6  0 260.455
 0 7 0 0 -6 3  0 263.055
 0 7 0 0 -3 5  3 261.524
 0 7 0 0 -7 4  3 261.278
 0 7 0 0 -3 3  0 261.055
 0 7 0 0 -6 4  0 265.153
 0 7 0 0 -3 2  0 269.699
 0 7 0 0 -5 3  0 266.506
 0 7 0 0 -4 3  0 271.331
 0 7 0 0 -5 4  3 276.962
 0 7 0 0 -4 7  3 283.595
 0 7 0 0 -6 5  2 278.457
 0 7 0 0 -5 6  0 289.348
 0 7 0 0 -5 5  0 291.683
 0 7 0 0 -4 5  0 283.909
 0 7 0 0 -4 4  3 287.452
 0 8 0 0 4 -7  3 628.32
 0 8 0 0 4 -5  0 302.595
 0 8 0 0 4 -4  0 308.001
 0 8 0 0 5 -5  0 293.282
 0 8 0 0 4 -3  0 291.818
 0 8 0 0 5 -6  2 291.799
 0 8 0 0 3 -3  0 283.911
 0 8 0 0 4 -2  0 281.888
 0 8 0 0 3 -2  0 276.567
 0 8 0 0 5 -2  0 273.803
 0 8 0 0 3 -1  0 272.059
 0 8 0 0 5 -3  0 275.5
 0 8 0 0 2 -1  0 270.975
 0 8 0 0 5 -4  0 267.748
 0 8 0 0 3 -5  0 275.619
 0 8 0 0 6 -4  0 271.815
 0 8 0 0 3 -4  0 267.676
 0 8 0 0 6 -5  2 275.54
 0 8 0 0 2 -3  0 263.427
 0 8 0 0 7 -3  3 272.933
 0 8 0 0 2 -2  0 269.333
 0 8 0 0 6 -3  0 268.574
 0 8 0 0 1 -1  0 269.925
 0 8 0 0 4 -1  0 269.04
 0 8 0 0 1 0  0 267.855
 0 8 0 0 3 0  0 274.853
 0 8 0 0 -1 2  1 280.055
 0 8 0 0 4 0  0 278.19
 0 8 0 0 6 -2  0 281.808
 0 8 0 0 0 1  0 290.462
 0 8 0 0 5 -1  0 297.515
 0 8 0 0 2 0  0 307.738
 0 8 0 0 6 -1  2 301.791
 0 8 0 0 2 1  0 310.577
 0 8 0 0 5 0  0 306.309
 0 8 0 0 1 1  0 297.355
 0 8 0 0 4 1  0 292.444
 0 8 0 0 0 2  0 286.229
 0 8 0 0 5 1  2 281.771
 0 8 0 0 -1 2  4 281.983
 0 8 0 0 3 2  0 272.082
 0 8 0 0 -2 4  0 274.832
 0 8 0 0 3 1  0 274.293
 0 8 0 0 -1 3  0 274.728
 0 8 0 0 2 2  0 274.706
 0 8 0 0 -1 4  0 268.017
 0 8 0 0 4 2  0 274.848
 0 8 0 0 -3 6  0 270.975
 0 8 0 0 3 3  0 269.594
 0 8 0 0 -2 5  0 277.402
 0 8 0 0 4 3  3 272.451
 0 8 0 0 0 3  0 271.562
 0 8 0 0 2 4  0 276.556
 0 8 0 0 1 2  0 279.642
 0 8 0 0 2 3  0 273.572
 0 8 0 0 1 3  0 278.812
 0 8 0 0 1 4  0 282.241
 0 8 0 0 -2 6  3 282.337
 0 8 0 0 1 5  2 289.765
 0 8 0 0 -1 6  2 293.261
 0 8 0 0 0 5  0 301.801
 0 8 0 0 -1 5  0 296.962
 0 8 0 0 0 4  0 304.919
 0 8 0 0 -4 6  3 271.952
 0 8 0 0 -4 5  0 259.158
 0 8 0 0 -4 4  0 262.636
 0 8 0 0 -5 5  0 258.843
 0 8 0 0 -4 3  0 247.781
 0 8 0 0 -5 6  2 242.692
 0 8 0 0 -3 3  0 246.939
 0 8 0 0 -4 2  0 247.702
 0 8 0 0 -3 2  0 242.454
 0 8 0 0 -5 2  0 241.309
 0 8 0 0 -3 1  0 240.017
 0 8 0 0 -5 3  0 233.6
 0 8 0 0 -2 1  0 243.417
 0 8 0 0 -6 5  2 234.871
 0 8 0 0 -3 5  0 237.148
 0 8 0 0 -5 4  0 243.033
 0 8 0 0 -3 4  0 234.016
 0 8 0 0 -6 4  0 233.107
 0 8 0 0 -2 3  0 235.739
 0 8 0 0 -7 4  3 228.186
 0 8 0 0 -2 2  0 238.984
 0 8 0 0 -6 3  0 233.279
 0 8 0 0 -1 1  0 236.984
 0 8 0 0 -4 1  0 238.676
 0 8 0 0 -1 0  0 241.104
 0 8 0 0 -3 0  0 238.875
 0 8 0 0 0 0  0 237.816
 0 8 0 0 -4 0  0 252.647
 0 8 0 0 1 -2  0 251.52
 0 8 0 0 -6 2  0 247.463
 0 8 0 0 0 -1  0 272.382
 0 8 0 0 -5 1  0 261.973
 0 8 0 0 -2 0  0 269.947
 0 8 0 0 -6 1  2 272.754
 0 8 0 0 -2 -1  0 273.983
 0 8 0 0 -5 0  0 263.747
 0 8 0 0 -1 -1  0 259.61
 0 8 0 0 -4 -1  0 256.658
 0 8 0 0 0 -2  0 255.876
 0 8 0 0 -5 -1  2 250.213
 0 8 0 0 2 -4  1 246.44
 0 8 0 0 -3 -2  0 240.091
 0 8 0 0 2 -4  4 247.423
 0 8 0 0 -3 -1  0 245.986
 0 8 0 0 1 -3  0 238.232
 0 8 0 0 -2 -2  0 245.593
 0 8 0 0 1 -4  0 251.238
 0 8 0 0 -4 -2  0 243.486
 0 8 0 0 3 -6  0 238.498
 0 8 0 0 -3 -3  0 246.972
 0 8 0 0 2 -5  0 242.266
 0 8 0 0 -3 -4  3 241.207
 0 8 0 0 0 -3  0 238.052
 0 8 0 0 -2 -4  0 251.991
 0 8 0 0 -1 -2  0 248.002
 0 8 0 0 -2 -3  0 240.293
 0 8 0 0 -1 -3  0 257.511
 0 8 0 0 -1 -4  0 252.62
 0 8 0 0 3 -7  3 259.021
 0 8 0 0 -1 -5  2 256.728
 0 8 0 0 1 -6  2 265.779
 0 8 0 0 0 -5  0 261.347
 0 8 0 0 1 -5  0 272.823
 0 8 0 0 0 -4  0 264.472
 0 9 0 0 -3 7  3 1856.18
 0 9 0 0 -1 5  0 283.975
 0 9 0 0 0 4  0 287.66
 0 9 0 0 0 5  0 269.72
 0 9 0 0 1 3  0 265.471
 0 9 0 0 -1 6  2 272.947
 0 9 0 0 0 3  0 267.624
 0 9 0 0 2 2  0 262.402
 0 9 0 0 1 2  0 257.782
 0 9 0 0 3 2  0 250.088
 0 9 0 0 2 1  0 254.236
 0 9 0 0 2 3  0 255.66
 0 9 0 0 1 1  0 255.323
 0 9 0 0 1 4  0 256.799
 0 9 0 0 -2 5  0 251.825
 0 9 0 0 2 4  0 253.131
 0 9 0 0 -1 4  0 256.859
 0 9 0 0 1 5  2 248.441
 0 9 0 0 -1 3  0 246.507
 0 9 0 0 4 3  3 259.012
 0 9 0 0 0 2  0 256.022
 0 9 0 0 3 3  0 252.973
 0 9 0 0 0 1  0 257.373
 0 9 0 0 3 1  0 249.793
 0 9 0 0 1 0  0 267.342
 0 9 0 0 3 0  0 259.635
 0 9 0 0 1 -2  1 260.576
 0 9 0 0 4 0  0 260.03
 0 9 0 0 4 2  0 259.766
 0 9 0 0 1 -1  0 262.66
 0 9 0 0 4 1  0 276.572
 0 9 0 0 2 0  0 276.289
 0 9 0 0 5 1  2 281.257
 0 9 0 0 3 -1  0 291.342
 0 9 0 0 5 0  0 278.824
 0 9 0 0 2 -1  0 280.908
 0 9 0 0 5 -1  0 275.099
 0 9 0 0 2 -2  0 273.381
 0 9 0 0 6 -1  2 270.735
 0 9 0 0 1 -2  4 266.826
 0 9 0 0 5 -2  0 268.816
 0 9 0 0 2 -4  0 257.038
 0 9 0 0 4 -1  0 254.914
 0 9 0 0 2 -3  0 257.998
 0 9 0 0 4 -2  0 258.642
 0 9 0 0 3 -4  0 261.831
 0 9 0 0 6 -2  0 262.289
 0 9 0 0 3 -6  0 256.249
 0 9 0 0 6 -3  0 254.403
 0 9 0 0 3 -5  0 250.825
 0 9 0 0 7 -3  3 258.822
 0 9 0 0 3 -3  0 259.924
 0 9 0 0 6 -4  0 266.025
 0 9 0 0 3 -2  0 263.703
 0 9 0 0 5 -3  0 265.06
 0 9 0 0 4 -3  0 271.058
 0 9 0 0 5 -4  0 266.377
 0 9 0 0 4 -6  3 275.433
 0 9 0 0 6 -5  2 280.962
 0 9 0 0 5 -6  2 284.679
 0 9 0 0 5 -5  0 287.658
 0 9 0 0 4 -5  0 278.902
 0 9 0 0 4 -4  0 288.489
 0 9 0 0 2 -6  3 255.478
 0 9 0 0 1 -5  0 268.427
 0 9 0 0 0 -4  0 264.346
 0 9 0 0 0 -5  0 262.184
 0 9 0 0 -1 -3  0 263.908
 0 9 0 0 1 -6  2 260.98
 0 9 0 0 0 -3  0 269.042
 0 9 0 0 -2 -2  0 259.033
 0 9 0 0 -1 -2  0 255.752
 0 9 0 0 -3 -2  0 245.983
 0 9 0 0 -2 -1  0 253.495
 0 9 0 0 -2 -3  0 242.851
 0 9 0 0 -1 -1  0 255.157
 0 9 0 0 -1 -5  2 249.233
 0 9 0 0 2 -5  0 250.676
 0 9 0 0 -1 -4  0 243.375
 0 9 0 0 1 -4  0 243.032
 0 9 0 0 -2 -4  0 241.833
 0 9 0 0 1 -3  0 245.671
 0 9 0 0 -3 -4  3 243.414
 0 9 0 0 0 -2  0 249.281
 0 9 0 0 -3 -3  0 247.414
 0 9 0 0 0 -1  0 247.31
 0 9 0 0 -3 -1  0 246.882
 0 9 0 0 -1 0  0 248.202
 0 9 0 0 -3 0  0 250.618
 0 9 0 0 0 0  0 253.178
 0 9 0 0 -4 0  0 253.518
 0 9 0 0 -1 2  0 251.096
 0 9 0 0 -4 -2  0 252.453
 0 9 0 0 -1 1  0 270.848
 0 9 0 0 -4 -1  0 267.551
 0 9 0 0 -2 0  2 266.127
 0 9 0 0 -5 -1  0 275.87
 0 9 0 0 -3 1  0 264.05
 0 9 0 0 -5 0  0 264.46
 0 9 0 0 -2 1  0 261.565
 0 9 0 0 -5 1  0 255.534
 0 9 0 0 -2 2  2 256.202
 0 9 0 0 -6 1  1 249.143
 0 9 0 0 -2 4  0 251.689
 0 9 0 0 -5 2  4 240.756
 0 9 0 0 -2 4  0 0
 0 9 0 0 -4 1  0 249.069
 0 9 0 0 -2 3  0 242.59
 0 9 0 0 -4 2  0 247.533
 0 9 0 0 -3 4  0 242.888
 0 9 0 0 -6 2  0 243.637
 0 9 0 0 -3 6  0 243.991
 0 9 0 0 -6 3  0 242.632
 0 9 0 0 -3 5  3 244.416
 0 9 0 0 -7 4  3 241.277
 0 9 0 0 -3 3  0 242.328
 0 9 0 0 -6 4  0 244.666
 0 9 0 0 -3 2  0 248.615
 0 9 0 0 -5 3  0 238.308
 0 9 0 0 -4 3  0 242.694
 0 9 0 0 -5 4  3 249.895
 0 9 0 0 -4 7  3 249.664
 0 9 0 0 -6 5  2 259.137
 0 9 0 0 -5 6  0 260.297
 0 9 0 0 -5 5  0 263.853
 0 9 0 0 -4 5  0 265.977
 0 9 0 0 -4 4  3 268.054
 0 10 0 0 4 -7  3 628.32
 0 10 0 0 4 -5  0 269.027
 0 10 0 0 4 -4  0 259.408
 0 10 0 0 5 -5  0 267.836
 0 10 0 0 4 -3  0 258.472
 0 10 0 0 5 -6  2 258.882
 0 10 0 0 3 -3  0 252.104
 0 10 0 0 4 -2  0 250.631
 0 10 0 0 3 -2  0 240.654
 0 10 0 0 5 -2  0 243.062
 0 10 0 0 3 -1  0 241.99
 0 10 0 0 5 -3  0 244.973
 0 10 0 0 2 -1  0 242.516
 0 10 0 0 5 -4  0 245.072
 0 10 0 0 3 -5  0 236.049
 0 10 0 0 6 -4  0 242.193
 0 10 0 0 3 -4  0 238.773
 0 10 0 0 6 -5  2 241.654
 0 10 0 0 2 -3  0 229.077
 0 10 0 0 7 -3  3 243.782
 0 10 0 0 2 -2  0 244.738
 0 10 0 0 6 -3  0 246.812
 0 10 0 0 1 -1  0 238.031
 0 10 0 0 4 -1  0 233.048
 0 10 0 0 1 0  0 240.958
 0 10 0 0 3 0  0 247.618
 0 10 0 0 -1 2  1 242.041
 0 10 0 0 4 0  0 242.519
 0 10 0 0 6 -2  0 247.559
 0 10 0 0 0 1  0 244.683
 0 10 0 0 5 -1  0 260.948
 0 10 0 0 2 0  0 260.615
 0 10 0 0 6 -1  2 267.905
 0 10 0 0 2 1  0 268.421
 0 10 0 0 5 0  0 270.858
 0 10 0 0 1 1  0 259.544
 0 10 0 0 4 1  0 262.288
 0 10 0 0 0 2  0 253.65
 0 10 0 0 5 1  2 253.058
 0 10 0 0 -1 2  4 250.868
 0 10 0 0 3 2  0 246.528
 0 10 0 0 -2 4  0 244.341
 0 10 0 0 3 1  0 247.637
 0 10 0 0 -1 3  0 241.144
 0 10 0 0 2 2  0 244.55
 0 10 0 0 -1 4  0 245.391
 0 10 0 0 4 2  0 243.948
 0 10 0 0 -3 6  0 254.121
 0 10 0 0 3 3  0 243.722
 0 10 0 0 -2 5  0 240.612
 0 10 0 0 4 3  3 245.727
 0 10 0 0 0 3  0 234.698
 0 10 0 0 2 4  0 245.208
 0 10 0 0 1 2  0 247.113
 0 10 0 0 2 3  0 243.31
 0 10 0 0 1 3  0 248.015
 0 10 0 0 1 4  0 254.833
 0 10 0 0 -2 6  3 266.655
 0 10 0 0 1 5  2 260.071
 0 10 0 0 -1 6  2 274.763
 0 10 0 0 0 5  0 267.706
 0 10 0 0 -1 5  0 265.944
 0 10 0 0 0 4  0 268.714
 0 10 0 0 -4 6  3 274.719
 0 10 0 0 -4 5  0 265.133
 0 10 0 0 -4 4  0 262.452
 0 10 0 0 -5 5  0 254.487
 0 10 0 0 -4 3  0 259.082
 0 10 0 0 -5 6  2 254.959
 0 10 0 0 -3 3  0 252.85
 0 10 0 0 -4 2  0 258.348
 0 10 0 0 -3 2  0 251.505
 0 10 0 0 -5 2  0 245.429
 0 10 0 0 -3 1  0 245.623
 0 10 0 0 -5 3  0 245.062
 0 10 0 0 -2 1  0 246.294
 0 10 0 0 -6 5  2 243.119
 0 10 0 0 -3 5  0 247.555
 0 10 0 0 -5 4  0 247.518
 0 10 0 0 -3 4  0 249.653
 0 10 0 0 -6 4  0 241.102
 0 10 0 0 -2 3  0 239.365
 0 10 0 0 -7 4  3 246.821
 0 10 0 0 -2 2  0 241.268
 0 10 0 0 -6 3  0 243.429
 0 10 0 0 -1 1  0 239.393
 0 10 0 0 -4 1  0 250.023
 0 10 0 0 -1 0  0 248.426
 0 10 0 0 -3 0  0 250.862
 0 10 0 0 0 0  0 247.183
 0 10 0 0 -4 0  0 251.943
 0 10 0 0 1 -2  0 257.173
 0 10 0 0 -6 2  0 262.402
 0 10 0 0 0 -1  0 264.873
 0 10 0 0 -5 1  0 265.484
 0 10 0 0 -2 0  0 274.707
 0 10 0 0 -6 1  2 283.867
 0 10 0 0 -2 -1  0 277.432
 0 10 0 0 -5 0  0 272.029
 0 10 0 0 -1 -1  0 269.685
 0 10 0 0 -4 -1  0 269.777
 0 10 0 0 0 -2  0 257.079
 0 10 0 0 -5 -1  2 262.237
 0 10 0 0 2 -4  1 253.839
 0 10 0 0 -3 -2  0 254.01
 0 10 0 0 2 -4  4 251.286
 0 10 0 0 -3 -1  0 245.215
 0 10 0 0 1 -3  0 248.909
 0 10 0 0 -2 -2  0 242.016
 0 10 0 0 1 -4  0 251.236
 0 10 0 0 -4 -2  0 253.553
 0 10 0 0 3 -6  0 248.452
 0 10 0 0 -3 -3  0 255.533
 0 10 0 0 2 -5  0 264.358
 0 10 0 0 -3 -4  3 253.364
 0 10 0 0 0 -3  0 257.207
 0 10 0 0 -2 -4  0 255.164
 0 10 0 0 -1 -2  0 259.688
 0 10 0 0 -2 -3  0 262.213
 0 10 0 0 -1 -3  0 261.364
 0 10 0 0 -1 -4  0 278.983
 0 10 0 0 3 -7  3 269.296
 0 10 0 0 -1 -5  2 275.603
 0 10 0 0 1 -6  2 279.683
 0 10 0 0 0 -5  0 278.349
 0 10 0 0 1 -5  0 274.707
 0 10 0 0 0 -4  0 278.561
 0 11 0 0 -3 7  3 1942.9
 0 11 0 0 -1 5  0 3253.56
 0 11 0 0 0 4  0 275.386
 0 11 0 0 0 5  0 271.327
 0 11 0 0 1 3  0 265.675
 0 11 0 0 -1 6  2 266.983
 0 11 0 0 0 3  0 261.342
 0 11 0 0 2 2  0 257.867
 0 11 0 0 1 2  0 261.592
 0 11 0 0 3 2  0 260.589
 0 11 0 0 2 1  0 257.723
 0 11 0 0 2 3  0 254.917
 0 11 0 0 1 1  0 252.501
 0 11 0 0 1 4  0 249.916
 0 11 0 0 -2 5  0 251.881
 0 11 0 0 2 4  0 252.564
 0 11 0 0 -1 4  0 253.827
 0 11 0 0 1 5  2 256.374
 0 11 0 0 -1 3  0 254.894
 0 11 0 0 4 3  3 248.795
 0 11 0 0 0 2  0 254.043
 0 11 0 0 3 3  0 252.625
 0 11 0 0 0 1  0 255.363
 0 11 0 0 3 1  0 255.184
 0 11 0 0 1 0  0 252.778
 0 11 0 0 3 0  0 251.145
 0 11 0 0 1 -2  1 257.322
 0 11 0 0 4 0  0 259.253
 0 11 0 0 4 2  0 264.43
 0 11 0 0 1 -1  0 268.096
 0 11 0 0 4 1  0 273.232
 0 11 0 0 2 0  0 276.452
 0 11 0 0 5 1  2 272.515
 0 11 0 0 3 -1  0 286.954
 0 11 0 0 5 0  0 282.147
 0 11 0 0 2 -1  0 277.796
 0 11 0 0 5 -1  0 282.684
 0 11 0 0 2 -2  0 275.006
 0 11 0 0 6 -1  2 262.123
 0 11 0 0 1 -2  4 264.376
 0 11 0 0 5 -2  0 255.495
 0 11 0 0 2 -4  0 256.578
 0 11 0 0 4 -1  0 252.555
 0 11 0 0 2 -3  0 251.788
 0 11 0 0 4 -2  0 254.912
 0 11 0 0 3 -4  0 253.575
 0 11 0 0 6 -2  0 255.432
 0 11 0 0 3 -6  0 258.348
 0 11 0 0 6 -3  0 261.251
 0 11 0 0 3 -5  0 256.535
 0 11 0 0 7 -3  3 251.468
 0 11 0 0 3 -3  0 259.358
 0 11 0 0 6 -4  0 247.579
 0 11 0 0 3 -2  0 261.003
 0 11 0 0 5 -3  0 260.685
 0 11 0 0 4 -3  0 262.331
 0 11 0 0 5 -4  0 265.562
 0 11 0 0 4 -6  3 271.615
 0 11 0 0 6 -5  2 272.845
 0 11 0 0 5 -6  2 271.548
 0 11 0 0 5 -5  0 268.526
 0 11 0 0 4 -5  0 280.438
 0 11 0 0 4 -4  0 282.43
 0 11 0 0 2 -6  3 278.489
 0 11 0 0 1 -5  0 269.322
 0 11 0 0 0 -4  0 273.516
 0 11 0 0 0 -5  0 273.382
 0 11 0 0 -1 -3  0 261.298
 0 11 0 0 1 -6  2 261.486
 0 11 0 0 0 -3  0 259.223
 0 11 0 0 -2 -2  0 258.832
 0 11 0 0 -1 -2  0 251.303
 0 11 0 0 -3 -2  0 255.507
 0 11 0 0 -2 -1  0 253.727
 0 11 0 0 -2 -3  0 247.597
 0 11 0 0 -1 -1  0 247.647
 0 11 0 0 -1 -5  2 250.699
 0 11 0 0 2 -5  0 251.256
 0 11 0 0 -1 -4  0 250.86
 0 11 0 0 1 -4  0 244.514
 0 11 0 0 -2 -4  0 249.155
 0 11 0 0 1 -3  0 247.854
 0 11 0 0 -3 -4  3 249.647
 0 11 0 0 0 -2  0 250.287
 0 11 0 0 -3 -3  0 243.808
 0 11 0 0 0 -1  0 248.49
 0 11 0 0 -3 -1  0 244.817
 0 11 0 0 -1 0  0 255.507
 0 11 0 0 -3 0  0 257.322
 0 11 0 0 0 0  0 255.692
 0 11 0 0 -4 0  0 253.069
 0 11 0 0 -1 2  0 265.151
 0 11 0 0 -4 -2  0 259.332
 0 11 0 0 -1 1  0 268.822
 0 11 0 0 -4 -1  0 275.795
 0 11 0 0 -2 0  2 279.168
 0 11 0 0 -5 -1  0 282.447
 0 11 0 0 -3 1  0 285.96
 0 11 0 0 -5 0  0 265.921
 0 11 0 0 -2 1  0 277.953
 0 11 0 0 -5 1  0 272.768
 0 11 0 0 -2 2  2 266.723
 0 11 0 0 -6 1  1 262.189
 0 11 0 0 -2 4  0 256.405
 0 11 0 0 -5 2  4 253.132
 0 11 0 0 -2 4  0 0
 0 11 0 0 -4 1  0 252.959
 0 11 0 0 -2 3  0 254.436
 0 11 0 0 -4 2  0 255.595
 0 11 0 0 -3 4  0 260.707
 0 11 0 0 -6 2  0 259.442
 0 11 0 0 -3 6  0 252.273
 0 11 0 0 -6 3  0 257.66
 0 11 0 0 -3 5  3 251.62
 0 11 0 0 -7 4  3 257.148
 0 11 0 0 -3 3  0 250.107
 0 11 0 0 -6 4  0 261.377
 0 11 0 0 -3 2  0 259.832
 0 11 0 0 -5 3  0 261.502
 0 11 0 0 -4 3  0 264.659
 0 11 0 0 -5 4  3 262.753
 0 11 0 0 -4 7  3 279.388
 0 11 0 0 -6 5  2 273.868
 0 11 0 0 -5 6  0 273.782
 0 11 0 0 -5 5  0 277.31
 0 11 0 0 -4 5  0 280.688
 0 11 0 0 -4 4  3 279.502
 0 12 0 0 4 -7  3 902.155
 0 12 0 0 4 -5  0 262.827
 0 12 0 0 4 -4  0 268.167
 0 12 0 0 5 -5  0 259.466
 0 12 0 0 4 -3  0 256.449
 0 12 0 0 5 -6  2 256.823
 0 12 0 0 3 -3  0 254.645
 0 12 0 0 4 -2  0 244.306
 0 12 0 0 3 -2  0 250.206
 0 12 0 0 5 -2  0 247.294
 0 12 0 0 3 -1  0 250.612
 0 12 0 0 5 -3  0 251.433
 0 12 0 0 2 -1  0 249.65
 0 12 0 0 5 -4  0 248.479
 0 12 0 0 3 -5  0 239.765
 0 12 0 0 6 -4  0 241.939
 0 12 0 0 3 -4  0 241.187
 0 12 0 0 6 -5  2 242.363
 0 12 0 0 2 -3  0 242.812
 0 12 0 0 7 -3  3 243.762
 0 12 0 0 2 -2  0 252.037
 0 12 0 0 6 -3  0 240.311
 0 12 0 0 1 -1  0 244.432
 0 12 0 0 4 -1  0 245.944
 0 12 0 0 1 0  0 250.707
 0 12 0 0 3 0  0 240.301
 0 12 0 0 -1 2  1 252.027
 0 12 0 0 4 0  0 248.024
 0 12 0 0 6 -2  0 249.286
 0 12 0 0 0 1  0 262.548
 0 12 0 0 5 -1  0 261.932
 0 12 0 0 2 0  0 263.643
 0 12 0 0 6 -1  2 266.142
 0 12 0 0 2 1  0 284.793
 0 12 0 0 5 0  0 270.768
 0 12 0 0 1 1  0 269.466
 0 12 0 0 4 1  0 263.811
 0 12 0 0 0 2  0 259.588
 0 12 0 0 5 1  2 247.434
 0 12 0 0 -1 2  4 251.704
 0 12 0 0 3 2  0 254.417
 0 12 0 0 -2 4  0 241.523
 0 12 0 0 3 1  0 247.315
 0 12 0 0 -1 3  0 253.14
 0 12 0 0 2 2  0 247.061
 0 12 0 0 -1 4  0 242.731
 0 12 0 0 4 2  0 243.561
 0 12 0 0 -3 6  0 253.656
 0 12 0 0 3 3  0 248.065
 0 12 0 0 -2 5  0 253.765
 0 12 0 0 4 3  3 251.661
 0 12 0 0 0 3  0 247.218
 0 12 0 0 2 4  0 254.971
 0 12 0 0 1 2  0 243.992
 0 12 0 0 2 3  0 245.583
 0 12 0 0 1 3  0 256.186
 0 12 0 0 1 4  0 266.066
 0 12 0 0 -2 6  3 263.352
 0 12 0 0 1 5  2 263.21
 0 12 0 0 -1 6  2 267.302
 0 12 0 0 0 5  0 272.92
 0 12 0 0 -1 5  0 273.29
 0 12 0 0 0 4  0 266.618
 0 12 0 0 -4 6  3 262.022
 0 12 0 0 -4 5  0 256.124
 0 12 0 0 -4 4  0 256.706
 0 12 0 0 -5 5  0 253.595
 0 12 0 0 -4 3  0 245.452
 0 12 0 0 -5 6  2 243.533
 0 12 0 0 -3 3  0 238.986
 0 12 0 0 -4 2  0 231.303
 0 12 0 0 -3 2  0 235.762
 0 12 0 0 -5 2  0 230.275
 0 12 0 0 -3 1  0 234.771
 0 12 0 0 -5 3  0 233.446
 0 12 0 0 -2 1  0 230.266
 0 12 0 0 -6 5  2 235.771
 0 12 0 0 -3 5  0 221.587
 0 12 0 0 -5 4  0 230.206
 0 12 0 0 -3 4  0 229.762
 0 12 0 0 -6 4  0 233.165
 0 12 0 0 -2 3  0 232.768
 0 12 0 0 -7 4  3 222.983
 0 12 0 0 -2 2  0 234.107
 0 12 0 0 -6 3  0 233.513
 0 12 0 0 -1 1  0 227.43
 0 12 0 0 -4 1  0 238.623
 0 12 0 0 -1 0  0 231.144
 0 12 0 0 -3 0  0 241.505
 0 12 0 0 0 0  0 242.833
 0 12 0 0 -4 0  0 235.116
 0 12 0 0 1 -2  0 247.903
 0 12 0 0 -6 2  0 241.792
 0 12 0 0 0 -1  0 251.988
 0 12 0 0 -5 1  0 259.012
 0 12 0 0 -2 0  0 263.027
 0 12 0 0 -6 1  2 264.447
 0 12 0 0 -2 -1  0 259.776
 0 12 0 0 -5 0  0 261.813
 0 12 0 0 -1 -1  0 256.961
 0 12 0 0 -4 -1  0 253.061
 0 12 0 0 0 -2  0 246.244
 0 12 0 0 -5 -1  2 241.044
 0 12 0 0 2 -4  1 245.765
 0 12 0 0 -3 -2  0 239.61
 0 12 0 0 2 -4  4 235.301
 0 12 0 0 -3 -1  0 246.935
 0 12 0 0 1 -3  0 235.252
 0 12 0 0 -2 -2  0 237.546
 0 12 0 0 1 -4  0 231.844
 0 12 0 0 -4 -2  0 239.713
 0 12 0 0 3 -6  0 229.743
 0 12 0 0 -3 -3  0 233.337
 0 12 0 0 2 -5  0 236.059
 0 12 0 0 -3 -4  3 242.546
 0 12 0 0 0 -3  0 242.383
 0 12 0 0 -2 -4  0 240.48
 0 12 0 0 -1 -2  0 243.312
 0 12 0 0 -2 -3  0 239.162
 0 12 0 0 -1 -3  0 252.681
 0 12 0 0 -1 -4  0 249.311
 0 12 0 0 3 -7  3 251.357
 0 12 0 0 -1 -5  2 256.581
 0 12 0 0 1 -6  2 256.436
 0 12 0 0 0 -5  0 264.423
 0 12 0 0 1 -5  0 257.961
 0 12 0 0 0 -4  0 260.274
 0 13 0 0 -3 7  3 1976.53
 0 13 0 0 -1 5  0 262.12
 0 13 0 0 0 4  0 253.518
 0 13 0 0 0 5  0 256.17
 0 13 0 0 1 3  0 244.359
 0 13 0 0 -1 6  2 241.19
 0 13 0 0 0 3  0 247.028
 0 13 0 0 2 2  0 240.378
 0 13 0 0 1 2  0 248.296
 0 13 0 0 3 2  0 239.577
 0 13 0 0 2 1  0 242.298
 0 13 0 0 2 3  0 237.673
 0 13 0 0 1 1  0 238.386
 0 13 0 0 1 4  0 236.789
 0 13 0 0 -2 5  0 237.418
 0 13 0 0 2 4  0 241.623
 0 13 0 0 -1 4  0 245.558
 0 13 0 0 1 5  2 231.246
 0 13 0 0 -1 3  0 236.595
 0 13 0 0 4 3  3 231.634
 0 13 0 0 0 2  0 241.45
 0 13 0 0 3 3  0 239.062
 0 13 0 0 0 1  0 234.313
 0 13 0 0 3 1  0 237.537
 0 13 0 0 1 0  0 244.11
 0 13 0 0 3 0  0 238.046
 0 13 0 0 1 -2  1 248.26
 0 13 0 0 4 0  0 240.062
 0 13 0 0 4 2  0 250.955
 0 13 0 0 1 -1  0 251.287
 0 13 0 0 4 1  0 259.892
 0 13 0 0 2 0  0 268.32
 0 13 0 0 5 1  2 257.709
 0 13 0 0 3 -1  0 277.437
 0 13 0 0 5 0  0 272.279
 0 13 0 0 2 -1  0 264.538
 0 13 0 0 5 -1  0 258.282
 0 13 0 0 2 -2  0 252.748
 0 13 0 0 6 -1  2 257.922
 0 13 0 0 1 -2  4 255.512
 0 13 0 0 5 -2  0 254.648
 0 13 0 0 2 -4  0 239.994
 0 13 0 0 4 -1  0 239.177
 0 13 0 0 2 -3  0 242.8
 0 13 0 0 4 -2  0 244.613
 0 13 0 0 3 -4  0 239.92
 0 13 0 0 6 -2  0 238.669
 0 13 0 0 3 -6  0 243.439
 0 13 0 0 6 -3  0 250.283
 0 13 0 0 3 -5  0 241.513
 0 13 0 0 7 -3  3 238.014
 0 13 0 0 3 -3  0 234.187
 0 13 0 0 6 -4  0 249.706
 0 13 0 0 3 -2  0 236.506
 0 13 0 0 5 -3  0 242.38
 0 13 0 0 4 -3  0 245.948
 0 13 0 0 5 -4  0 250.755
 0 13 0 0 4 -6  3 248.495
 0 13 0 0 6 -5  2 253.118
 0 13 0 0 5 -6  2 265.966
 0 13 0 0 5 -5  0 264.513
 0 13 0 0 4 -5  0 264.998
 0 13 0 0 4 -4  0 270.077
 0 13 0 0 2 -6  3 267.867
 0 13 0 0 1 -5  0 265.867
 0 13 0 0 0 -4  0 264.191
 0 13 0 0 0 -5  0 258.502
 0 13 0 0 -1 -3  0 259.541
 0 13 0 0 1 -6  2 253.277
 0 13 0 0 0 -3  0 251.127
 0 13 0 0 -2 -2  0 248.475
 0 13 0 0 -1 -2  0 245.033
 0 13 0 0 -3 -2  0 245.743
 0 13 0 0 -2 -1  0 242.801
 0 13 0 0 -2 -3  0 244.829
 0 13 0 0 -1 -1  0 242.874
 0 13 0 0 -1 -5  2 240.963
 0 13 0 0 2 -5  0 238.485
 0 13 0 0 -1 -4  0 247.062
 0 13 0 0 1 -4  0 236.338
 0 13 0 0 -2 -4  0 244.273
 0 13 0 0 1 -3  0 237.788
 0 13 0 0 -3 -4  3 234.879
 0 13 0 0 0 -2  0 240.532
 0 13 0 0 -3 -3  0 241.967
 0 13 0 0 0 -1  0 246.167
 0 13 0 0 -3 -1  0 247.204
 0 13 0 0 -1 0  0 250.431
 0 13 0 0 -3 0  0 247.567
 0 13 0 0 0 0  0 246.879
 0 13 0 0 -4 0  0 245.644
 0 13 0 0 -1 2  0 248.29
 0 13 0 0 -4 -2  0 256.031
 0 13 0 0 -1 1  0 270.488
 0 13 0 0 -4 -1  0 268.327
 0 13 0 0 -2 0  2 274.533
 0 13 0 0 -5 -1  0 276.089
 0 13 0 0 -3 1  0 273.976
 0 13 0 0 -5 0  0 268.679
 0 13 0 0 -2 1  0 274.598
 0 13 0 0 -5 1  0 260.562
 0 13 0 0 -2 2  2 255.55
 0 13 0 0 -6 1  1 251.166
 0 13 0 0 -2 4  0 251.106
 0 13 0 0 -5 2  4 259.162
 0 13 0 0 -2 4  0 0
 0 13 0 0 -4 1  0 248.885
 0 13 0 0 -2 3  0 248.382
 0 13 0 0 -4 2  0 250.451
 0 13 0 0 -3 4  0 249.442
 0 13 0 0 -6 2  0 246.375
 0 13 0 0 -3 6  0 248.594
 0 13 0 0 -6 3  0 250.986
 0 13 0 0 -3 5  3 251.835
 0 13 0 0 -7 4  3 253.398
 0 13 0 0 -3 3  0 251.527
 0 13 0 0 -6 4  0 252.163
 0 13 0 0 -3 2  0 257.487
 0 13 0 0 -5 3  0 255.251
 0 13 0 0 -4 3  0 253.296
 0 13 0 0 -5 4  3 264.87
 0 13 0 0 -4 7  3 277.373
 0 13 0 0 -6 5  2 274.733
 0 13 0 0 -5 6  0 272.945
 0 13 0 0 -5 5  0 280.466
 0 13 0 0 -4 5  0 271.304
 0 13 0 0 -4 4  3 275.501
 0 14 0 0 4 -7  3 902.155
 0 14 0 0 4 -5  0 284.142
 0 14 0 0 4 -4  0 280.277
 0 14 0 0 5 -5  0 279.932
 0 14 0 0 4 -3  0 281.192
 0 14 0 0 5 -6  2 269.468
 0 14 0 0 3 -3  0 267.736
 0 14 0 0 4 -2  0 263.424
 0 14 0 0 3 -2  0 256.175
 0 14 0 0 5 -2  0 263.263
 0 14 0 0 3 -1  0 262.13
 0 14 0 0 5 -3  0 261.054
 0 14 0 0 2 -1  0 263.903
 0 14 0 0 5 -4  0 267.762
 0 14 0 0 3 -5  0 258.882
 0 14 0 0 6 -4  0 257.21
 0 14 0 0 3 -4  0 261.699
 0 14 0 0 6 -5  2 252.857
 0 14 0 0 2 -3  0 259.599
 0 14 0 0 7 -3  3 260.118
 0 14 0 0 2 -2  0 255.96
 0 14 0 0 6 -3  0 251.128
 0 14 0 0 1 -1  0 261.598
 0 14 0 0 4 -1  0 265.616
 0 14 0 0 1 0  0 263.325
 0 14 0 0 3 0  0 264.216
 0 14 0 0 -1 2  1 256.902
 0 14 0 0 4 0  0 273.21
 0 14 0 0 6 -2  0 273.97
 0 14 0 0 0 1  0 273.34
 0 14 0 0 5 -1  0 274.502
 0 14 0 0 2 0  0 288.573
 0 14 0 0 6 -1  2 289.917
 0 14 0 0 2 1  0 293.168
 0 14 0 0 5 0  0 297.322
 0 14 0 0 1 1  0 285.241
 0 14 0 0 4 1  0 282.728
 0 14 0 0 0 2  0 274.66
 0 14 0 0 5 1  2 270.728
 0 14 0 0 -1 2  4 267.829
 0 14 0 0 3 2  0 276.334
 0 14 0 0 -2 4  0 267.858
 0 14 0 0 3 1  0 263.358
 0 14 0 0 -1 3  0 260.417
 0 14 0 0 2 2  0 262.63
 0 14 0 0 -1 4  0 259.951
 0 14 0 0 4 2  0 266.212
 0 14 0 0 -3 6  0 261.795
 0 14 0 0 3 3  0 256.759
 0 14 0 0 -2 5  0 259.288
 0 14 0 0 4 3  3 266.187
 0 14 0 0 0 3  0 261.012
 0 14 0 0 2 4  0 261.231
 0 14 0 0 1 2  0 267.621
 0 14 0 0 2 3  0 260.494
 0 14 0 0 1 3  0 261.473
 0 14 0 0 1 4  0 261.811
 0 14 0 0 -2 6  3 281.556
 0 14 0 0 1 5  2 282.239
 0 14 0 0 -1 6  2 285.691
 0 14 0 0 0 5  0 286.149
 0 14 0 0 -1 5  0 293.746
 0 14 0 0 0 4  0 295.277
 0 14 0 0 -4 6  3 278.283
 0 14 0 0 -4 5  0 280.723
 0 14 0 0 -4 4  0 280.443
 0 14 0 0 -5 5  0 276.347
 0 14 0 0 -4 3  0 281.805
 0 14 0 0 -5 6  2 276.64
 0 14 0 0 -3 3  0 269.635
 0 14 0 0 -4 2  0 267.648
 0 14 0 0 -3 2  0 269.825
 0 14 0 0 -5 2  0 262.967
 0 14 0 0 -3 1  0 262.148
 0 14 0 0 -5 3  0 256.468
 0 14 0 0 -2 1  0 251.621
 0 14 0 0 -6 5  2 259.807
 0 14 0 0 -3 5  0 255.923
 0 14 0 0 -5 4  0 260.044
 0 14 0 0 -3 4  0 261.709
 0 14 0 0 -6 4  0 250.846
 0 14 0 0 -2 3  0 258.938
 0 14 0 0 -7 4  3 254.812
 0 14 0 0 -2 2  0 263.003
 0 14 0 0 -6 3  0 255.853
 0 14 0 0 -1 1  0 255.119
 0 14 0 0 -4 1  0 257.192
 0 14 0 0 -1 0  0 264.25
 0 14 0 0 -3 0  0 270.946
 0 14 0 0 0 0  0 256.359
 0 14 0 0 -4 0  0 263.825
 0 14 0 0 1 -2  0 271.971
 0 14 0 0 -6 2  0 285.398
 0 14 0 0 0 -1  0 283.207
 0 14 0 0 -5 1  0 277.212
 0 14 0 0 -2 0  0 285.8
 0 14 0 0 -6 1  2 294.84
 0 14 0 0 -2 -1  0 294.52
 0 14 0 0 -5 0  0 282.939
 0 14 0 0 -1 -1  0 268.562
 0 14 0 0 -4 -1  0 266.445
 0 14 0 0 0 -2  0 265.737
 0 14 0 0 -5 -1  2 269.543
 0 14 0 0 2 -4  1 264.164
 0 14 0 0 -3 -2  0 250.014
 0 14 0 0 2 -4  4 258.776
 0 14 0 0 -3 -1  0 256.898
 0 14 0 0 1 -3  0 254.757
 0 14 0 0 -2 -2  0 247.613
 0 14 0 0 1 -4  0 261.565
 0 14 0 0 -4 -2  0 249.816
 0 14 0 0 3 -6  0 247.999
 0 14 0 0 -3 -3  0 261.564
 0 14 0 0 2 -5  0 250.257
 0 14 0 0 -3 -4  3 251.375
 0 14 0 0 0 -3  0 253.307
 0 14 0 0 -2 -4  0 261.432
 0 14 0 0 -1 -2  0 254.048
 0 14 0 0 -2 -3  0 258.118
 0 14 0 0 -1 -3  0 255.425
 0 14 0 0 -1 -4  0 267.493
 0 14 0 0 3 -7  3 267.312
 0 14 0 0 -1 -5  2 271.988
 0 14 0 0 1 -6  2 273.891
 0 14 0 0 0 -5  0 281.908
 0 14 0 0 1 -5  0 286.656
 0 14 0 0 0 -4  0 279.517
 0 15 0 0 -3 7  3 1976.53
 0 15 0 0 -1 5  0 287.651
 0 15 0 0 0 4  0 292.945
 0 15 0 0 0 5  0 279.592
 0 15 0 0 1 3  0 278.031
 0 15 0 0 -1 6  2 284.304
 0 15 0 0 0 3  0 275.121
 0 15 0 0 2 2  0 266.754
 0 15 0 0 1 2  0 272.151
 0 15 0 0 3 2  0 263.667
 0 15 0 0 2 1  0 264.147
 0 15 0 0 2 3  0 270.129
 0 15 0 0 1 1  0 263.806
 0 15 0 0 1 4  0 262.584
 0 15 0 0 -2 5  0 261.683
 0 15 0 0 2 4  0 259.409
 0 15 0 0 -1 4  0 267.118
 0 15 0 0 1 5  2 263.367
 0 15 0 0 -1 3  0 263.19
 0 15 0 0 4 3  3 261.644
 0 15 0 0 0 2  0 258.163
 0 15 0 0 3 3  0 263.978
 0 15 0 0 0 1  0 265.871
 0 15 0 0 3 1  0 266.222
 0 15 0 0 1 0  0 262.817
 0 15 0 0 3 0  0 262.785
 0 15 0 0 1 -2  1 263.72
 0 15 0 0 4 0  0 263.911
 0 15 0 0 4 2  0 269.354
 0 15 0 0 1 -1  0 267.697
 0 15 0 0 4 1  0 288.363
 0 15 0 0 2 0  0 294.452
 0 15 0 0 5 1  2 290.079
 0 15 0 0 3 -1  0 295.814
 0 15 0 0 5 0  0 296.849
 0 15 0 0 2 -1  0 293.524
 0 15 0 0 5 -1  0 281.891
 0 15 0 0 2 -2  0 273.288
 0 15 0 0 6 -1  2 275.253
 0 15 0 0 1 -2  4 265.336
 0 15 0 0 5 -2  0 274.043
 0 15 0 0 2 -4  0 254.958
 0 15 0 0 4 -1  0 262.832
 0 15 0 0 2 -3  0 265.124
 0 15 0 0 4 -2  0 260.973
 0 15 0 0 3 -4  0 262.209
 0 15 0 0 6 -2  0 265.878
 0 15 0 0 3 -6  0 261.323
 0 15 0 0 6 -3  0 264.089
 0 15 0 0 3 -5  0 268.896
 0 15 0 0 7 -3  3 268.339
 0 15 0 0 3 -3  0 256.678
 0 15 0 0 6 -4  0 262.713
 0 15 0 0 3 -2  0 262.343
 0 15 0 0 5 -3  0 264.727
 0 15 0 0 4 -3  0 261.364
 0 15 0 0 5 -4  0 264.882
 0 15 0 0 4 -6  3 274.311
 0 15 0 0 6 -5  2 283.512
 0 15 0 0 5 -6  2 294.788
 0 15 0 0 5 -5  0 288.789
 0 15 0 0 4 -5  0 297.938
 0 15 0 0 4 -4  0 287.52
 0 15 0 0 2 -6  3 266.205
 0 15 0 0 1 -5  0 269.093
 0 15 0 0 0 -4  0 266.021
 0 15 0 0 0 -5  0 257.868
 0 15 0 0 -1 -3  0 268.988
 0 15 0 0 1 -6  2 253.438
 0 15 0 0 0 -3  0 247.667
 0 15 0 0 -2 -2  0 245.822
 0 15 0 0 -1 -2  0 244.901
 0 15 0 0 -3 -2  0 239.364
 0 15 0 0 -2 -1  0 246.347
 0 15 0 0 -2 -3  0 242.073
 0 15 0 0 -1 -1  0 240.193
 0 15 0 0 -1 -5  2 235.837
 0 15 0 0 2 -5  0 239.264
 0 15 0 0 -1 -4  0 235.623
 0 15 0 0 1 -4  0 244.27
 0 15 0 0 -2 -4  0 241.777
 0 15 0 0 1 -3  0 236.396
 0 15 0 0 -3 -4  3 236.811
 0 15 0 0 0 -2  0 238.165
 0 15 0 0 -3 -3  0 239.631
 0 15 0 0 0 -1  0 240.088
 0 15 0 0 -3 -1  0 239.12
 0 15 0 0 -1 0  0 249.55
 0 15 0 0 -3 0  0 249.841
 0 15 0 0 0 0  0 250.363
 0 15 0 0 -4 0  0 252.527
 0 15 0 0 -1 2  0 251.124
 0 15 0 0 -4 -2  0 259.763
 0 15 0 0 -1 1  0 261.569
 0 15 0 0 -4 -1  0 260.883
 0 15 0 0 -2 0  2 270.438
 0 15 0 0 -5 -1  0 271.156
 0 15 0 0 -3 1  0 272.569
 0 15 0 0 -5 0  0 265.957
 0 15 0 0 -2 1  0 264.334
 0 15 0 0 -5 1  0 255.615
 0 15 0 0 -2 2  2 252.345
 0 15 0 0 -6 1  1 250.143
 0 15 0 0 -2 4  0 250.235
 0 15 0 0 -5 2  4 246.787
 0 15 0 0 -2 4  0 0
 0 15 0 0 -4 1  0 239.15
 0 15 0 0 -2 3  0 242.293
 0 15 0 0 -4 2  0 241.562
 0 15 0 0 -3 4  0 244.46
 0 15 0 0 -6 2  0 248.407
 0 15 0 0 -3 6  0 241.636
 0 15 0 0 -6 3  0 241.069
 0 15 0 0 -3 5  3 243.785
 0 15 0 0 -7 4  3 237.761
 0 15 0 0 -3 3  0 244.081
 0 15 0 0 -6 4  0 248.627
 0 15 0 0 -3 2  0 249.556
 0 15 0 0 -5 3  0 252.033
 0 15 0 0 -4 3  0 256.192
 0 15 0 0 -5 4  3 260.117
 0 15 0 0 -4 7  3 259.414
 0 15 0 0 -6 5  2 261.478
 0 15 0 0 -5 6  0 268.983
 0 15 0 0 -5 5  0 269.267
 0 15 0 0 -4 5  0 266.915
 0 15 0 0 -4 4  3 269.73
 0 16 0 0 4 -7  3 902.155
 0 16 0 0 4 -5  0 286.942
 0 16 0 0 4 -4  0 285.408
 0 16 0 0 5 -5  0 276.603
 0 16 0 0 4 -3  0 288.141
 0 16 0 0 5 -6  2 283.987
 0 16 0 0 3 -3  0 273.761
 0 16 0 0 4 -2  0 267.753
 0 16 0 0 3 -2  0 267.239
 0 16 0 0 5 -2  0 266.442
 0 16 0 0 3 -1  0 263.518
 0 16 0 0 5 -3  0 260.223
 0 16 0 0 2 -1  0 260.142
 0 16 0 0 5 -4  0 263.368
 0 16 0 0 3 -5  0 270.372
 0 16 0 0 6 -4  0 264.598
 0 16 0 0 3 -4  0 250.398
 0 16 0 0 6 -5  2 261.033
 0 16 0 0 2 -3  0 258.335
 0 16 0 0 7 -3  3 261.418
 0 16 0 0 2 -2  0 257.603
 0 16 0 0 6 -3  0 263.577
 0 16 0 0 1 -1  0 263.793
 0 16 0 0 4 -1  0 271.133
 0 16 0 0 1 0  0 253.451
 0 16 0 0 3 0  0 263.652
 0 16 0 0 -1 2  1 260.57
 0 16 0 0 4 0  0 268.748
 0 16 0 0 6 -2  0 268.618
 0 16 0 0 0 1  0 277.822
 0 16 0 0 5 -1  0 285.91
 0 16 0 0 2 0  0 280.726
 0 16 0 0 6 -1  2 288.617
 0 16 0 0 2 1  0 298.781
 0 16 0 0 5 0  0 294.827
 0 16 0 0 1 1  0 281.631
 0 16 0 0 4 1  0 290.785
 0 16 0 0 0 2  0 288.961
 0 16 0 0 5 1  2 280.548
 0 16 0 0 -1 2  4 276.38
 0 16 0 0 3 2  0 279.12
 0 16 0 0 -2 4  0 274.433
 0 16 0 0 3 1  0 270.337
 0 16 0 0 -1 3  0 264.975
 0 16 0 0 2 2  0 260.797
 0 16 0 0 -1 4  0 265.776
 0 16 0 0 4 2  0 267.581
 0 16 0 0 -3 6  0 266.287
 0 16 0 0 3 3  0 266.944
 0 16 0 0 -2 5  0 269.278
 0 16 0 0 4 3  3 280.61
 0 16 0 0 0 3  0 273.826
 0 16 0 0 2 4  0 276.351
 0 16 0 0 1 2  0 266.897
 0 16 0 0 2 3  0 271.763
 0 16 0 0 1 3  0 277.594
 0 16 0 0 1 4  0 283.146
 0 16 0 0 -2 6  3 279.069
 0 16 0 0 1 5  2 298.407
 0 16 0 0 -1 6  2 292.317
 0 16 0 0 0 5  0 295.237
 0 16 0 0 -1 5  0 298.072
 0 16 0 0 0 4  0 294.272
 0 16 0 0 -4 6  3 277.493
 0 16 0 0 -4 5  0 275.163
 0 16 0 0 -4 4  0 276.685
 0 16 0 0 -5 5  0 271.933
 0 16 0 0 -4 3  0 263.163
 0 16 0 0 -5 6  2 265.538
 0 16 0 0 -3 3  0 260.817
 0 16 0 0 -4 2  0 261.294
 0 16 0 0 -3 2  0 255.708
 0 16 0 0 -5 2  0 248.933
 0 16 0 0 -3 1  0 261.798
 0 16 0 0 -5 3  0 255.333
 0 16 0 0 -2 1  0 254.058
 0 16 0 0 -6 5  2 253.177
 0 16 0 0 -3 5  0 247.28
 0 16 0 0 -5 4  0 245.982
 0 16 0 0 -3 4  0 251.02
 0 16 0 0 -6 4  0 244.657
 0 16 0 0 -2 3  0 242.613
 0 16 0 0 -7 4  3 244.462
 0 16 0 0 -2 2  0 253.044
 0 16 0 0 -6 3  0 250.437
 0 16 0 0 -1 1  0 257.334
 0 16 0 0 -4 1  0 250.072
 0 16 0 0 -1 0  0 253.546
 0 16 0 0 -3 0  0 256.373
 0 16 0 0 0 0  0 257.387
 0 16 0 0 -4 0  0 263.883
 0 16 0 0 1 -2  0 261.574
 0 16 0 0 -6 2  0 264.651
 0 16 0 0 0 -1  0 278.861
 0 16 0 0 -5 1  0 277.067
 0 16 0 0 -2 0  0 286.028
 0 16 0 0 -6 1  2 288.418
 0 16 0 0 -2 -1  0 284.65
 0 16 0 0 -5 0  0 287.428
 0 16 0 0 -1 -1  0 272.475
 0 16 0 0 -4 -1  0 274.587
 0 16 0 0 0 -2  0 270.37
 0 16 0 0 -5 -1  2 268.424
 0 16 0 0 2 -4  1 256.702
 0 16 0 0 -3 -2  0 250.863
 0 16 0 0 2 -4  4 254.366
 0 16 0 0 -3 -1  0 264.113
 0 16 0 0 1 -3  0 257.704
 0 16 0 0 -2 -2  0 251.748
 0 16 0 0 1 -4  0 262.755
 0 16 0 0 -4 -2  0 254.839
 0 16 0 0 3 -6  0 249.428
 0 16 0 0 -3 -3  0 255.768
 0 16 0 0 2 -5  0 258.337
 0 16 0 0 -3 -4  3 260.361
 0 16 0 0 0 -3  0 266.224
 0 16 0 0 -2 -4  0 255.713
 0 16 0 0 -1 -2  0 261.279
 0 16 0 0 -2 -3  0 263.926
 0 16 0 0 -1 -3  0 266.88
 0 16 0 0 -1 -4  0 279.675
 0 16 0 0 3 -7  3 278.723
 0 16 0 0 -1 -5  2 282.283
 0 16 0 0 1 -6  2 285.964
 0 16 0 0 0 -5  0 279.954
 0 16 0 0 1 -5  0 279.217
 0 16 0 0 0 -4  0 275.896
