SCHEME_CODE 0
# CODE  LAYER SENSOR_IX SENSOR_IV  IX  IV TYPE  VALUE
 0 1 0 0 -3 7  3 273.897
 0 1 0 0 -1 5  0 278.589
 0 1 0 0 0 4  0 269.204
 0 1 0 0 0 5  0 261.13
 0 1 0 0 1 3  0 265.513
 0 1 0 0 -1 6  2 256.756
 0 1 0 0 0 3  0 246.714
 0 1 0 0 2 2  0 254.174
 0 1 0 0 1 2  0 254.003
 0 1 0 0 3 2  0 247.441
 0 1 0 0 2 1  0 246.758
 0 1 0 0 2 3  0 253.568
 0 1 0 0 1 1  0 245.674
 0 1 0 0 1 4  0 243.022
 0 1 0 0 -2 5  0 242.653
 0 1 0 0 2 4  0 246.317
 0 1 0 0 -1 4  0 245.796
 0 1 0 0 1 5  2 246.664
 0 1 0 0 -1 3  0 247.279
 0 1 0 0 4 3  3 249.872
 0 1 0 0 0 2  0 247.602
 0 1 0 0 3 3  0 245.611
 0 1 0 0 0 1  0 250.464
 0 1 0 0 3 1  0 246.304
 0 1 0 0 1 0  0 248.484
 0 1 0 0 3 0  0 252.546
 0 1 0 0 1 -2  1 255.056
 0 1 0 0 4 0  0 260.323
 0 1 0 0 4 2  0 264.19
 0 1 0 0 1 -1  0 267.424
 0 1 0 0 4 1  0 285.946
 0 1 0 0 2 0  0 276.527
 0 1 0 0 5 1  2 281.782
 0 1 0 0 3 -1  0 286.342
 0 1 0 0 5 0  0 273.3
 0 1 0 0 2 -1  0 273.791
 0 1 0 0 5 -1  0 274.659
 0 1 0 0 2 -2  0 260.656
 0 1 0 0 6 -1  2 263.66
 0 1 0 0 1 -2  4 264.478
 0 1 0 0 5 -2  0 255.842
 0 1 0 0 2 -4  0 251.524
 0 1 0 0 4 -1  0 255.777
 0 1 0 0 2 -3  0 250.776
 0 1 0 0 4 -2  0 257.88
 0 1 0 0 3 -4  0 256.05
 0 1 0 0 6 -2  0 247.86
 0 1 0 0 3 -6  0 248.592
 0 1 0 0 6 -3  0 248.171
 0 1 0 0 3 -5  0 247.95
 0 1 0 0 7 -3  3 255.109
 0 1 0 0 3 -3  0 251.101
 0 1 0 0 6 -4  0 260.271
 0 1 0 0 3 -2  0 261.032
 0 1 0 0 5 -3  0 259.779
 0 1 0 0 4 -3  0 266.372
 0 1 0 0 5 -4  0 268.477
 0 1 0 0 4 -6  3 273.583
 0 1 0 0 6 -5  2 268.022
 0 1 0 0 5 -6  2 281.608
 0 1 0 0 5 -5  0 278.949
 0 1 0 0 4 -5  0 273.752
 0 1 0 0 4 -4  0 273.233
 0 1 0 0 2 -6  3 3241.84
 0 1 0 0 1 -5  0 277.91
 0 1 0 0 0 -4  0 276.948
 0 1 0 0 0 -5  0 275.91
 0 1 0 0 -1 -3  0 269.642
 0 1 0 0 1 -6  2 265.729
 0 1 0 0 0 -3  0 252.5
 0 1 0 0 -2 -2  0 256.914
 0 1 0 0 -1 -2  0 258.307
 0 1 0 0 -3 -2  0 255.327
 0 1 0 0 -2 -1  0 257.106
 0 1 0 0 -2 -3  0 249.314
 0 1 0 0 -1 -1  0 247.277
 0 1 0 0 -1 -5  2 247.439
 0 1 0 0 2 -5  0 253.794
 0 1 0 0 -1 -4  0 250.602
 0 1 0 0 1 -4  0 245.284
 0 1 0 0 -2 -4  0 247.084
 0 1 0 0 1 -3  0 252.909
 0 1 0 0 -3 -4  3 249.152
 0 1 0 0 0 -2  0 249.397
 0 1 0 0 -3 -3  0 255.136
 0 1 0 0 0 -1  0 255.649
 0 1 0 0 -3 -1  0 254.333
 0 1 0 0 -1 0  0 260.722
 0 1 0 0 -3 0  0 253.761
 0 1 0 0 0 0  0 255.228
 0 1 0 0 -4 0  0 260.778
 0 1 0 0 -1 2  0 264.282
 0 1 0 0 -4 -2  0 271.797
 0 1 0 0 -1 1  0 281.872
 0 1 0 0 -4 -1  0 282.754
 0 1 0 0 -2 0  0 284.094
 0 1 0 0 -5 -1  2 287.547
 0 1 0 0 -3 1  0 293.659
 0 1 0 0 -5 0  0 288.627
 0 1 0 0 -2 1  0 277.804
 0 1 0 0 -5 1  0 275.299
 0 1 0 0 -2 2  0 274.354
 0 1 0 0 -6 1  2 265.143
 0 1 0 0 -2 4  1 269.219
 0 1 0 0 -5 2  0 263.476
 0 1 0 0 -2 4  4 257.572
 0 1 0 0 -4 1  0 257.887
 0 1 0 0 -2 3  0 255.88
 0 1 0 0 -4 2  0 257.519
 0 1 0 0 -3 4  0 258.004
 0 1 0 0 -6 2  0 256.678
 0 1 0 0 -3 6  0 253.287
 0 1 0 0 -6 3  0 256.183
 0 1 0 0 -3 5  0 257.236
 0 1 0 0 -7 4  3 255.734
 0 1 0 0 -3 3  0 260.96
 0 1 0 0 -6 4  0 265.266
 0 1 0 0 -3 2  0 263.031
 0 1 0 0 -5 3  0 257.321
 0 1 0 0 -4 3  0 265.912
 0 1 0 0 -5 4  0 266.278
 0 1 0 0 -4 7  3 276.037
 0 1 0 0 -6 5  2 279.791
 0 1 0 0 -5 6  2 284.381
 0 1 0 0 -5 5  0 280.23
 0 1 0 0 -4 5  0 288.162
 0 1 0 0 -4 4  0 287.788
