SCHEME_CODE 0
# CODE  LAYER SENSOR_IX SENSOR_IV  IX  IV TYPE  VALUE
 0 1 0 0 -3 7  3 275.256
 0 1 0 0 -1 5  0 271.855
 0 1 0 0 0 4  0 264.019
 0 1 0 0 0 5  0 255.472
 0 1 0 0 1 3  0 258.733
 0 1 0 0 -1 6  2 255.498
 0 1 0 0 0 3  0 258.522
 0 1 0 0 2 2  0 245.384
 0 1 0 0 1 2  0 254.648
 0 1 0 0 3 2  0 251.058
 0 1 0 0 2 1  0 246.887
 0 1 0 0 2 3  0 240.284
 0 1 0 0 1 1  0 236.668
 0 1 0 0 1 4  0 241.593
 0 1 0 0 -2 5  0 243.401
 0 1 0 0 2 4  0 237.052
 0 1 0 0 -1 4  0 237.413
 0 1 0 0 1 5  2 233.243
 0 1 0 0 -1 3  0 240.352
 0 1 0 0 4 3  3 241.032
 0 1 0 0 0 2  0 241.178
 0 1 0 0 3 3  0 242.414
 0 1 0 0 0 1  0 250.646
 0 1 0 0 3 1  0 252.676
 0 1 0 0 1 0  0 246.612
 0 1 0 0 3 0  0 246.808
 0 1 0 0 1 -2  1 254.182
 0 1 0 0 4 0  0 254.899
 0 1 0 0 4 2  0 266.763
 0 1 0 0 1 -1  0 270.442
 0 1 0 0 4 1  0 265.928
 0 1 0 0 2 0  0 272.608
 0 1 0 0 5 1  2 272.038
 0 1 0 0 3 -1  0 273.733
 0 1 0 0 5 0  0 271.844
 0 1 0 0 2 -1  0 271.633
 0 1 0 0 5 -1  0 259.295
 0 1 0 0 2 -2  0 255.611
 0 1 0 0 6 -1  2 258.449
 0 1 0 0 1 -2  4 254.018
 0 1 0 0 5 -2  0 252.838
 0 1 0 0 2 -4  0 252.593
 0 1 0 0 4 -1  0 249.657
 0 1 0 0 2 -3  0 247.711
 0 1 0 0 4 -2  0 244.907
 0 1 0 0 3 -4  0 250.023
 0 1 0 0 6 -2  0 248.602
 0 1 0 0 3 -6  0 239.116
 0 1 0 0 6 -3  0 256.163
 0 1 0 0 3 -5  0 253.619
 0 1 0 0 7 -3  3 252.488
 0 1 0 0 3 -3  0 253.612
 0 1 0 0 6 -4  0 252.968
 0 1 0 0 3 -2  0 253.417
 0 1 0 0 5 -3  0 255.504
 0 1 0 0 4 -3  0 254.531
 0 1 0 0 5 -4  0 262.082
 0 1 0 0 4 -6  3 272.887
 0 1 0 0 6 -5  2 266.881
 0 1 0 0 5 -6  2 270.203
 0 1 0 0 5 -5  0 266.798
 0 1 0 0 4 -5  0 268.498
 0 1 0 0 4 -4  0 263.507
 0 1 0 0 2 -6  3 275.952
 0 1 0 0 1 -5  0 264.023
 0 1 0 0 0 -4  0 267.216
 0 1 0 0 0 -5  0 263.938
 0 1 0 0 -1 -3  0 255.793
 0 1 0 0 1 -6  2 253.452
 0 1 0 0 0 -3  0 251.517
 0 1 0 0 -2 -2  0 257.338
 0 1 0 0 -1 -2  0 248.547
 0 1 0 0 -3 -2  0 252.124
 0 1 0 0 -2 -1  0 247.755
 0 1 0 0 -2 -3  0 246.498
 0 1 0 0 -1 -1  0 247.007
 0 1 0 0 -1 -5  2 246.415
 0 1 0 0 2 -5  0 252.111
 0 1 0 0 -1 -4  0 245.317
 0 1 0 0 1 -4  0 242.323
 0 1 0 0 -2 -4  0 249.071
 0 1 0 0 1 -3  0 250.618
 0 1 0 0 -3 -4  3 244.892
 0 1 0 0 0 -2  0 248.116
 0 1 0 0 -3 -3  0 253.346
 0 1 0 0 0 -1  0 247.699
 0 1 0 0 -3 -1  0 250.99
 0 1 0 0 -1 0  0 252.163
 0 1 0 0 -3 0  0 258.304
 0 1 0 0 0 0  0 256.303
 0 1 0 0 -4 0  0 261.938
 0 1 0 0 -1 2  0 268.253
 0 1 0 0 -4 -2  0 267.576
 0 1 0 0 -1 1  0 272.494
 0 1 0 0 -4 -1  0 272.716
 0 1 0 0 -2 0  0 283.027
 0 1 0 0 -5 -1  2 281.057
 0 1 0 0 -3 1  0 279.869
 0 1 0 0 -5 0  0 277.817
 0 1 0 0 -2 1  0 275.033
 0 1 0 0 -5 1  0 274.552
 0 1 0 0 -2 2  0 271.252
 0 1 0 0 -6 1  2 264.907
 0 1 0 0 -2 4  1 266.896
 0 1 0 0 -5 2  0 262.692
 0 1 0 0 -2 4  4 247.513
 0 1 0 0 -4 1  0 256.581
 0 1 0 0 -2 3  0 254.401
 0 1 0 0 -4 2  0 259.399
 0 1 0 0 -3 4  0 250.076
 0 1 0 0 -6 2  0 248.696
 0 1 0 0 -3 6  0 246.167
 0 1 0 0 -6 3  0 252.823
 0 1 0 0 -3 5  0 252.657
 0 1 0 0 -7 4  3 251.917
 0 1 0 0 -3 3  0 258.413
 0 1 0 0 -6 4  0 254.023
 0 1 0 0 -3 2  0 263.264
 0 1 0 0 -5 3  0 266.406
 0 1 0 0 -4 3  0 260.759
 0 1 0 0 -5 4  0 264.11
 0 1 0 0 -4 7  3 270.257
 0 1 0 0 -6 5  2 279.836
 0 1 0 0 -5 6  2 273.849
 0 1 0 0 -5 5  0 267.923
 0 1 0 0 -4 5  0 277.929
 0 1 0 0 -4 4  0 278.228
