SCHEME_CODE 0
# CODE  LAYER SENSOR_IX SENSOR_IV  IX  IV TYPE  VALUE
 0 1 0 0 -3 7  3 273.331
 0 1 0 0 -1 5  0 264.473
 0 1 0 0 0 4  0 260.943
 0 1 0 0 0 5  0 261.587
 0 1 0 0 1 3  0 269.8
 0 1 0 0 -1 6  2 257.252
 0 1 0 0 0 3  0 256.248
 0 1 0 0 2 2  0 250.609
 0 1 0 0 1 2  0 254.554
 0 1 0 0 3 2  0 243.15
 0 1 0 0 2 1  0 249.059
 0 1 0 0 2 3  0 247.633
 0 1 0 0 1 1  0 247.326
 0 1 0 0 1 4  0 250.768
 0 1 0 0 -2 5  0 248.472
 0 1 0 0 2 4  0 245.821
 0 1 0 0 -1 4  0 243.178
 0 1 0 0 1 5  2 244.417
 0 1 0 0 -1 3  0 250.25
 0 1 0 0 4 3  3 238.997
 0 1 0 0 0 2  0 252.664
 0 1 0 0 3 3  0 242.287
 0 1 0 0 0 1  0 246.886
 0 1 0 0 3 1  0 256.423
 0 1 0 0 1 0  0 253.182
 0 1 0 0 3 0  0 252.762
 0 1 0 0 1 -2  1 252.021
 0 1 0 0 4 0  0 258.06
 0 1 0 0 4 2  0 267.206
 0 1 0 0 1 -1  0 272.73
 0 1 0 0 4 1  0 268.892
 0 1 0 0 2 0  0 267.861
 0 1 0 0 5 1  2 269.123
 0 1 0 0 3 -1  0 267.467
 0 1 0 0 5 0  0 275.555
 0 1 0 0 2 -1  0 263.514
 0 1 0 0 5 -1  0 260.288
 0 1 0 0 2 -2  0 256.899
 0 1 0 0 6 -1  2 259.487
 0 1 0 0 1 -2  4 249.501
 0 1 0 0 5 -2  0 259.555
 0 1 0 0 2 -4  0 255.946
 0 1 0 0 4 -1  0 257.385
 0 1 0 0 2 -3  0 249.095
 0 1 0 0 4 -2  0 249.551
 0 1 0 0 3 -4  0 246.367
 0 1 0 0 6 -2  0 247.208
 0 1 0 0 3 -6  0 253.605
 0 1 0 0 6 -3  0 251.403
 0 1 0 0 3 -5  0 255.752
 0 1 0 0 7 -3  3 245.773
 0 1 0 0 3 -3  0 251.332
 0 1 0 0 6 -4  0 259.368
 0 1 0 0 3 -2  0 257.423
 0 1 0 0 5 -3  0 258.619
 0 1 0 0 4 -3  0 257.446
 0 1 0 0 5 -4  0 267.257
 0 1 0 0 4 -6  3 266.397
 0 1 0 0 6 -5  2 260.936
 0 1 0 0 5 -6  2 266.369
 0 1 0 0 5 -5  0 267.133
 0 1 0 0 4 -5  0 273.438
 0 1 0 0 4 -4  0 268.645
 0 1 0 0 2 -6  3 279.093
 0 1 0 0 1 -5  0 270.539
 0 1 0 0 0 -4  0 277.637
 0 1 0 0 0 -5  0 271.749
 0 1 0 0 -1 -3  0 276.163
 0 1 0 0 1 -6  2 267.238
 0 1 0 0 0 -3  0 266.419
 0 1 0 0 -2 -2  0 265.652
 0 1 0 0 -1 -2  0 261.118
 0 1 0 0 -3 -2  0 262.608
 0 1 0 0 -2 -1  0 263.222
 0 1 0 0 -2 -3  0 256.348
 0 1 0 0 -1 -1  0 261.62
 0 1 0 0 -1 -5  2 260.044
 0 1 0 0 2 -5  0 254.509
 0 1 0 0 -1 -4  0 256.112
 0 1 0 0 1 -4  0 251.938
 0 1 0 0 -2 -4  0 261.724
 0 1 0 0 1 -3  0 255.911
 0 1 0 0 -3 -4  3 254.588
 0 1 0 0 0 -2  0 262.553
 0 1 0 0 -3 -3  0 259.382
 0 1 0 0 0 -1  0 259.812
 0 1 0 0 -3 -1  0 267.493
 0 1 0 0 -1 0  0 263.055
 0 1 0 0 -3 0  0 267.399
 0 1 0 0 0 0  0 269.723
 0 1 0 0 -4 0  0 279.288
 0 1 0 0 -1 2  0 274.269
 0 1 0 0 -4 -2  0 277.69
 0 1 0 0 -1 1  0 279.552
 0 1 0 0 -4 -1  0 279.211
 0 1 0 0 -2 0  0 286.043
 0 1 0 0 -5 -1  2 282.363
 0 1 0 0 -3 1  0 287.696
 0 1 0 0 -5 0  0 276.129
 0 1 0 0 -2 1  0 275.858
 0 1 0 0 -5 1  0 272.616
 0 1 0 0 -2 2  0 276.074
 0 1 0 0 -6 1  2 270.236
 0 1 0 0 -2 4  1 265.896
 0 1 0 0 -5 2  0 263.348
 0 1 0 0 -2 4  4 263.158
 0 1 0 0 -4 1  0 260.765
 0 1 0 0 -2 3  0 256.563
 0 1 0 0 -4 2  0 264.605
 0 1 0 0 -3 4  0 262.728
 0 1 0 0 -6 2  0 257.526
 0 1 0 0 -3 6  0 262.393
 0 1 0 0 -6 3  0 262.248
 0 1 0 0 -3 5  0 265.387
 0 1 0 0 -7 4  3 266.495
 0 1 0 0 -3 3  0 264.721
 0 1 0 0 -6 4  0 262.387
 0 1 0 0 -3 2  0 266.592
 0 1 0 0 -5 3  0 268.742
 0 1 0 0 -4 3  0 268.962
 0 1 0 0 -5 4  0 276.932
 0 1 0 0 -4 7  3 274.737
 0 1 0 0 -6 5  2 280.772
 0 1 0 0 -5 6  2 276.034
 0 1 0 0 -5 5  0 276.413
 0 1 0 0 -4 5  0 273.937
 0 1 0 0 -4 4  0 279.363
