SCHEME_CODE 0
# CODE  LAYER SENSOR_IX SENSOR_IV  IX  IV TYPE  VALUE
 0 1 0 0 -3 7  3 3326.64
 0 1 0 0 -1 5  0 301.292
 0 1 0 0 0 4  0 296.817
 0 1 0 0 0 5  0 288.402
 0 1 0 0 1 3  0 293.673
 0 1 0 0 -1 6  2 281.467
 0 1 0 0 0 3  0 282.091
 0 1 0 0 2 2  0 283.015
 0 1 0 0 1 2  0 278.408
 0 1 0 0 3 2  0 271.411
 0 1 0 0 2 1  0 272.545
 0 1 0 0 2 3  0 277.239
 0 1 0 0 1 1  0 273.285
 0 1 0 0 1 4  0 271.493
 0 1 0 0 -2 5  0 265.223
 0 1 0 0 2 4  0 270.825
 0 1 0 0 -1 4  0 268.044
 0 1 0 0 1 5  2 273.776
 0 1 0 0 -1 3  0 260.252
 0 1 0 0 4 3  3 273.259
 0 1 0 0 0 2  0 276.854
 0 1 0 0 3 3  0 270.444
 0 1 0 0 0 1  0 276.838
 0 1 0 0 3 1  0 270.908
 0 1 0 0 1 0  0 274.553
 0 1 0 0 3 0  0 268.748
 0 1 0 0 1 -2  1 274.252
 0 1 0 0 4 0  0 275.587
 0 1 0 0 4 2  0 291.487
 0 1 0 0 1 -1  0 308.467
 0 1 0 0 4 1  0 300.354
 0 1 0 0 2 0  0 309.938
 0 1 0 0 5 1  2 312.087
 0 1 0 0 3 -1  0 310.088
 0 1 0 0 5 0  0 301.665
 0 1 0 0 2 -1  0 290.798
 0 1 0 0 5 -1  0 291.204
 0 1 0 0 2 -2  0 292.112
 0 1 0 0 6 -1  2 283.948
 0 1 0 0 1 -2  4 284.839
 0 1 0 0 5 -2  0 274.962
 0 1 0 0 2 -4  0 280.508
 0 1 0 0 4 -1  0 278.616
 0 1 0 0 2 -3  0 275.714
 0 1 0 0 4 -2  0 277.522
 0 1 0 0 3 -4  0 270.446
 0 1 0 0 6 -2  0 269.949
 0 1 0 0 3 -6  0 274.22
 0 1 0 0 6 -3  0 274.39
 0 1 0 0 3 -5  0 276.507
 0 1 0 0 7 -3  3 273.283
 0 1 0 0 3 -3  0 272.264
 0 1 0 0 6 -4  0 270.202
 0 1 0 0 3 -2  0 279.723
 0 1 0 0 5 -3  0 281.108
 0 1 0 0 4 -3  0 285.74
 0 1 0 0 5 -4  0 283.765
 0 1 0 0 4 -6  3 293.187
 0 1 0 0 6 -5  2 295.146
 0 1 0 0 5 -6  2 297.666
 0 1 0 0 5 -5  0 307.303
 0 1 0 0 4 -5  0 307.745
 0 1 0 0 4 -4  0 304.878
 0 1 0 0 2 -6  3 254.748
 0 1 0 0 1 -5  0 255.831
 0 1 0 0 0 -4  0 253.091
 0 1 0 0 0 -5  0 257.218
 0 1 0 0 -1 -3  0 244.42
 0 1 0 0 1 -6  2 246.898
 0 1 0 0 0 -3  0 236.586
 0 1 0 0 -2 -2  0 236.183
 0 1 0 0 -1 -2  0 228.316
 0 1 0 0 -3 -2  0 230.194
 0 1 0 0 -2 -1  0 235.124
 0 1 0 0 -2 -3  0 232.743
 0 1 0 0 -1 -1  0 228.441
 0 1 0 0 -1 -5  2 232.328
 0 1 0 0 2 -5  0 228.463
 0 1 0 0 -1 -4  0 228.135
 0 1 0 0 1 -4  0 225.949
 0 1 0 0 -2 -4  0 230.872
 0 1 0 0 1 -3  0 232.104
 0 1 0 0 -3 -4  3 228.703
 0 1 0 0 0 -2  0 226.189
 0 1 0 0 -3 -3  0 226.379
 0 1 0 0 0 -1  0 231.393
 0 1 0 0 -3 -1  0 240.256
 0 1 0 0 -1 0  0 237.521
 0 1 0 0 -3 0  0 234.718
 0 1 0 0 0 0  0 241.067
 0 1 0 0 -4 0  0 249.276
 0 1 0 0 -1 2  0 235.332
 0 1 0 0 -4 -2  0 242.592
 0 1 0 0 -1 1  0 253.727
 0 1 0 0 -4 -1  0 258.592
 0 1 0 0 -2 0  2 264.228
 0 1 0 0 -5 -1  0 269.481
 0 1 0 0 -3 1  0 271.743
 0 1 0 0 -5 0  0 258.459
 0 1 0 0 -2 1  0 262.149
 0 1 0 0 -5 1  0 251.962
 0 1 0 0 -2 2  2 250.143
 0 1 0 0 -6 1  1 242.711
 0 1 0 0 -2 4  0 238.018
 0 1 0 0 -5 2  4 238.336
 0 1 0 0 -2 4  0 0
 0 1 0 0 -4 1  0 235.906
 0 1 0 0 -2 3  0 235.715
 0 1 0 0 -4 2  0 237.825
 0 1 0 0 -3 4  0 234.772
 0 1 0 0 -6 2  0 235.932
 0 1 0 0 -3 6  0 241.313
 0 1 0 0 -6 3  0 231.768
 0 1 0 0 -3 5  3 230.847
 0 1 0 0 -7 4  3 230.622
 0 1 0 0 -3 3  0 236.402
 0 1 0 0 -6 4  0 240.492
 0 1 0 0 -3 2  0 234.656
 0 1 0 0 -5 3  0 245.928
 0 1 0 0 -4 3  0 249.261
 0 1 0 0 -5 4  3 249.697
 0 1 0 0 -4 7  3 258.962
 0 1 0 0 -6 5  2 255.778
 0 1 0 0 -5 6  0 260.473
 0 1 0 0 -5 5  0 261.933
 0 1 0 0 -4 5  0 261.748
 0 1 0 0 -4 4  3 260.163
 0 2 0 0 4 -7  3 299.685
 0 2 0 0 4 -5  0 297.438
 0 2 0 0 4 -4  0 280.717
 0 2 0 0 5 -5  0 288.34
 0 2 0 0 4 -3  0 282.903
 0 2 0 0 5 -6  2 277.103
 0 2 0 0 3 -3  0 276.391
 0 2 0 0 4 -2  0 270.425
 0 2 0 0 3 -2  0 266.136
 0 2 0 0 5 -2  0 269.704
 0 2 0 0 3 -1  0 277.868
 0 2 0 0 5 -3  0 265.818
 0 2 0 0 2 -1  0 258.312
 0 2 0 0 5 -4  0 264.335
 0 2 0 0 3 -5  0 259.543
 0 2 0 0 6 -4  0 268.79
 0 2 0 0 3 -4  0 261.998
 0 2 0 0 6 -5  2 264.643
 0 2 0 0 2 -3  0 261.304
 0 2 0 0 7 -3  3 261.454
 0 2 0 0 2 -2  0 259.461
 0 2 0 0 6 -3  0 268.587
 0 2 0 0 1 -1  0 264.747
 0 2 0 0 4 -1  0 270.783
 0 2 0 0 1 0  0 260.704
 0 2 0 0 3 0  0 266.575
 0 2 0 0 -1 2  1 263.627
 0 2 0 0 4 0  0 270.567
 0 2 0 0 6 -2  0 270.239
 0 2 0 0 0 1  0 279.498
 0 2 0 0 5 -1  0 289.517
 0 2 0 0 2 0  0 287.981
 0 2 0 0 6 -1  2 299.282
 0 2 0 0 2 1  0 294.633
 0 2 0 0 5 0  0 297.345
 0 2 0 0 1 1  0 290.281
 0 2 0 0 4 1  0 283.767
 0 2 0 0 0 2  0 279.071
 0 2 0 0 5 1  2 287.339
 0 2 0 0 -1 2  4 275.167
 0 2 0 0 3 2  0 277.598
 0 2 0 0 -2 4  0 272.072
 0 2 0 0 3 1  0 267.656
 0 2 0 0 -1 3  0 268.081
 0 2 0 0 2 2  0 271.099
 0 2 0 0 -1 4  0 270.559
 0 2 0 0 4 2  0 260.368
 0 2 0 0 -3 6  0 263.168
 0 2 0 0 3 3  0 267.749
 0 2 0 0 -2 5  0 265.906
 0 2 0 0 4 3  3 264.742
 0 2 0 0 0 3  0 263.188
 0 2 0 0 2 4  0 276.678
 0 2 0 0 1 2  0 273.621
 0 2 0 0 2 3  0 265.358
 0 2 0 0 1 3  0 282.947
 0 2 0 0 1 4  0 276.7
 0 2 0 0 -2 6  3 280.778
 0 2 0 0 1 5  2 277.548
 0 2 0 0 -1 6  2 292.748
 0 2 0 0 0 5  0 286.899
 0 2 0 0 -1 5  0 295.329
 0 2 0 0 0 4  0 293.004
 0 2 0 0 -4 6  3 262.313
 0 2 0 0 -4 5  0 251.5
 0 2 0 0 -4 4  0 258.654
 0 2 0 0 -5 5  0 250.85
 0 2 0 0 -4 3  0 241.613
 0 2 0 0 -5 6  2 236.452
 0 2 0 0 -3 3  0 239.754
 0 2 0 0 -4 2  0 232.725
 0 2 0 0 -3 2  0 236.089
 0 2 0 0 -5 2  0 230.435
 0 2 0 0 -3 1  0 232.304
 0 2 0 0 -5 3  0 216.122
 0 2 0 0 -2 1  0 225.305
 0 2 0 0 -6 5  2 228.502
 0 2 0 0 -3 5  0 233.646
 0 2 0 0 -5 4  0 224.018
 0 2 0 0 -3 4  0 226.669
 0 2 0 0 -6 4  0 224.442
 0 2 0 0 -2 3  0 224.714
 0 2 0 0 -7 4  3 228.248
 0 2 0 0 -2 2  0 223.812
 0 2 0 0 -6 3  0 226.713
 0 2 0 0 -1 1  0 233.912
 0 2 0 0 -4 1  0 224.873
 0 2 0 0 -1 0  0 222.82
 0 2 0 0 -3 0  0 233.507
 0 2 0 0 0 0  0 242.333
 0 2 0 0 -4 0  0 237.804
 0 2 0 0 1 -2  0 237.871
 0 2 0 0 -6 2  0 252.818
 0 2 0 0 0 -1  0 256.768
 0 2 0 0 -5 1  0 266.549
 0 2 0 0 -2 0  0 267.076
 0 2 0 0 -6 1  2 272.692
 0 2 0 0 -2 -1  0 261.043
 0 2 0 0 -5 0  0 264
 0 2 0 0 -1 -1  0 252.752
 0 2 0 0 -4 -1  0 252.275
 0 2 0 0 0 -2  0 248.16
 0 2 0 0 -5 -1  2 242.102
 0 2 0 0 2 -4  1 243.795
 0 2 0 0 -3 -2  0 236.733
 0 2 0 0 2 -4  4 239.802
 0 2 0 0 -3 -1  0 238.243
 0 2 0 0 1 -3  0 229.758
 0 2 0 0 -2 -2  0 228.213
 0 2 0 0 1 -4  0 243.324
 0 2 0 0 -4 -2  0 234.985
 0 2 0 0 3 -6  0 239.014
 0 2 0 0 -3 -3  0 232.808
 0 2 0 0 2 -5  0 244.773
 0 2 0 0 -3 -4  3 239.823
 0 2 0 0 0 -3  0 245.489
 0 2 0 0 -2 -4  0 239.192
 0 2 0 0 -1 -2  0 238.553
 0 2 0 0 -2 -3  0 244.246
 0 2 0 0 -1 -3  0 251.234
 0 2 0 0 -1 -4  0 246.471
 0 2 0 0 3 -7  3 256.026
 0 2 0 0 -1 -5  2 265.192
 0 2 0 0 1 -6  2 267.339
 0 2 0 0 0 -5  0 265.53
 0 2 0 0 1 -5  0 259.397
 0 2 0 0 0 -4  0 263.298
 0 3 0 0 -3 7  3 274.723
 0 3 0 0 -1 5  0 267.777
 0 3 0 0 0 4  0 265.173
 0 3 0 0 0 5  0 258.892
 0 3 0 0 1 3  0 264.709
 0 3 0 0 -1 6  2 255.712
 0 3 0 0 0 3  0 249.499
 0 3 0 0 2 2  0 235.271
 0 3 0 0 1 2  0 243.953
 0 3 0 0 3 2  0 237.833
 0 3 0 0 2 1  0 237.965
 0 3 0 0 2 3  0 233.391
 0 3 0 0 1 1  0 236.661
 0 3 0 0 1 4  0 231.123
 0 3 0 0 -2 5  0 233.286
 0 3 0 0 2 4  0 233.839
 0 3 0 0 -1 4  0 234.227
 0 3 0 0 1 5  2 236.849
 0 3 0 0 -1 3  0 235.466
 0 3 0 0 4 3  3 237.668
 0 3 0 0 0 2  0 236.669
 0 3 0 0 3 3  0 232.706
 0 3 0 0 0 1  0 236.439
 0 3 0 0 3 1  0 233.273
 0 3 0 0 1 0  0 233.547
 0 3 0 0 3 0  0 241.054
 0 3 0 0 1 -2  1 236.115
 0 3 0 0 4 0  0 238.129
 0 3 0 0 4 2  0 245.751
 0 3 0 0 1 -1  0 241.673
 0 3 0 0 4 1  0 261.223
 0 3 0 0 2 0  0 265.315
 0 3 0 0 5 1  2 273.613
 0 3 0 0 3 -1  0 280.3
 0 3 0 0 5 0  0 273.304
 0 3 0 0 2 -1  0 256.909
 0 3 0 0 5 -1  0 273.304
 0 3 0 0 2 -2  0 250.873
 0 3 0 0 6 -1  2 251.917
 0 3 0 0 1 -2  4 248.113
 0 3 0 0 5 -2  0 248.016
 0 3 0 0 2 -4  0 248.154
 0 3 0 0 4 -1  0 239.113
 0 3 0 0 2 -3  0 233.299
 0 3 0 0 4 -2  0 242.121
 0 3 0 0 3 -4  0 237.444
 0 3 0 0 6 -2  0 236.873
 0 3 0 0 3 -6  0 235.567
 0 3 0 0 6 -3  0 236.023
 0 3 0 0 3 -5  0 243.442
 0 3 0 0 7 -3  3 230.447
 0 3 0 0 3 -3  0 239.027
 0 3 0 0 6 -4  0 241.605
 0 3 0 0 3 -2  0 242.607
 0 3 0 0 5 -3  0 240.3
 0 3 0 0 4 -3  0 243.438
 0 3 0 0 5 -4  0 245.212
 0 3 0 0 4 -6  3 253.789
 0 3 0 0 6 -5  2 255.924
 0 3 0 0 5 -6  2 261.027
 0 3 0 0 5 -5  0 260.432
 0 3 0 0 4 -5  0 268.738
 0 3 0 0 4 -4  0 271.832
 0 3 0 0 2 -6  3 252.43
 0 3 0 0 1 -5  0 249.238
 0 3 0 0 0 -4  0 239.989
 0 3 0 0 0 -5  0 238.778
 0 3 0 0 -1 -3  0 226.018
 0 3 0 0 1 -6  2 230.747
 0 3 0 0 0 -3  0 234.256
 0 3 0 0 -2 -2  0 221.272
 0 3 0 0 -1 -2  0 226.611
 0 3 0 0 -3 -2  0 221.624
 0 3 0 0 -2 -1  0 223.787
 0 3 0 0 -2 -3  0 218.488
 0 3 0 0 -1 -1  0 219.464
 0 3 0 0 -1 -5  2 216.539
 0 3 0 0 2 -5  0 222.286
 0 3 0 0 -1 -4  0 222.213
 0 3 0 0 1 -4  0 217.727
 0 3 0 0 -2 -4  0 223.749
 0 3 0 0 1 -3  0 215.624
 0 3 0 0 -3 -4  3 226.78
 0 3 0 0 0 -2  0 220.779
 0 3 0 0 -3 -3  0 224.514
 0 3 0 0 0 -1  0 224.233
 0 3 0 0 -3 -1  0 222.678
 0 3 0 0 -1 0  0 224.872
 0 3 0 0 -3 0  0 228.018
 0 3 0 0 0 0  0 234.756
 0 3 0 0 -4 0  0 228.743
 0 3 0 0 -1 2  0 227.771
 0 3 0 0 -4 -2  0 245.842
 0 3 0 0 -1 1  0 252.96
 0 3 0 0 -4 -1  0 258.942
 0 3 0 0 -2 0  2 248.875
 0 3 0 0 -5 -1  0 259.64
 0 3 0 0 -3 1  0 262.793
 0 3 0 0 -5 0  0 246.293
 0 3 0 0 -2 1  0 247.976
 0 3 0 0 -5 1  0 241.629
 0 3 0 0 -2 2  2 242.939
 0 3 0 0 -6 1  1 232.464
 0 3 0 0 -2 4  0 237.666
 0 3 0 0 -5 2  4 236.859
 0 3 0 0 -2 4  0 0
 0 3 0 0 -4 1  0 234.652
 0 3 0 0 -2 3  0 231.937
 0 3 0 0 -4 2  0 234.893
 0 3 0 0 -3 4  0 231.539
 0 3 0 0 -6 2  0 234.998
 0 3 0 0 -3 6  0 224.42
 0 3 0 0 -6 3  0 236.833
 0 3 0 0 -3 5  3 240.998
 0 3 0 0 -7 4  3 236.95
 0 3 0 0 -3 3  0 238.955
 0 3 0 0 -6 4  0 245.748
 0 3 0 0 -3 2  0 245.382
 0 3 0 0 -5 3  0 256.439
 0 3 0 0 -4 3  0 253.57
 0 3 0 0 -5 4  3 263.493
 0 3 0 0 -4 7  3 256.065
 0 3 0 0 -6 5  2 268.192
 0 3 0 0 -5 6  0 260.527
 0 3 0 0 -5 5  0 256.625
 0 3 0 0 -4 5  0 250.041
 0 3 0 0 -4 4  3 257.769
 0 4 0 0 4 -7  3 272.428
 0 4 0 0 4 -5  0 288.014
 0 4 0 0 4 -4  0 275.407
 0 4 0 0 5 -5  0 265.687
 0 4 0 0 4 -3  0 266.063
 0 4 0 0 5 -6  2 262.913
 0 4 0 0 3 -3  0 263.097
 0 4 0 0 4 -2  0 252.707
 0 4 0 0 3 -2  0 248.057
 0 4 0 0 5 -2  0 247.415
 0 4 0 0 3 -1  0 248.1
 0 4 0 0 5 -3  0 243.597
 0 4 0 0 2 -1  0 250.922
 0 4 0 0 5 -4  0 248.112
 0 4 0 0 3 -5  0 242.532
 0 4 0 0 6 -4  0 237.043
 0 4 0 0 3 -4  0 242.771
 0 4 0 0 6 -5  2 243.882
 0 4 0 0 2 -3  0 247.11
 0 4 0 0 7 -3  3 242.143
 0 4 0 0 2 -2  0 244.703
 0 4 0 0 6 -3  0 238.42
 0 4 0 0 1 -1  0 245.917
 0 4 0 0 4 -1  0 240.294
 0 4 0 0 1 0  0 243.996
 0 4 0 0 3 0  0 247.472
 0 4 0 0 -1 2  1 246.953
 0 4 0 0 4 0  0 244.956
 0 4 0 0 6 -2  0 254.737
 0 4 0 0 0 1  0 261.44
 0 4 0 0 5 -1  0 263.657
 0 4 0 0 2 0  0 279.877
 0 4 0 0 6 -1  2 278.204
 0 4 0 0 2 1  0 287.506
 0 4 0 0 5 0  0 281.97
 0 4 0 0 1 1  0 273.119
 0 4 0 0 4 1  0 270.417
 0 4 0 0 0 2  0 246.593
 0 4 0 0 5 1  2 255.38
 0 4 0 0 -1 2  4 254.443
 0 4 0 0 3 2  0 244.554
 0 4 0 0 -2 4  0 246.807
 0 4 0 0 3 1  0 248.157
 0 4 0 0 -1 3  0 247.122
 0 4 0 0 2 2  0 247.257
 0 4 0 0 -1 4  0 247.035
 0 4 0 0 4 2  0 246.946
 0 4 0 0 -3 6  0 245.04
 0 4 0 0 3 3  0 247.65
 0 4 0 0 -2 5  0 245.347
 0 4 0 0 4 3  3 243.968
 0 4 0 0 0 3  0 252.783
 0 4 0 0 2 4  0 250.019
 0 4 0 0 1 2  0 259.614
 0 4 0 0 2 3  0 257.867
 0 4 0 0 1 3  0 259.362
 0 4 0 0 1 4  0 260.286
 0 4 0 0 -2 6  3 264.668
 0 4 0 0 1 5  2 267.309
 0 4 0 0 -1 6  2 280.547
 0 4 0 0 0 5  0 281.271
 0 4 0 0 -1 5  0 287.9
 0 4 0 0 0 4  0 281.44
 0 4 0 0 -4 6  3 253.259
 0 4 0 0 -4 5  0 243.218
 0 4 0 0 -4 4  0 243.132
 0 4 0 0 -5 5  0 237.78
 0 4 0 0 -4 3  0 239.361
 0 4 0 0 -5 6  2 238.43
 0 4 0 0 -3 3  0 234.127
 0 4 0 0 -4 2  0 226.223
 0 4 0 0 -3 2  0 230.815
 0 4 0 0 -5 2  0 223.708
 0 4 0 0 -3 1  0 218.033
 0 4 0 0 -5 3  0 219.566
 0 4 0 0 -2 1  0 222.591
 0 4 0 0 -6 5  2 213.491
 0 4 0 0 -3 5  0 218.934
 0 4 0 0 -5 4  0 213.354
 0 4 0 0 -3 4  0 219.336
 0 4 0 0 -6 4  0 216.553
 0 4 0 0 -2 3  0 213.451
 0 4 0 0 -7 4  3 223.618
 0 4 0 0 -2 2  0 219.933
 0 4 0 0 -6 3  0 215.239
 0 4 0 0 -1 1  0 215.211
 0 4 0 0 -4 1  0 224.045
 0 4 0 0 -1 0  0 229.018
 0 4 0 0 -3 0  0 225.521
 0 4 0 0 0 0  0 229.972
 0 4 0 0 -4 0  0 237.107
 0 4 0 0 1 -2  0 230.698
 0 4 0 0 -6 2  0 233.827
 0 4 0 0 0 -1  0 250.179
 0 4 0 0 -5 1  0 251.784
 0 4 0 0 -2 0  0 257.907
 0 4 0 0 -6 1  2 257.675
 0 4 0 0 -2 -1  0 260.273
 0 4 0 0 -5 0  0 253.993
 0 4 0 0 -1 -1  0 246.759
 0 4 0 0 -4 -1  0 237.699
 0 4 0 0 0 -2  0 238.817
 0 4 0 0 -5 -1  2 233.482
 0 4 0 0 2 -4  1 229.552
 0 4 0 0 -3 -2  0 225.987
 0 4 0 0 2 -4  4 233.864
 0 4 0 0 -3 -1  0 227.946
 0 4 0 0 1 -3  0 226.27
 0 4 0 0 -2 -2  0 225.956
 0 4 0 0 1 -4  0 224.915
 0 4 0 0 -4 -2  0 219.399
 0 4 0 0 3 -6  0 226.137
 0 4 0 0 -3 -3  0 224.02
 0 4 0 0 2 -5  0 231.542
 0 4 0 0 -3 -4  3 231.583
 0 4 0 0 0 -3  0 222.762
 0 4 0 0 -2 -4  0 231.507
 0 4 0 0 -1 -2  0 235.787
 0 4 0 0 -2 -3  0 238.31
 0 4 0 0 -1 -3  0 241.977
 0 4 0 0 -1 -4  0 245.079
 0 4 0 0 3 -7  3 247.67
 0 4 0 0 -1 -5  2 248.156
 0 4 0 0 1 -6  2 246.925
 0 4 0 0 0 -5  0 262.273
 0 4 0 0 1 -5  0 257.251
 0 4 0 0 0 -4  0 252.979
 0 5 0 0 -3 7  3 264.9
 0 5 0 0 -1 5  0 251.266
 0 5 0 0 0 4  0 258.791
 0 5 0 0 0 5  0 251.653
 0 5 0 0 1 3  0 247.271
 0 5 0 0 -1 6  2 246.776
 0 5 0 0 0 3  0 231.897
 0 5 0 0 2 2  0 236.766
 0 5 0 0 1 2  0 230.982
 0 5 0 0 3 2  0 228.78
 0 5 0 0 2 1  0 227.727
 0 5 0 0 2 3  0 224.697
 0 5 0 0 1 1  0 223.553
 0 5 0 0 1 4  0 230.351
 0 5 0 0 -2 5  0 227.433
 0 5 0 0 2 4  0 233.201
 0 5 0 0 -1 4  0 221.803
 0 5 0 0 1 5  2 225.077
 0 5 0 0 -1 3  0 227.011
 0 5 0 0 4 3  3 228.156
 0 5 0 0 0 2  0 228.002
 0 5 0 0 3 3  0 222.521
 0 5 0 0 0 1  0 230.822
 0 5 0 0 3 1  0 229.222
 0 5 0 0 1 0  0 228.893
 0 5 0 0 3 0  0 232.888
 0 5 0 0 1 -2  1 226.714
 0 5 0 0 4 0  0 230.65
 0 5 0 0 4 2  0 231.618
 0 5 0 0 1 -1  0 243.878
 0 5 0 0 4 1  0 252.588
 0 5 0 0 2 0  0 252.293
 0 5 0 0 5 1  2 257.936
 0 5 0 0 3 -1  0 265.66
 0 5 0 0 5 0  0 259.81
 0 5 0 0 2 -1  0 250.093
 0 5 0 0 5 -1  0 256.935
 0 5 0 0 2 -2  0 247.528
 0 5 0 0 6 -1  2 236.376
 0 5 0 0 1 -2  4 244.165
 0 5 0 0 5 -2  0 231.403
 0 5 0 0 2 -4  0 231.465
 0 5 0 0 4 -1  0 228.134
 0 5 0 0 2 -3  0 227.701
 0 5 0 0 4 -2  0 226.695
 0 5 0 0 3 -4  0 226.753
 0 5 0 0 6 -2  0 229.197
 0 5 0 0 3 -6  0 227.853
 0 5 0 0 6 -3  0 233.575
 0 5 0 0 3 -5  0 226.352
 0 5 0 0 7 -3  3 230.213
 0 5 0 0 3 -3  0 221.338
 0 5 0 0 6 -4  0 236.645
 0 5 0 0 3 -2  0 234.408
 0 5 0 0 5 -3  0 238.147
 0 5 0 0 4 -3  0 233.809
 0 5 0 0 5 -4  0 228.812
 0 5 0 0 4 -6  3 230.763
 0 5 0 0 6 -5  2 241.624
 0 5 0 0 5 -6  2 248.498
 0 5 0 0 5 -5  0 258.244
 0 5 0 0 4 -5  0 257.771
 0 5 0 0 4 -4  0 262.153
 0 5 0 0 2 -6  3 253.944
 0 5 0 0 1 -5  0 249.59
 0 5 0 0 0 -4  0 244.465
 0 5 0 0 0 -5  0 245.501
 0 5 0 0 -1 -3  0 236.936
 0 5 0 0 1 -6  2 239.678
 0 5 0 0 0 -3  0 232.734
 0 5 0 0 -2 -2  0 235.941
 0 5 0 0 -1 -2  0 227.338
 0 5 0 0 -3 -2  0 225.309
 0 5 0 0 -2 -1  0 220.987
 0 5 0 0 -2 -3  0 225.32
 0 5 0 0 -1 -1  0 217.385
 0 5 0 0 -1 -5  2 224.25
 0 5 0 0 2 -5  0 215.657
 0 5 0 0 -1 -4  0 222.795
 0 5 0 0 1 -4  0 219.462
 0 5 0 0 -2 -4  0 219.534
 0 5 0 0 1 -3  0 221.452
 0 5 0 0 -3 -4  3 216.681
 0 5 0 0 0 -2  0 218.532
 0 5 0 0 -3 -3  0 225.855
 0 5 0 0 0 -1  0 221.227
 0 5 0 0 -3 -1  0 229.827
 0 5 0 0 -1 0  0 231.356
 0 5 0 0 -3 0  0 230.463
 0 5 0 0 0 0  0 230.66
 0 5 0 0 -4 0  0 234.119
 0 5 0 0 -1 2  0 226.128
 0 5 0 0 -4 -2  0 238.746
 0 5 0 0 -1 1  0 247.989
 0 5 0 0 -4 -1  0 255.469
 0 5 0 0 -2 0  2 258.39
 0 5 0 0 -5 -1  0 257.01
 0 5 0 0 -3 1  0 255.417
 0 5 0 0 -5 0  0 249.683
 0 5 0 0 -2 1  0 248.573
 0 5 0 0 -5 1  0 256.12
 0 5 0 0 -2 2  2 239.863
 0 5 0 0 -6 1  1 242.374
 0 5 0 0 -2 4  0 235.415
 0 5 0 0 -5 2  4 231.551
 0 5 0 0 -2 4  0 0
 0 5 0 0 -4 1  0 221.863
 0 5 0 0 -2 3  0 227.778
 0 5 0 0 -4 2  0 232.729
 0 5 0 0 -3 4  0 234.298
 0 5 0 0 -6 2  0 228.63
 0 5 0 0 -3 6  0 227.088
 0 5 0 0 -6 3  0 231.291
 0 5 0 0 -3 5  3 235.053
 0 5 0 0 -7 4  3 229.92
 0 5 0 0 -3 3  0 228.186
 0 5 0 0 -6 4  0 230.155
 0 5 0 0 -3 2  0 239.27
 0 5 0 0 -5 3  0 239.664
 0 5 0 0 -4 3  0 235.069
 0 5 0 0 -5 4  3 241.548
 0 5 0 0 -4 7  3 251.431
 0 5 0 0 -6 5  2 253.287
 0 5 0 0 -5 6  0 255.907
 0 5 0 0 -5 5  0 256.669
 0 5 0 0 -4 5  0 260.217
 0 5 0 0 -4 4  3 258.913
 0 6 0 0 4 -7  3 268.892
 0 6 0 0 4 -5  0 269.342
 0 6 0 0 4 -4  0 262.792
 0 6 0 0 5 -5  0 269.888
 0 6 0 0 4 -3  0 250.447
 0 6 0 0 5 -6  2 245.754
 0 6 0 0 3 -3  0 250.519
 0 6 0 0 4 -2  0 241.243
 0 6 0 0 3 -2  0 237.261
 0 6 0 0 5 -2  0 233.947
 0 6 0 0 3 -1  0 233.04
 0 6 0 0 5 -3  0 232.502
 0 6 0 0 2 -1  0 234.041
 0 6 0 0 5 -4  0 231.522
 0 6 0 0 3 -5  0 226.923
 0 6 0 0 6 -4  0 231.513
 0 6 0 0 3 -4  0 229.923
 0 6 0 0 6 -5  2 228.96
 0 6 0 0 2 -3  0 225.246
 0 6 0 0 7 -3  3 233.004
 0 6 0 0 2 -2  0 233.052
 0 6 0 0 6 -3  0 226.275
 0 6 0 0 1 -1  0 223.158
 0 6 0 0 4 -1  0 232.65
 0 6 0 0 1 0  0 227.843
 0 6 0 0 3 0  0 229.242
 0 6 0 0 -1 2  1 235.372
 0 6 0 0 4 0  0 242.291
 0 6 0 0 6 -2  0 243.998
 0 6 0 0 0 1  0 246.063
 0 6 0 0 5 -1  0 247.676
 0 6 0 0 2 0  0 250.175
 0 6 0 0 6 -1  2 261.299
 0 6 0 0 2 1  0 264.883
 0 6 0 0 5 0  0 266.024
 0 6 0 0 1 1  0 254.105
 0 6 0 0 4 1  0 247.766
 0 6 0 0 0 2  0 251.297
 0 6 0 0 5 1  2 245.316
 0 6 0 0 -1 2  4 237.233
 0 6 0 0 3 2  0 233.567
 0 6 0 0 -2 4  0 233.891
 0 6 0 0 3 1  0 230.422
 0 6 0 0 -1 3  0 233.333
 0 6 0 0 2 2  0 235.39
 0 6 0 0 -1 4  0 229.37
 0 6 0 0 4 2  0 237.133
 0 6 0 0 -3 6  0 231.512
 0 6 0 0 3 3  0 235.508
 0 6 0 0 -2 5  0 227.07
 0 6 0 0 4 3  3 231.417
 0 6 0 0 0 3  0 233.864
 0 6 0 0 2 4  0 237.504
 0 6 0 0 1 2  0 241.59
 0 6 0 0 2 3  0 238.416
 0 6 0 0 1 3  0 244.519
 0 6 0 0 1 4  0 246.428
 0 6 0 0 -2 6  3 256.752
 0 6 0 0 1 5  2 255.152
 0 6 0 0 -1 6  2 263.009
 0 6 0 0 0 5  0 263.613
 0 6 0 0 -1 5  0 265.01
 0 6 0 0 0 4  0 267.563
 0 6 0 0 -4 6  3 258.348
 0 6 0 0 -4 5  0 250.607
 0 6 0 0 -4 4  0 253.26
 0 6 0 0 -5 5  0 245.273
 0 6 0 0 -4 3  0 239.879
 0 6 0 0 -5 6  2 240.964
 0 6 0 0 -3 3  0 249.14
 0 6 0 0 -4 2  0 236.876
 0 6 0 0 -3 2  0 229.097
 0 6 0 0 -5 2  0 235.564
 0 6 0 0 -3 1  0 229.463
 0 6 0 0 -5 3  0 227.384
 0 6 0 0 -2 1  0 231.097
 0 6 0 0 -6 5  2 229.92
 0 6 0 0 -3 5  0 226.036
 0 6 0 0 -5 4  0 225.85
 0 6 0 0 -3 4  0 225.453
 0 6 0 0 -6 4  0 229.248
 0 6 0 0 -2 3  0 231.655
 0 6 0 0 -7 4  3 236.879
 0 6 0 0 -2 2  0 230.082
 0 6 0 0 -6 3  0 227.032
 0 6 0 0 -1 1  0 228.083
 0 6 0 0 -4 1  0 234.457
 0 6 0 0 -1 0  0 237.807
 0 6 0 0 -3 0  0 236.141
 0 6 0 0 0 0  0 246.06
 0 6 0 0 -4 0  0 235.651
 0 6 0 0 1 -2  0 226.661
 0 6 0 0 -6 2  0 247.279
 0 6 0 0 0 -1  0 257.605
 0 6 0 0 -5 1  0 260.15
 0 6 0 0 -2 0  0 266.642
 0 6 0 0 -6 1  2 266.662
 0 6 0 0 -2 -1  0 264.239
 0 6 0 0 -5 0  0 263.503
 0 6 0 0 -1 -1  0 259.548
 0 6 0 0 -4 -1  0 248.615
 0 6 0 0 0 -2  0 241.994
 0 6 0 0 -5 -1  2 242.912
 0 6 0 0 2 -4  1 242.339
 0 6 0 0 -3 -2  0 239.083
 0 6 0 0 2 -4  4 230.285
 0 6 0 0 -3 -1  0 236.572
 0 6 0 0 1 -3  0 240.486
 0 6 0 0 -2 -2  0 234.388
 0 6 0 0 1 -4  0 238.986
 0 6 0 0 -4 -2  0 236.059
 0 6 0 0 3 -6  0 230.838
 0 6 0 0 -3 -3  0 235.027
 0 6 0 0 2 -5  0 235.903
 0 6 0 0 -3 -4  3 233.516
 0 6 0 0 0 -3  0 233.192
 0 6 0 0 -2 -4  0 244.507
 0 6 0 0 -1 -2  0 238.136
 0 6 0 0 -2 -3  0 239.755
 0 6 0 0 -1 -3  0 243.622
 0 6 0 0 -1 -4  0 242.382
 0 6 0 0 3 -7  3 250.449
 0 6 0 0 -1 -5  2 256.16
 0 6 0 0 1 -6  2 263.531
 0 6 0 0 0 -5  0 264.77
 0 6 0 0 1 -5  0 274.842
 0 6 0 0 0 -4  0 267.837
 0 7 0 0 -3 7  3 261.777
 0 7 0 0 -1 5  0 269.852
 0 7 0 0 0 4  0 268.445
 0 7 0 0 0 5  0 263.303
 0 7 0 0 1 3  0 251.624
 0 7 0 0 -1 6  2 248.695
 0 7 0 0 0 3  0 248.353
 0 7 0 0 2 2  0 251.698
 0 7 0 0 1 2  0 238.708
 0 7 0 0 3 2  0 243.41
 0 7 0 0 2 1  0 244.053
 0 7 0 0 2 3  0 232.852
 0 7 0 0 1 1  0 240.19
 0 7 0 0 1 4  0 239.597
 0 7 0 0 -2 5  0 238.28
 0 7 0 0 2 4  0 240.774
 0 7 0 0 -1 4  0 241.037
 0 7 0 0 1 5  2 235.842
 0 7 0 0 -1 3  0 239.284
 0 7 0 0 4 3  3 228.428
 0 7 0 0 0 2  0 236.585
 0 7 0 0 3 3  0 237.249
 0 7 0 0 0 1  0 242.358
 0 7 0 0 3 1  0 231.029
 0 7 0 0 1 0  0 236.127
 0 7 0 0 3 0  0 246.965
 0 7 0 0 1 -2  1 237.297
 0 7 0 0 4 0  0 245.845
 0 7 0 0 4 2  0 244.743
 0 7 0 0 1 -1  0 250.567
 0 7 0 0 4 1  0 255.268
 0 7 0 0 2 0  0 260.299
 0 7 0 0 5 1  2 265.967
 0 7 0 0 3 -1  0 271.402
 0 7 0 0 5 0  0 268.518
 0 7 0 0 2 -1  0 257.52
 0 7 0 0 5 -1  0 256.494
 0 7 0 0 2 -2  0 254.892
 0 7 0 0 6 -1  2 253.711
 0 7 0 0 1 -2  4 244.728
 0 7 0 0 5 -2  0 247.398
 0 7 0 0 2 -4  0 237.437
 0 7 0 0 4 -1  0 240.91
 0 7 0 0 2 -3  0 237.314
 0 7 0 0 4 -2  0 241.786
 0 7 0 0 3 -4  0 239.024
 0 7 0 0 6 -2  0 242.438
 0 7 0 0 3 -6  0 238.586
 0 7 0 0 6 -3  0 238.797
 0 7 0 0 3 -5  0 249.129
 0 7 0 0 7 -3  3 244.748
 0 7 0 0 3 -3  0 234.648
 0 7 0 0 6 -4  0 243.559
 0 7 0 0 3 -2  0 238.493
 0 7 0 0 5 -3  0 248.548
 0 7 0 0 4 -3  0 249.512
 0 7 0 0 5 -4  0 248.872
 0 7 0 0 4 -6  3 259.345
 0 7 0 0 6 -5  2 255.946
 0 7 0 0 5 -6  2 266.148
 0 7 0 0 5 -5  0 262.484
 0 7 0 0 4 -5  0 263.981
 0 7 0 0 4 -4  0 265.39
 0 7 0 0 2 -6  3 283.725
 0 7 0 0 1 -5  0 272.322
 0 7 0 0 0 -4  0 267.97
 0 7 0 0 0 -5  0 262.443
 0 7 0 0 -1 -3  0 268.569
 0 7 0 0 1 -6  2 259.768
 0 7 0 0 0 -3  0 243.964
 0 7 0 0 -2 -2  0 252.384
 0 7 0 0 -1 -2  0 251.536
 0 7 0 0 -3 -2  0 259.817
 0 7 0 0 -2 -1  0 250.868
 0 7 0 0 -2 -3  0 250.863
 0 7 0 0 -1 -1  0 251.082
 0 7 0 0 -1 -5  2 249.852
 0 7 0 0 2 -5  0 260.288
 0 7 0 0 -1 -4  0 250.438
 0 7 0 0 1 -4  0 254.311
 0 7 0 0 -2 -4  0 255.543
 0 7 0 0 1 -3  0 255.048
 0 7 0 0 -3 -4  3 253.701
 0 7 0 0 0 -2  0 253.924
 0 7 0 0 -3 -3  0 255.398
 0 7 0 0 0 -1  0 254.897
 0 7 0 0 -3 -1  0 258.569
 0 7 0 0 -1 0  0 256.464
 0 7 0 0 -3 0  0 258.407
 0 7 0 0 0 0  0 257.579
 0 7 0 0 -4 0  0 266.515
 0 7 0 0 -1 2  0 246.611
 0 7 0 0 -4 -2  0 275.665
 0 7 0 0 -1 1  0 273.751
 0 7 0 0 -4 -1  0 290.317
 0 7 0 0 -2 0  2 289.372
 0 7 0 0 -5 -1  0 293.011
 0 7 0 0 -3 1  0 294.609
 0 7 0 0 -5 0  0 294.65
 0 7 0 0 -2 1  0 282.355
 0 7 0 0 -5 1  0 279.303
 0 7 0 0 -2 2  2 282.284
 0 7 0 0 -6 1  1 266.969
 0 7 0 0 -2 4  0 262.116
 0 7 0 0 -5 2  4 260.588
 0 7 0 0 -2 4  0 0
 0 7 0 0 -4 1  0 258.618
 0 7 0 0 -2 3  0 262.827
 0 7 0 0 -4 2  0 254.271
 0 7 0 0 -3 4  0 255.501
 0 7 0 0 -6 2  0 259.767
 0 7 0 0 -3 6  0 258.502
 0 7 0 0 -6 3  0 261.257
 0 7 0 0 -3 5  3 258.393
 0 7 0 0 -7 4  3 261.563
 0 7 0 0 -3 3  0 262.756
 0 7 0 0 -6 4  0 256.497
 0 7 0 0 -3 2  0 273.877
 0 7 0 0 -5 3  0 266.391
 0 7 0 0 -4 3  0 263.488
 0 7 0 0 -5 4  3 280.155
 0 7 0 0 -4 7  3 278.935
 0 7 0 0 -6 5  2 288.598
 0 7 0 0 -5 6  0 284.058
 0 7 0 0 -5 5  0 290.812
 0 7 0 0 -4 5  0 284.309
 0 7 0 0 -4 4  3 289.253
 0 8 0 0 4 -7  3 299.781
 0 8 0 0 4 -5  0 293.957
 0 8 0 0 4 -4  0 287.796
 0 8 0 0 5 -5  0 285.085
 0 8 0 0 4 -3  0 284.631
 0 8 0 0 5 -6  2 270.152
 0 8 0 0 3 -3  0 266.092
 0 8 0 0 4 -2  0 266.229
 0 8 0 0 3 -2  0 263.528
 0 8 0 0 5 -2  0 269.929
 0 8 0 0 3 -1  0 251.387
 0 8 0 0 5 -3  0 254.234
 0 8 0 0 2 -1  0 261.661
 0 8 0 0 5 -4  0 256.166
 0 8 0 0 3 -5  0 253.048
 0 8 0 0 6 -4  0 252.412
 0 8 0 0 3 -4  0 259.038
 0 8 0 0 6 -5  2 260.873
 0 8 0 0 2 -3  0 249.167
 0 8 0 0 7 -3  3 253.458
 0 8 0 0 2 -2  0 259.887
 0 8 0 0 6 -3  0 257.425
 0 8 0 0 1 -1  0 252.342
 0 8 0 0 4 -1  0 259.194
 0 8 0 0 1 0  0 255.908
 0 8 0 0 3 0  0 256.621
 0 8 0 0 -1 2  1 265.605
 0 8 0 0 4 0  0 263.923
 0 8 0 0 6 -2  0 266.92
 0 8 0 0 0 1  0 272.044
 0 8 0 0 5 -1  0 283.159
 0 8 0 0 2 0  0 286.573
 0 8 0 0 6 -1  2 290.553
 0 8 0 0 2 1  0 289.868
 0 8 0 0 5 0  0 304.721
 0 8 0 0 1 1  0 281.99
 0 8 0 0 4 1  0 282.989
 0 8 0 0 0 2  0 266.99
 0 8 0 0 5 1  2 274.229
 0 8 0 0 -1 2  4 262.79
 0 8 0 0 3 2  0 256.39
 0 8 0 0 -2 4  0 257.321
 0 8 0 0 3 1  0 262.525
 0 8 0 0 -1 3  0 259.468
 0 8 0 0 2 2  0 257.6
 0 8 0 0 -1 4  0 256.013
 0 8 0 0 4 2  0 261.308
 0 8 0 0 -3 6  0 258.462
 0 8 0 0 3 3  0 259.442
 0 8 0 0 -2 5  0 264.065
 0 8 0 0 4 3  3 258.905
 0 8 0 0 0 3  0 262.637
 0 8 0 0 2 4  0 264.143
 0 8 0 0 1 2  0 266.062
 0 8 0 0 2 3  0 263.173
 0 8 0 0 1 3  0 270.539
 0 8 0 0 1 4  0 268.322
 0 8 0 0 -2 6  3 272.681
 0 8 0 0 1 5  2 275.216
 0 8 0 0 -1 6  2 276.873
 0 8 0 0 0 5  0 291.598
 0 8 0 0 -1 5  0 294.881
 0 8 0 0 0 4  0 287.306
 0 8 0 0 -4 6  3 265.992
 0 8 0 0 -4 5  0 266.187
 0 8 0 0 -4 4  0 263.127
 0 8 0 0 -5 5  0 259.173
 0 8 0 0 -4 3  0 245.938
 0 8 0 0 -5 6  2 249.195
 0 8 0 0 -3 3  0 239.383
 0 8 0 0 -4 2  0 235.767
 0 8 0 0 -3 2  0 244.656
 0 8 0 0 -5 2  0 243.39
 0 8 0 0 -3 1  0 237.053
 0 8 0 0 -5 3  0 233.827
 0 8 0 0 -2 1  0 234.419
 0 8 0 0 -6 5  2 237.229
 0 8 0 0 -3 5  0 230.442
 0 8 0 0 -5 4  0 230.72
 0 8 0 0 -3 4  0 232.565
 0 8 0 0 -6 4  0 233.727
 0 8 0 0 -2 3  0 229.903
 0 8 0 0 -7 4  3 241.272
 0 8 0 0 -2 2  0 238.984
 0 8 0 0 -6 3  0 239.786
 0 8 0 0 -1 1  0 240.166
 0 8 0 0 -4 1  0 245.176
 0 8 0 0 -1 0  0 244.935
 0 8 0 0 -3 0  0 252.961
 0 8 0 0 0 0  0 255.168
 0 8 0 0 -4 0  0 256.683
 0 8 0 0 1 -2  0 242.027
 0 8 0 0 -6 2  0 261.678
 0 8 0 0 0 -1  0 273.562
 0 8 0 0 -5 1  0 278.372
 0 8 0 0 -2 0  0 275.339
 0 8 0 0 -6 1  2 283.772
 0 8 0 0 -2 -1  0 277.219
 0 8 0 0 -5 0  0 271.753
 0 8 0 0 -1 -1  0 272.192
 0 8 0 0 -4 -1  0 269.363
 0 8 0 0 0 -2  0 265.837
 0 8 0 0 -5 -1  2 253.712
 0 8 0 0 2 -4  1 256.856
 0 8 0 0 -3 -2  0 247.817
 0 8 0 0 2 -4  4 250.075
 0 8 0 0 -3 -1  0 247.665
 0 8 0 0 1 -3  0 251.323
 0 8 0 0 -2 -2  0 240.373
 0 8 0 0 1 -4  0 247.942
 0 8 0 0 -4 -2  0 248.325
 0 8 0 0 3 -6  0 250.332
 0 8 0 0 -3 -3  0 249.535
 0 8 0 0 2 -5  0 256.423
 0 8 0 0 -3 -4  3 247.548
 0 8 0 0 0 -3  0 244.415
 0 8 0 0 -2 -4  0 248.499
 0 8 0 0 -1 -2  0 252.913
 0 8 0 0 -2 -3  0 259.129
 0 8 0 0 -1 -3  0 264.433
 0 8 0 0 -1 -4  0 256.783
 0 8 0 0 3 -7  3 266.522
 0 8 0 0 -1 -5  2 269.08
 0 8 0 0 1 -6  2 274.087
 0 8 0 0 0 -5  0 277.713
 0 8 0 0 1 -5  0 277.709
 0 8 0 0 0 -4  0 266.176
 0 9 0 0 -3 7  3 286.378
 0 9 0 0 -1 5  0 275.142
 0 9 0 0 0 4  0 266.651
 0 9 0 0 0 5  0 272.067
 0 9 0 0 1 3  0 259.457
 0 9 0 0 -1 6  2 256
 0 9 0 0 0 3  0 253.401
 0 9 0 0 2 2  0 243.386
 0 9 0 0 1 2  0 254.023
 0 9 0 0 3 2  0 246.614
 0 9 0 0 2 1  0 237.742
 0 9 0 0 2 3  0 241.407
 0 9 0 0 1 1  0 240.936
 0 9 0 0 1 4  0 248.563
 0 9 0 0 -2 5  0 242.946
 0 9 0 0 2 4  0 241.069
 0 9 0 0 -1 4  0 238.063
 0 9 0 0 1 5  2 246.444
 0 9 0 0 -1 3  0 239.664
 0 9 0 0 4 3  3 240.156
 0 9 0 0 0 2  0 236.758
 0 9 0 0 3 3  0 242.487
 0 9 0 0 0 1  0 243.549
 0 9 0 0 3 1  0 243.464
 0 9 0 0 1 0  0 246.408
 0 9 0 0 3 0  0 240.933
 0 9 0 0 1 -2  1 247.134
 0 9 0 0 4 0  0 251.598
 0 9 0 0 4 2  0 252.022
 0 9 0 0 1 -1  0 257.329
 0 9 0 0 4 1  0 263.832
 0 9 0 0 2 0  0 271.308
 0 9 0 0 5 1  2 276.476
 0 9 0 0 3 -1  0 284.103
 0 9 0 0 5 0  0 270.148
 0 9 0 0 2 -1  0 275.171
 0 9 0 0 5 -1  0 262.447
 0 9 0 0 2 -2  0 252.343
 0 9 0 0 6 -1  2 264.507
 0 9 0 0 1 -2  4 246.677
 0 9 0 0 5 -2  0 251.732
 0 9 0 0 2 -4  0 252.932
 0 9 0 0 4 -1  0 253.14
 0 9 0 0 2 -3  0 249.692
 0 9 0 0 4 -2  0 242.413
 0 9 0 0 3 -4  0 246.688
 0 9 0 0 6 -2  0 241.482
 0 9 0 0 3 -6  0 245.492
 0 9 0 0 6 -3  0 244.611
 0 9 0 0 3 -5  0 241.69
 0 9 0 0 7 -3  3 247.159
 0 9 0 0 3 -3  0 243.358
 0 9 0 0 6 -4  0 253.019
 0 9 0 0 3 -2  0 248.009
 0 9 0 0 5 -3  0 251.447
 0 9 0 0 4 -3  0 257.642
 0 9 0 0 5 -4  0 258.219
 0 9 0 0 4 -6  3 262.493
 0 9 0 0 6 -5  2 264.537
 0 9 0 0 5 -6  2 275.66
 0 9 0 0 5 -5  0 273.359
 0 9 0 0 4 -5  0 280.031
 0 9 0 0 4 -4  0 275.743
 0 9 0 0 2 -6  3 264.112
 0 9 0 0 1 -5  0 265.306
 0 9 0 0 0 -4  0 269.728
 0 9 0 0 0 -5  0 272.863
 0 9 0 0 -1 -3  0 268.136
 0 9 0 0 1 -6  2 262.043
 0 9 0 0 0 -3  0 259.967
 0 9 0 0 -2 -2  0 250.703
 0 9 0 0 -1 -2  0 255.613
 0 9 0 0 -3 -2  0 239.597
 0 9 0 0 -2 -1  0 245.123
 0 9 0 0 -2 -3  0 236.468
 0 9 0 0 -1 -1  0 238.054
 0 9 0 0 -1 -5  2 236.607
 0 9 0 0 2 -5  0 240.892
 0 9 0 0 -1 -4  0 244.117
 0 9 0 0 1 -4  0 244.295
 0 9 0 0 -2 -4  0 234.961
 0 9 0 0 1 -3  0 239.953
 0 9 0 0 -3 -4  3 233.94
 0 9 0 0 0 -2  0 235.662
 0 9 0 0 -3 -3  0 235.485
 0 9 0 0 0 -1  0 237.318
 0 9 0 0 -3 -1  0 239.263
 0 9 0 0 -1 0  0 242.153
 0 9 0 0 -3 0  0 250.434
 0 9 0 0 0 0  0 242.538
 0 9 0 0 -4 0  0 255.391
 0 9 0 0 -1 2  0 245.531
 0 9 0 0 -4 -2  0 259.544
 0 9 0 0 -1 1  0 271.078
 0 9 0 0 -4 -1  0 272.562
 0 9 0 0 -2 0  2 273.148
 0 9 0 0 -5 -1  0 271.105
 0 9 0 0 -3 1  0 272.516
 0 9 0 0 -5 0  0 270.265
 0 9 0 0 -2 1  0 249.901
 0 9 0 0 -5 1  0 260.695
 0 9 0 0 -2 2  2 252.909
 0 9 0 0 -6 1  1 243.192
 0 9 0 0 -2 4  0 242.987
 0 9 0 0 -5 2  4 248.278
 0 9 0 0 -2 4  0 0
 0 9 0 0 -4 1  0 247.547
 0 9 0 0 -2 3  0 231.134
 0 9 0 0 -4 2  0 240.807
 0 9 0 0 -3 4  0 237.627
 0 9 0 0 -6 2  0 239.339
 0 9 0 0 -3 6  0 237.428
 0 9 0 0 -6 3  0 239.17
 0 9 0 0 -3 5  3 240.976
 0 9 0 0 -7 4  3 242.392
 0 9 0 0 -3 3  0 238.202
 0 9 0 0 -6 4  0 239.137
 0 9 0 0 -3 2  0 244.251
 0 9 0 0 -5 3  0 245.238
 0 9 0 0 -4 3  0 236.381
 0 9 0 0 -5 4  3 253.654
 0 9 0 0 -4 7  3 254.872
 0 9 0 0 -6 5  2 251.53
 0 9 0 0 -5 6  0 253.6
 0 9 0 0 -5 5  0 257.376
 0 9 0 0 -4 5  0 264.443
 0 9 0 0 -4 4  3 265.478
 0 10 0 0 4 -7  3 265.963
 0 10 0 0 4 -5  0 263.627
 0 10 0 0 4 -4  0 256.043
 0 10 0 0 5 -5  0 257.494
 0 10 0 0 4 -3  0 259.298
 0 10 0 0 5 -6  2 254.583
 0 10 0 0 3 -3  0 240.592
 0 10 0 0 4 -2  0 241.037
 0 10 0 0 3 -2  0 232.357
 0 10 0 0 5 -2  0 235.463
 0 10 0 0 3 -1  0 234.16
 0 10 0 0 5 -3  0 232.29
 0 10 0 0 2 -1  0 228.585
 0 10 0 0 5 -4  0 227.799
 0 10 0 0 3 -5  0 230.355
 0 10 0 0 6 -4  0 219.167
 0 10 0 0 3 -4  0 231.316
 0 10 0 0 6 -5  2 230.321
 0 10 0 0 2 -3  0 230.423
 0 10 0 0 7 -3  3 229.661
 0 10 0 0 2 -2  0 228.336
 0 10 0 0 6 -3  0 223.528
 0 10 0 0 1 -1  0 229.628
 0 10 0 0 4 -1  0 230.572
 0 10 0 0 1 0  0 230.744
 0 10 0 0 3 0  0 226.785
 0 10 0 0 -1 2  1 231.555
 0 10 0 0 4 0  0 232.863
 0 10 0 0 6 -2  0 235.438
 0 10 0 0 0 1  0 243.752
 0 10 0 0 5 -1  0 250.515
 0 10 0 0 2 0  0 255.928
 0 10 0 0 6 -1  2 259.781
 0 10 0 0 2 1  0 259.149
 0 10 0 0 5 0  0 263.168
 0 10 0 0 1 1  0 257.181
 0 10 0 0 4 1  0 253.361
 0 10 0 0 0 2  0 243.762
 0 10 0 0 5 1  2 245.914
 0 10 0 0 -1 2  4 242.315
 0 10 0 0 3 2  0 239.943
 0 10 0 0 -2 4  0 236.976
 0 10 0 0 3 1  0 239.663
 0 10 0 0 -1 3  0 236.909
 0 10 0 0 2 2  0 230.093
 0 10 0 0 -1 4  0 229.893
 0 10 0 0 4 2  0 238.785
 0 10 0 0 -3 6  0 233.908
 0 10 0 0 3 3  0 227.602
 0 10 0 0 -2 5  0 232.163
 0 10 0 0 4 3  3 236.046
 0 10 0 0 0 3  0 230.553
 0 10 0 0 2 4  0 232.213
 0 10 0 0 1 2  0 238.893
 0 10 0 0 2 3  0 237.798
 0 10 0 0 1 3  0 242.99
 0 10 0 0 1 4  0 246.008
 0 10 0 0 -2 6  3 263.906
 0 10 0 0 1 5  2 260.546
 0 10 0 0 -1 6  2 264.448
 0 10 0 0 0 5  0 263.785
 0 10 0 0 -1 5  0 264.794
 0 10 0 0 0 4  0 260.578
 0 10 0 0 -4 6  3 267.993
 0 10 0 0 -4 5  0 267.377
 0 10 0 0 -4 4  0 256.63
 0 10 0 0 -5 5  0 255.396
 0 10 0 0 -4 3  0 250.266
 0 10 0 0 -5 6  2 246.275
 0 10 0 0 -3 3  0 241.745
 0 10 0 0 -4 2  0 240.202
 0 10 0 0 -3 2  0 237.133
 0 10 0 0 -5 2  0 243.569
 0 10 0 0 -3 1  0 239.829
 0 10 0 0 -5 3  0 240.948
 0 10 0 0 -2 1  0 230.318
 0 10 0 0 -6 5  2 237.183
 0 10 0 0 -3 5  0 242.174
 0 10 0 0 -5 4  0 232.837
 0 10 0 0 -3 4  0 238.784
 0 10 0 0 -6 4  0 235.782
 0 10 0 0 -2 3  0 234.428
 0 10 0 0 -7 4  3 237.665
 0 10 0 0 -2 2  0 231.728
 0 10 0 0 -6 3  0 237.364
 0 10 0 0 -1 1  0 241.949
 0 10 0 0 -4 1  0 237.673
 0 10 0 0 -1 0  0 241.853
 0 10 0 0 -3 0  0 242.779
 0 10 0 0 0 0  0 249.455
 0 10 0 0 -4 0  0 242.025
 0 10 0 0 1 -2  0 246.293
 0 10 0 0 -6 2  0 258.745
 0 10 0 0 0 -1  0 257.976
 0 10 0 0 -5 1  0 272.293
 0 10 0 0 -2 0  0 265.418
 0 10 0 0 -6 1  2 282.862
 0 10 0 0 -2 -1  0 272.353
 0 10 0 0 -5 0  0 270.66
 0 10 0 0 -1 -1  0 261.451
 0 10 0 0 -4 -1  0 261.558
 0 10 0 0 0 -2  0 258.999
 0 10 0 0 -5 -1  2 262.237
 0 10 0 0 2 -4  1 251.166
 0 10 0 0 -3 -2  0 244.028
 0 10 0 0 2 -4  4 257.576
 0 10 0 0 -3 -1  0 247.896
 0 10 0 0 1 -3  0 242.43
 0 10 0 0 -2 -2  0 245.653
 0 10 0 0 1 -4  0 241.134
 0 10 0 0 -4 -2  0 247.592
 0 10 0 0 3 -6  0 247.785
 0 10 0 0 -3 -3  0 246.459
 0 10 0 0 2 -5  0 249.505
 0 10 0 0 -3 -4  3 242.936
 0 10 0 0 0 -3  0 253.882
 0 10 0 0 -2 -4  0 247.202
 0 10 0 0 -1 -2  0 249.024
 0 10 0 0 -2 -3  0 256.485
 0 10 0 0 -1 -3  0 259.094
 0 10 0 0 -1 -4  0 258.72
 0 10 0 0 3 -7  3 271.478
 0 10 0 0 -1 -5  2 274.178
 0 10 0 0 1 -6  2 268.369
 0 10 0 0 0 -5  0 283.457
 0 10 0 0 1 -5  0 271.781
 0 10 0 0 0 -4  0 273.712
 0 11 0 0 -3 7  3 281.907
 0 11 0 0 -1 5  0 279.941
 0 11 0 0 0 4  0 275.09
 0 11 0 0 0 5  0 273.619
 0 11 0 0 1 3  0 273.897
 0 11 0 0 -1 6  2 266.767
 0 11 0 0 0 3  0 262.417
 0 11 0 0 2 2  0 250.51
 0 11 0 0 1 2  0 253.972
 0 11 0 0 3 2  0 256.116
 0 11 0 0 2 1  0 252.73
 0 11 0 0 2 3  0 254.586
 0 11 0 0 1 1  0 246.789
 0 11 0 0 1 4  0 245.14
 0 11 0 0 -2 5  0 245.54
 0 11 0 0 2 4  0 251.157
 0 11 0 0 -1 4  0 249.802
 0 11 0 0 1 5  2 243.533
 0 11 0 0 -1 3  0 244.927
 0 11 0 0 4 3  3 250.612
 0 11 0 0 0 2  0 246.948
 0 11 0 0 3 3  0 246.916
 0 11 0 0 0 1  0 252.868
 0 11 0 0 3 1  0 253.764
 0 11 0 0 1 0  0 252.536
 0 11 0 0 3 0  0 258.226
 0 11 0 0 1 -2  1 251.072
 0 11 0 0 4 0  0 252.441
 0 11 0 0 4 2  0 262.333
 0 11 0 0 1 -1  0 268.188
 0 11 0 0 4 1  0 278.382
 0 11 0 0 2 0  0 278.821
 0 11 0 0 5 1  2 280.691
 0 11 0 0 3 -1  0 284.168
 0 11 0 0 5 0  0 290.211
 0 11 0 0 2 -1  0 285.168
 0 11 0 0 5 -1  0 274.233
 0 11 0 0 2 -2  0 271.73
 0 11 0 0 6 -1  2 271.721
 0 11 0 0 1 -2  4 261.897
 0 11 0 0 5 -2  0 266.22
 0 11 0 0 2 -4  0 260.774
 0 11 0 0 4 -1  0 254.895
 0 11 0 0 2 -3  0 255.056
 0 11 0 0 4 -2  0 254.036
 0 11 0 0 3 -4  0 254.464
 0 11 0 0 6 -2  0 256.165
 0 11 0 0 3 -6  0 254.663
 0 11 0 0 6 -3  0 250.21
 0 11 0 0 3 -5  0 253.732
 0 11 0 0 7 -3  3 254.064
 0 11 0 0 3 -3  0 253.224
 0 11 0 0 6 -4  0 258.178
 0 11 0 0 3 -2  0 262.398
 0 11 0 0 5 -3  0 259.071
 0 11 0 0 4 -3  0 254.999
 0 11 0 0 5 -4  0 262.057
 0 11 0 0 4 -6  3 263.584
 0 11 0 0 6 -5  2 272.728
 0 11 0 0 5 -6  2 275.913
 0 11 0 0 5 -5  0 281.188
 0 11 0 0 4 -5  0 277.368
 0 11 0 0 4 -4  0 285.356
 0 11 0 0 2 -6  3 272.51
 0 11 0 0 1 -5  0 275.129
 0 11 0 0 0 -4  0 265.604
 0 11 0 0 0 -5  0 256.77
 0 11 0 0 -1 -3  0 260.962
 0 11 0 0 1 -6  2 252.156
 0 11 0 0 0 -3  0 242.576
 0 11 0 0 -2 -2  0 249.495
 0 11 0 0 -1 -2  0 250.147
 0 11 0 0 -3 -2  0 242.621
 0 11 0 0 -2 -1  0 243.114
 0 11 0 0 -2 -3  0 249.242
 0 11 0 0 -1 -1  0 242.284
 0 11 0 0 -1 -5  2 238.731
 0 11 0 0 2 -5  0 239.645
 0 11 0 0 -1 -4  0 242.014
 0 11 0 0 1 -4  0 242.384
 0 11 0 0 -2 -4  0 243.623
 0 11 0 0 1 -3  0 244.231
 0 11 0 0 -3 -4  3 246.118
 0 11 0 0 0 -2  0 244.903
 0 11 0 0 -3 -3  0 242.007
 0 11 0 0 0 -1  0 247.722
 0 11 0 0 -3 -1  0 243.47
 0 11 0 0 -1 0  0 245.907
 0 11 0 0 -3 0  0 250.355
 0 11 0 0 0 0  0 252.178
 0 11 0 0 -4 0  0 256.978
 0 11 0 0 -1 2  0 258.02
 0 11 0 0 -4 -2  0 261.082
 0 11 0 0 -1 1  0 265.556
 0 11 0 0 -4 -1  0 283.757
 0 11 0 0 -2 0  2 274.465
 0 11 0 0 -5 -1  0 280.146
 0 11 0 0 -3 1  0 284.902
 0 11 0 0 -5 0  0 271.406
 0 11 0 0 -2 1  0 271.484
 0 11 0 0 -5 1  0 272.858
 0 11 0 0 -2 2  2 258.608
 0 11 0 0 -6 1  1 260.288
 0 11 0 0 -2 4  0 256.007
 0 11 0 0 -5 2  4 253.735
 0 11 0 0 -2 4  0 0
 0 11 0 0 -4 1  0 253.798
 0 11 0 0 -2 3  0 248.502
 0 11 0 0 -4 2  0 255.893
 0 11 0 0 -3 4  0 253.583
 0 11 0 0 -6 2  0 246.333
 0 11 0 0 -3 6  0 246.839
 0 11 0 0 -6 3  0 245.709
 0 11 0 0 -3 5  3 246.752
 0 11 0 0 -7 4  3 252.334
 0 11 0 0 -3 3  0 249.212
 0 11 0 0 -6 4  0 258.254
 0 11 0 0 -3 2  0 258.488
 0 11 0 0 -5 3  0 257.918
 0 11 0 0 -4 3  0 263.475
 0 11 0 0 -5 4  3 266.973
 0 11 0 0 -4 7  3 272.6
 0 11 0 0 -6 5  2 266.396
 0 11 0 0 -5 6  0 280.158
 0 11 0 0 -5 5  0 278.68
 0 11 0 0 -4 5  0 273.683
 0 11 0 0 -4 4  3 272.868
 0 12 0 0 4 -7  3 266.699
 0 12 0 0 4 -5  0 263.854
 0 12 0 0 4 -4  0 268.149
 0 12 0 0 5 -5  0 264.248
 0 12 0 0 4 -3  0 252.972
 0 12 0 0 5 -6  2 253.681
 0 12 0 0 3 -3  0 248.941
 0 12 0 0 4 -2  0 250.459
 0 12 0 0 3 -2  0 247.577
 0 12 0 0 5 -2  0 245.336
 0 12 0 0 3 -1  0 239.167
 0 12 0 0 5 -3  0 238.262
 0 12 0 0 2 -1  0 232.252
 0 12 0 0 5 -4  0 240.914
 0 12 0 0 3 -5  0 240.456
 0 12 0 0 6 -4  0 242.722
 0 12 0 0 3 -4  0 230.577
 0 12 0 0 6 -5  2 242.295
 0 12 0 0 2 -3  0 240.408
 0 12 0 0 7 -3  3 237.294
 0 12 0 0 2 -2  0 233.692
 0 12 0 0 6 -3  0 236.232
 0 12 0 0 1 -1  0 237.166
 0 12 0 0 4 -1  0 243.571
 0 12 0 0 1 0  0 239.023
 0 12 0 0 3 0  0 234.742
 0 12 0 0 -1 2  1 236.03
 0 12 0 0 4 0  0 244.76
 0 12 0 0 6 -2  0 247.5
 0 12 0 0 0 1  0 257.423
 0 12 0 0 5 -1  0 275.468
 0 12 0 0 2 0  0 265.976
 0 12 0 0 6 -1  2 261.201
 0 12 0 0 2 1  0 265.342
 0 12 0 0 5 0  0 271.244
 0 12 0 0 1 1  0 260.073
 0 12 0 0 4 1  0 261.21
 0 12 0 0 0 2  0 264.199
 0 12 0 0 5 1  2 251.015
 0 12 0 0 -1 2  4 250.731
 0 12 0 0 3 2  0 248.755
 0 12 0 0 -2 4  0 243.489
 0 12 0 0 3 1  0 246.369
 0 12 0 0 -1 3  0 243.409
 0 12 0 0 2 2  0 247.538
 0 12 0 0 -1 4  0 238.818
 0 12 0 0 4 2  0 245.249
 0 12 0 0 -3 6  0 240.944
 0 12 0 0 3 3  0 245.208
 0 12 0 0 -2 5  0 244.837
 0 12 0 0 4 3  3 244.427
 0 12 0 0 0 3  0 239.442
 0 12 0 0 2 4  0 246.911
 0 12 0 0 1 2  0 243.433
 0 12 0 0 2 3  0 255.274
 0 12 0 0 1 3  0 254.792
 0 12 0 0 1 4  0 255.051
 0 12 0 0 -2 6  3 252.534
 0 12 0 0 1 5  2 264.322
 0 12 0 0 -1 6  2 271.842
 0 12 0 0 0 5  0 265.418
 0 12 0 0 -1 5  0 277.218
 0 12 0 0 0 4  0 276.711
 0 12 0 0 -4 6  3 260.89
 0 12 0 0 -4 5  0 260.022
 0 12 0 0 -4 4  0 250.716
 0 12 0 0 -5 5  0 250.442
 0 12 0 0 -4 3  0 244.7
 0 12 0 0 -5 6  2 243.87
 0 12 0 0 -3 3  0 236.393
 0 12 0 0 -4 2  0 234.9
 0 12 0 0 -3 2  0 235.188
 0 12 0 0 -5 2  0 229.538
 0 12 0 0 -3 1  0 232.076
 0 12 0 0 -5 3  0 231.213
 0 12 0 0 -2 1  0 233.279
 0 12 0 0 -6 5  2 232.946
 0 12 0 0 -3 5  0 231.912
 0 12 0 0 -5 4  0 232.284
 0 12 0 0 -3 4  0 231.05
 0 12 0 0 -6 4  0 227.033
 0 12 0 0 -2 3  0 226.696
 0 12 0 0 -7 4  3 225.738
 0 12 0 0 -2 2  0 230.455
 0 12 0 0 -6 3  0 231.012
 0 12 0 0 -1 1  0 230.173
 0 12 0 0 -4 1  0 240.004
 0 12 0 0 -1 0  0 230.811
 0 12 0 0 -3 0  0 230.371
 0 12 0 0 0 0  0 236.237
 0 12 0 0 -4 0  0 238.942
 0 12 0 0 1 -2  0 242.037
 0 12 0 0 -6 2  0 248.861
 0 12 0 0 0 -1  0 263.242
 0 12 0 0 -5 1  0 269.553
 0 12 0 0 -2 0  0 265.334
 0 12 0 0 -6 1  2 265.317
 0 12 0 0 -2 -1  0 262.678
 0 12 0 0 -5 0  0 262.807
 0 12 0 0 -1 -1  0 249.46
 0 12 0 0 -4 -1  0 255.471
 0 12 0 0 0 -2  0 248.451
 0 12 0 0 -5 -1  2 249.392
 0 12 0 0 2 -4  1 242.627
 0 12 0 0 -3 -2  0 240.031
 0 12 0 0 2 -4  4 239.359
 0 12 0 0 -3 -1  0 243.406
 0 12 0 0 1 -3  0 239.448
 0 12 0 0 -2 -2  0 236.349
 0 12 0 0 1 -4  0 239.933
 0 12 0 0 -4 -2  0 237.778
 0 12 0 0 3 -6  0 235.732
 0 12 0 0 -3 -3  0 235.291
 0 12 0 0 2 -5  0 238.204
 0 12 0 0 -3 -4  3 233.187
 0 12 0 0 0 -3  0 245.23
 0 12 0 0 -2 -4  0 237.662
 0 12 0 0 -1 -2  0 243.548
 0 12 0 0 -2 -3  0 250.859
 0 12 0 0 -1 -3  0 249.129
 0 12 0 0 -1 -4  0 250.29
 0 12 0 0 3 -7  3 267.735
 0 12 0 0 -1 -5  2 255.733
 0 12 0 0 1 -6  2 269.732
 0 12 0 0 0 -5  0 263.5
 0 12 0 0 1 -5  0 266.273
 0 12 0 0 0 -4  0 263.142
 0 13 0 0 -3 7  3 266.649
 0 13 0 0 -1 5  0 272.377
 0 13 0 0 0 4  0 253.493
 0 13 0 0 0 5  0 247.01
 0 13 0 0 1 3  0 244.82
 0 13 0 0 -1 6  2 242.144
 0 13 0 0 0 3  0 236.956
 0 13 0 0 2 2  0 244.458
 0 13 0 0 1 2  0 236.766
 0 13 0 0 3 2  0 238.413
 0 13 0 0 2 1  0 237.512
 0 13 0 0 2 3  0 237.257
 0 13 0 0 1 1  0 236.923
 0 13 0 0 1 4  0 235.804
 0 13 0 0 -2 5  0 231.847
 0 13 0 0 2 4  0 235.403
 0 13 0 0 -1 4  0 236.171
 0 13 0 0 1 5  2 231.304
 0 13 0 0 -1 3  0 230.408
 0 13 0 0 4 3  3 232.532
 0 13 0 0 0 2  0 229.493
 0 13 0 0 3 3  0 231.849
 0 13 0 0 0 1  0 231.594
 0 13 0 0 3 1  0 231.901
 0 13 0 0 1 0  0 236.773
 0 13 0 0 3 0  0 233.388
 0 13 0 0 1 -2  1 245.344
 0 13 0 0 4 0  0 238.406
 0 13 0 0 4 2  0 244.544
 0 13 0 0 1 -1  0 251.001
 0 13 0 0 4 1  0 257.056
 0 13 0 0 2 0  0 271.355
 0 13 0 0 5 1  2 258.751
 0 13 0 0 3 -1  0 273.376
 0 13 0 0 5 0  0 265.126
 0 13 0 0 2 -1  0 274.845
 0 13 0 0 5 -1  0 260.16
 0 13 0 0 2 -2  0 254.833
 0 13 0 0 6 -1  2 257.063
 0 13 0 0 1 -2  4 246.086
 0 13 0 0 5 -2  0 240.766
 0 13 0 0 2 -4  0 239.612
 0 13 0 0 4 -1  0 239.763
 0 13 0 0 2 -3  0 241.843
 0 13 0 0 4 -2  0 239.489
 0 13 0 0 3 -4  0 239.295
 0 13 0 0 6 -2  0 234.681
 0 13 0 0 3 -6  0 234.504
 0 13 0 0 6 -3  0 236.657
 0 13 0 0 3 -5  0 228.729
 0 13 0 0 7 -3  3 237.123
 0 13 0 0 3 -3  0 234.56
 0 13 0 0 6 -4  0 234.228
 0 13 0 0 3 -2  0 242.834
 0 13 0 0 5 -3  0 241.497
 0 13 0 0 4 -3  0 247.711
 0 13 0 0 5 -4  0 248.76
 0 13 0 0 4 -6  3 247.45
 0 13 0 0 6 -5  2 256.011
 0 13 0 0 5 -6  2 264.241
 0 13 0 0 5 -5  0 264.721
 0 13 0 0 4 -5  0 268.422
 0 13 0 0 4 -4  0 274.727
 0 13 0 0 2 -6  3 260.534
 0 13 0 0 1 -5  0 261.896
 0 13 0 0 0 -4  0 257.007
 0 13 0 0 0 -5  0 251.51
 0 13 0 0 -1 -3  0 247.886
 0 13 0 0 1 -6  2 246.721
 0 13 0 0 0 -3  0 240.106
 0 13 0 0 -2 -2  0 237.442
 0 13 0 0 -1 -2  0 230.015
 0 13 0 0 -3 -2  0 240.428
 0 13 0 0 -2 -1  0 229.673
 0 13 0 0 -2 -3  0 238.534
 0 13 0 0 -1 -1  0 233.763
 0 13 0 0 -1 -5  2 236.71
 0 13 0 0 2 -5  0 232.997
 0 13 0 0 -1 -4  0 232.923
 0 13 0 0 1 -4  0 229.522
 0 13 0 0 -2 -4  0 230.676
 0 13 0 0 1 -3  0 237.562
 0 13 0 0 -3 -4  3 229.157
 0 13 0 0 0 -2  0 233.647
 0 13 0 0 -3 -3  0 224.777
 0 13 0 0 0 -1  0 239.547
 0 13 0 0 -3 -1  0 229.63
 0 13 0 0 -1 0  0 239.385
 0 13 0 0 -3 0  0 237.562
 0 13 0 0 0 0  0 240.718
 0 13 0 0 -4 0  0 247.762
 0 13 0 0 -1 2  0 236.867
 0 13 0 0 -4 -2  0 254.07
 0 13 0 0 -1 1  0 270.367
 0 13 0 0 -4 -1  0 271.746
 0 13 0 0 -2 0  2 264.125
 0 13 0 0 -5 -1  0 276.946
 0 13 0 0 -3 1  0 263.248
 0 13 0 0 -5 0  0 262.858
 0 13 0 0 -2 1  0 258.795
 0 13 0 0 -5 1  0 256.61
 0 13 0 0 -2 2  2 241.683
 0 13 0 0 -6 1  1 236.056
 0 13 0 0 -2 4  0 243.572
 0 13 0 0 -5 2  4 232.76
 0 13 0 0 -2 4  0 0
 0 13 0 0 -4 1  0 235.732
 0 13 0 0 -2 3  0 240.353
 0 13 0 0 -4 2  0 245.784
 0 13 0 0 -3 4  0 240.454
 0 13 0 0 -6 2  0 235.585
 0 13 0 0 -3 6  0 241.101
 0 13 0 0 -6 3  0 245.333
 0 13 0 0 -3 5  3 239.088
 0 13 0 0 -7 4  3 233.168
 0 13 0 0 -3 3  0 239.111
 0 13 0 0 -6 4  0 239.83
 0 13 0 0 -3 2  0 249.288
 0 13 0 0 -5 3  0 257.111
 0 13 0 0 -4 3  0 252.015
 0 13 0 0 -5 4  3 254.156
 0 13 0 0 -4 7  3 260.647
 0 13 0 0 -6 5  2 264.977
 0 13 0 0 -5 6  0 265.983
 0 13 0 0 -5 5  0 270.685
 0 13 0 0 -4 5  0 275.552
 0 13 0 0 -4 4  3 265.496
 0 14 0 0 4 -7  3 288.183
 0 14 0 0 4 -5  0 290.785
 0 14 0 0 4 -4  0 276.053
 0 14 0 0 5 -5  0 286.483
 0 14 0 0 4 -3  0 274.586
 0 14 0 0 5 -6  2 270.942
 0 14 0 0 3 -3  0 279.077
 0 14 0 0 4 -2  0 265.652
 0 14 0 0 3 -2  0 265.686
 0 14 0 0 5 -2  0 262.151
 0 14 0 0 3 -1  0 260.73
 0 14 0 0 5 -3  0 257.195
 0 14 0 0 2 -1  0 265.506
 0 14 0 0 5 -4  0 251.738
 0 14 0 0 3 -5  0 256.868
 0 14 0 0 6 -4  0 262.924
 0 14 0 0 3 -4  0 260.081
 0 14 0 0 6 -5  2 262.272
 0 14 0 0 2 -3  0 261.896
 0 14 0 0 7 -3  3 259.601
 0 14 0 0 2 -2  0 257.579
 0 14 0 0 6 -3  0 260.133
 0 14 0 0 1 -1  0 257.655
 0 14 0 0 4 -1  0 263.706
 0 14 0 0 1 0  0 263.881
 0 14 0 0 3 0  0 263.399
 0 14 0 0 -1 2  1 262.311
 0 14 0 0 4 0  0 271.307
 0 14 0 0 6 -2  0 269.495
 0 14 0 0 0 1  0 274.392
 0 14 0 0 5 -1  0 278.192
 0 14 0 0 2 0  0 290.613
 0 14 0 0 6 -1  2 291.222
 0 14 0 0 2 1  0 300.908
 0 14 0 0 5 0  0 300.961
 0 14 0 0 1 1  0 288.087
 0 14 0 0 4 1  0 288.436
 0 14 0 0 0 2  0 281.271
 0 14 0 0 5 1  2 270.858
 0 14 0 0 -1 2  4 271.66
 0 14 0 0 3 2  0 268.883
 0 14 0 0 -2 4  0 260.555
 0 14 0 0 3 1  0 269.005
 0 14 0 0 -1 3  0 262.178
 0 14 0 0 2 2  0 266.892
 0 14 0 0 -1 4  0 258.973
 0 14 0 0 4 2  0 256.269
 0 14 0 0 -3 6  0 260.669
 0 14 0 0 3 3  0 254.373
 0 14 0 0 -2 5  0 261.873
 0 14 0 0 4 3  3 260.865
 0 14 0 0 0 3  0 262.75
 0 14 0 0 2 4  0 258.723
 0 14 0 0 1 2  0 262.457
 0 14 0 0 2 3  0 259.877
 0 14 0 0 1 3  0 271.045
 0 14 0 0 1 4  0 263.849
 0 14 0 0 -2 6  3 277.629
 0 14 0 0 1 5  2 280.388
 0 14 0 0 -1 6  2 302.703
 0 14 0 0 0 5  0 288.036
 0 14 0 0 -1 5  0 296.152
 0 14 0 0 0 4  0 295.96
 0 14 0 0 -4 6  3 276.243
 0 14 0 0 -4 5  0 271.804
 0 14 0 0 -4 4  0 276.684
 0 14 0 0 -5 5  0 278.507
 0 14 0 0 -4 3  0 271.504
 0 14 0 0 -5 6  2 273.544
 0 14 0 0 -3 3  0 257.711
 0 14 0 0 -4 2  0 261.707
 0 14 0 0 -3 2  0 258.535
 0 14 0 0 -5 2  0 258.093
 0 14 0 0 -3 1  0 258.792
 0 14 0 0 -5 3  0 247.5
 0 14 0 0 -2 1  0 252.791
 0 14 0 0 -6 5  2 254.196
 0 14 0 0 -3 5  0 252.842
 0 14 0 0 -5 4  0 248.656
 0 14 0 0 -3 4  0 250.671
 0 14 0 0 -6 4  0 250.345
 0 14 0 0 -2 3  0 252.804
 0 14 0 0 -7 4  3 252.276
 0 14 0 0 -2 2  0 245.16
 0 14 0 0 -6 3  0 249.633
 0 14 0 0 -1 1  0 249.083
 0 14 0 0 -4 1  0 259.757
 0 14 0 0 -1 0  0 252.855
 0 14 0 0 -3 0  0 253.142
 0 14 0 0 0 0  0 249.038
 0 14 0 0 -4 0  0 263.205
 0 14 0 0 1 -2  0 264.236
 0 14 0 0 -6 2  0 271.123
 0 14 0 0 0 -1  0 280.403
 0 14 0 0 -5 1  0 279.048
 0 14 0 0 -2 0  0 287.171
 0 14 0 0 -6 1  2 282.379
 0 14 0 0 -2 -1  0 285.389
 0 14 0 0 -5 0  0 278.026
 0 14 0 0 -1 -1  0 272.695
 0 14 0 0 -4 -1  0 273.043
 0 14 0 0 0 -2  0 267.38
 0 14 0 0 -5 -1  2 257.05
 0 14 0 0 2 -4  1 250.773
 0 14 0 0 -3 -2  0 260.901
 0 14 0 0 2 -4  4 250.757
 0 14 0 0 -3 -1  0 243.016
 0 14 0 0 1 -3  0 244.564
 0 14 0 0 -2 -2  0 247.105
 0 14 0 0 1 -4  0 247.104
 0 14 0 0 -4 -2  0 247.141
 0 14 0 0 3 -6  0 245.401
 0 14 0 0 -3 -3  0 245.605
 0 14 0 0 2 -5  0 235.852
 0 14 0 0 -3 -4  3 243.037
 0 14 0 0 0 -3  0 250.923
 0 14 0 0 -2 -4  0 247.775
 0 14 0 0 -1 -2  0 253.958
 0 14 0 0 -2 -3  0 248.312
 0 14 0 0 -1 -3  0 251.242
 0 14 0 0 -1 -4  0 260.176
 0 14 0 0 3 -7  3 266.513
 0 14 0 0 -1 -5  2 270.082
 0 14 0 0 1 -6  2 269.788
 0 14 0 0 0 -5  0 282.983
 0 14 0 0 1 -5  0 284.715
 0 14 0 0 0 -4  0 278.731
 0 15 0 0 -3 7  3 294.135
 0 15 0 0 -1 5  0 295.754
 0 15 0 0 0 4  0 293.869
 0 15 0 0 0 5  0 288.462
 0 15 0 0 1 3  0 285.388
 0 15 0 0 -1 6  2 277.957
 0 15 0 0 0 3  0 264.749
 0 15 0 0 2 2  0 263.035
 0 15 0 0 1 2  0 261.714
 0 15 0 0 3 2  0 256.753
 0 15 0 0 2 1  0 260.962
 0 15 0 0 2 3  0 264.428
 0 15 0 0 1 1  0 262.11
 0 15 0 0 1 4  0 253.297
 0 15 0 0 -2 5  0 260.423
 0 15 0 0 2 4  0 253.772
 0 15 0 0 -1 4  0 253.955
 0 15 0 0 1 5  2 252.571
 0 15 0 0 -1 3  0 253.505
 0 15 0 0 4 3  3 248.591
 0 15 0 0 0 2  0 257.361
 0 15 0 0 3 3  0 258.3
 0 15 0 0 0 1  0 262.155
 0 15 0 0 3 1  0 254.699
 0 15 0 0 1 0  0 264.434
 0 15 0 0 3 0  0 263.496
 0 15 0 0 1 -2  1 262.244
 0 15 0 0 4 0  0 266.938
 0 15 0 0 4 2  0 269.194
 0 15 0 0 1 -1  0 270.654
 0 15 0 0 4 1  0 280.875
 0 15 0 0 2 0  0 288.086
 0 15 0 0 5 1  2 292.978
 0 15 0 0 3 -1  0 297.121
 0 15 0 0 5 0  0 299.762
 0 15 0 0 2 -1  0 294.513
 0 15 0 0 5 -1  0 278.746
 0 15 0 0 2 -2  0 274.069
 0 15 0 0 6 -1  2 269.272
 0 15 0 0 1 -2  4 267.478
 0 15 0 0 5 -2  0 271.183
 0 15 0 0 2 -4  0 259.627
 0 15 0 0 4 -1  0 255.075
 0 15 0 0 2 -3  0 264.681
 0 15 0 0 4 -2  0 263.485
 0 15 0 0 3 -4  0 260.405
 0 15 0 0 6 -2  0 260.483
 0 15 0 0 3 -6  0 262.243
 0 15 0 0 6 -3  0 268.411
 0 15 0 0 3 -5  0 257.861
 0 15 0 0 7 -3  3 261.616
 0 15 0 0 3 -3  0 254.869
 0 15 0 0 6 -4  0 265.858
 0 15 0 0 3 -2  0 267.741
 0 15 0 0 5 -3  0 269.627
 0 15 0 0 4 -3  0 262.384
 0 15 0 0 5 -4  0 267.973
 0 15 0 0 4 -6  3 278.919
 0 15 0 0 6 -5  2 280.27
 0 15 0 0 5 -6  2 281.015
 0 15 0 0 5 -5  0 280.555
 0 15 0 0 4 -5  0 296.555
 0 15 0 0 4 -4  0 295.944
 0 15 0 0 2 -6  3 260.692
 0 15 0 0 1 -5  0 255.688
 0 15 0 0 0 -4  0 256.734
 0 15 0 0 0 -5  0 241.4
 0 15 0 0 -1 -3  0 248.632
 0 15 0 0 1 -6  2 238.459
 0 15 0 0 0 -3  0 228.353
 0 15 0 0 -2 -2  0 229.692
 0 15 0 0 -1 -2  0 231.917
 0 15 0 0 -3 -2  0 222.418
 0 15 0 0 -2 -1  0 229.273
 0 15 0 0 -2 -3  0 229.901
 0 15 0 0 -1 -1  0 229.145
 0 15 0 0 -1 -5  2 223.029
 0 15 0 0 2 -5  0 224.442
 0 15 0 0 -1 -4  0 229.325
 0 15 0 0 1 -4  0 223.643
 0 15 0 0 -2 -4  0 224.475
 0 15 0 0 1 -3  0 225.379
 0 15 0 0 -3 -4  3 219.977
 0 15 0 0 0 -2  0 228.691
 0 15 0 0 -3 -3  0 226.222
 0 15 0 0 0 -1  0 228.475
 0 15 0 0 -3 -1  0 227.804
 0 15 0 0 -1 0  0 224.276
 0 15 0 0 -3 0  0 227.296
 0 15 0 0 0 0  0 229.33
 0 15 0 0 -4 0  0 243.685
 0 15 0 0 -1 2  0 234.398
 0 15 0 0 -4 -2  0 241.785
 0 15 0 0 -1 1  0 251.011
 0 15 0 0 -4 -1  0 253.136
 0 15 0 0 -2 0  2 260.255
 0 15 0 0 -5 -1  0 262.331
 0 15 0 0 -3 1  0 254.869
 0 15 0 0 -5 0  0 251.831
 0 15 0 0 -2 1  0 246.593
 0 15 0 0 -5 1  0 249.072
 0 15 0 0 -2 2  2 239.494
 0 15 0 0 -6 1  1 238.503
 0 15 0 0 -2 4  0 235.979
 0 15 0 0 -5 2  4 235.183
 0 15 0 0 -2 4  0 0
 0 15 0 0 -4 1  0 227.751
 0 15 0 0 -2 3  0 225.334
 0 15 0 0 -4 2  0 220.225
 0 15 0 0 -3 4  0 232.801
 0 15 0 0 -6 2  0 235.005
 0 15 0 0 -3 6  0 234.63
 0 15 0 0 -6 3  0 234.177
 0 15 0 0 -3 5  3 231.723
 0 15 0 0 -7 4  3 230.738
 0 15 0 0 -3 3  0 234.808
 0 15 0 0 -6 4  0 238.006
 0 15 0 0 -3 2  0 242.755
 0 15 0 0 -5 3  0 236.657
 0 15 0 0 -4 3  0 249.184
 0 15 0 0 -5 4  3 246.342
 0 15 0 0 -4 7  3 252.588
 0 15 0 0 -6 5  2 249.364
 0 15 0 0 -5 6  0 262.342
 0 15 0 0 -5 5  0 258.313
 0 15 0 0 -4 5  0 256.661
 0 15 0 0 -4 4  3 261.582
 0 16 0 0 4 -7  3 291.065
 0 16 0 0 4 -5  0 286.578
 0 16 0 0 4 -4  0 278.399
 0 16 0 0 5 -5  0 271.835
 0 16 0 0 4 -3  0 274.902
 0 16 0 0 5 -6  2 273.147
 0 16 0 0 3 -3  0 261.251
 0 16 0 0 4 -2  0 254.409
 0 16 0 0 3 -2  0 254.14
 0 16 0 0 5 -2  0 257.806
 0 16 0 0 3 -1  0 258.301
 0 16 0 0 5 -3  0 246.02
 0 16 0 0 2 -1  0 246.572
 0 16 0 0 5 -4  0 251.39
 0 16 0 0 3 -5  0 256.655
 0 16 0 0 6 -4  0 256.692
 0 16 0 0 3 -4  0 253.571
 0 16 0 0 6 -5  2 253.332
 0 16 0 0 2 -3  0 252.723
 0 16 0 0 7 -3  3 252.619
 0 16 0 0 2 -2  0 250.653
 0 16 0 0 6 -3  0 249.758
 0 16 0 0 1 -1  0 252.428
 0 16 0 0 4 -1  0 257.033
 0 16 0 0 1 0  0 254.248
 0 16 0 0 3 0  0 257.592
 0 16 0 0 -1 2  1 257.308
 0 16 0 0 4 0  0 260.769
 0 16 0 0 6 -2  0 260.967
 0 16 0 0 0 1  0 271.877
 0 16 0 0 5 -1  0 283.67
 0 16 0 0 2 0  0 282.178
 0 16 0 0 6 -1  2 292.545
 0 16 0 0 2 1  0 288.419
 0 16 0 0 5 0  0 290.448
 0 16 0 0 1 1  0 285.126
 0 16 0 0 4 1  0 275.119
 0 16 0 0 0 2  0 278.203
 0 16 0 0 5 1  2 263.577
 0 16 0 0 -1 2  4 262.086
 0 16 0 0 3 2  0 266.131
 0 16 0 0 -2 4  0 256.508
 0 16 0 0 3 1  0 260.404
 0 16 0 0 -1 3  0 259.884
 0 16 0 0 2 2  0 254.259
 0 16 0 0 -1 4  0 261.163
 0 16 0 0 4 2  0 261.69
 0 16 0 0 -3 6  0 254.465
 0 16 0 0 3 3  0 263.785
 0 16 0 0 -2 5  0 254.119
 0 16 0 0 4 3  3 265.96
 0 16 0 0 0 3  0 267.118
 0 16 0 0 2 4  0 259.456
 0 16 0 0 1 2  0 265.651
 0 16 0 0 2 3  0 269.05
 0 16 0 0 1 3  0 272.362
 0 16 0 0 1 4  0 281.05
 0 16 0 0 -2 6  3 273.772
 0 16 0 0 1 5  2 277.226
 0 16 0 0 -1 6  2 284.266
 0 16 0 0 0 5  0 294.201
 0 16 0 0 -1 5  0 294.201
 0 16 0 0 0 4  0 285.983
 0 16 0 0 -4 6  3 266.241
 0 16 0 0 -4 5  0 257.112
 0 16 0 0 -4 4  0 261.997
 0 16 0 0 -5 5  0 254.348
 0 16 0 0 -4 3  0 253.78
 0 16 0 0 -5 6  2 254.054
 0 16 0 0 -3 3  0 248.393
 0 16 0 0 -4 2  0 249.401
 0 16 0 0 -3 2  0 246.678
 0 16 0 0 -5 2  0 234.435
 0 16 0 0 -3 1  0 241.353
 0 16 0 0 -5 3  0 236.004
 0 16 0 0 -2 1  0 231.588
 0 16 0 0 -6 5  2 231.608
 0 16 0 0 -3 5  0 235.191
 0 16 0 0 -5 4  0 234.262
 0 16 0 0 -3 4  0 230.148
 0 16 0 0 -6 4  0 236.619
 0 16 0 0 -2 3  0 233.528
 0 16 0 0 -7 4  3 238.944
 0 16 0 0 -2 2  0 242.813
 0 16 0 0 -6 3  0 238.303
 0 16 0 0 -1 1  0 241.957
 0 16 0 0 -4 1  0 235.792
 0 16 0 0 -1 0  0 239.218
 0 16 0 0 -3 0  0 246.729
 0 16 0 0 0 0  0 248.532
 0 16 0 0 -4 0  0 246.572
 0 16 0 0 1 -2  0 253.054
 0 16 0 0 -6 2  0 254.262
 0 16 0 0 0 -1  0 267.632
 0 16 0 0 -5 1  0 264.147
 0 16 0 0 -2 0  0 280.496
 0 16 0 0 -6 1  2 278.372
 0 16 0 0 -2 -1  0 283.315
 0 16 0 0 -5 0  0 272.62
 0 16 0 0 -1 -1  0 254.506
 0 16 0 0 -4 -1  0 263.797
 0 16 0 0 0 -2  0 261.062
 0 16 0 0 -5 -1  2 250.589
 0 16 0 0 2 -4  1 254.124
 0 16 0 0 -3 -2  0 243.369
 0 16 0 0 2 -4  4 245.666
 0 16 0 0 -3 -1  0 247.014
 0 16 0 0 1 -3  0 246.028
 0 16 0 0 -2 -2  0 248.506
 0 16 0 0 1 -4  0 240.03
 0 16 0 0 -4 -2  0 244.719
 0 16 0 0 3 -6  0 239.793
 0 16 0 0 -3 -3  0 242.523
 0 16 0 0 2 -5  0 247.981
 0 16 0 0 -3 -4  3 248.718
 0 16 0 0 0 -3  0 253.601
 0 16 0 0 -2 -4  0 245.363
 0 16 0 0 -1 -2  0 248.591
 0 16 0 0 -2 -3  0 263.862
 0 16 0 0 -1 -3  0 250.991
 0 16 0 0 -1 -4  0 261.445
 0 16 0 0 3 -7  3 267.742
 0 16 0 0 -1 -5  2 271.757
 0 16 0 0 1 -6  2 279.816
 0 16 0 0 0 -5  0 274.243
 0 16 0 0 1 -5  0 277.882
 0 16 0 0 0 -4  0 276.756
