SCHEME_CODE 0
# CODE  LAYER SENSOR_IX SENSOR_IV  IX  IV TYPE  VALUE
 0 1 0 0 -3 7  3 270.094
 0 1 0 0 -1 5  0 267.027
 0 1 0 0 0 4  0 262.184
 0 1 0 0 0 5  0 257.769
 0 1 0 0 1 3  0 251.821
 0 1 0 0 -1 6  2 253.589
 0 1 0 0 0 3  0 250.752
 0 1 0 0 2 2  0 247.204
 0 1 0 0 1 2  0 248.887
 0 1 0 0 3 2  0 249.351
 0 1 0 0 2 1  0 254.714
 0 1 0 0 2 3  0 240.381
 0 1 0 0 1 1  0 245.13
 0 1 0 0 1 4  0 245.819
 0 1 0 0 -2 5  0 248.618
 0 1 0 0 2 4  0 243.781
 0 1 0 0 -1 4  0 244.448
 0 1 0 0 1 5  2 239.638
 0 1 0 0 -1 3  0 247.461
 0 1 0 0 4 3  3 247.384
 0 1 0 0 0 2  0 242.827
 0 1 0 0 3 3  0 248.067
 0 1 0 0 0 1  0 237.713
 0 1 0 0 3 1  0 241.048
 0 1 0 0 1 0  0 253.833
 0 1 0 0 3 0  0 258.418
 0 1 0 0 1 -2  1 254.969
 0 1 0 0 4 0  0 261.734
 0 1 0 0 4 2  0 263.262
 0 1 0 0 1 -1  0 265.376
 0 1 0 0 4 1  0 277.038
 0 1 0 0 2 0  0 266.331
 0 1 0 0 5 1  2 275.377
 0 1 0 0 3 -1  0 277.266
 0 1 0 0 5 0  0 266.779
 0 1 0 0 2 -1  0 273.793
 0 1 0 0 5 -1  0 263.286
 0 1 0 0 2 -2  0 263.374
 0 1 0 0 6 -1  2 259.004
 0 1 0 0 1 -2  4 250.334
 0 1 0 0 5 -2  0 258.049
 0 1 0 0 2 -4  0 265.108
 0 1 0 0 4 -1  0 252.291
 0 1 0 0 2 -3  0 254.843
 0 1 0 0 4 -2  0 254.226
 0 1 0 0 3 -4  0 251.386
 0 1 0 0 6 -2  0 250.937
 0 1 0 0 3 -6  0 257.862
 0 1 0 0 6 -3  0 253.184
 0 1 0 0 3 -5  0 257.213
 0 1 0 0 7 -3  3 261.422
 0 1 0 0 3 -3  0 270.694
 0 1 0 0 6 -4  0 262.612
 0 1 0 0 3 -2  0 269.567
 0 1 0 0 5 -3  0 273.803
 0 1 0 0 4 -3  0 265.41
 0 1 0 0 5 -4  0 269.264
 0 1 0 0 4 -6  3 273.427
 0 1 0 0 6 -5  2 266.207
 0 1 0 0 5 -6  2 270.239
 0 1 0 0 5 -5  0 267.42
 0 1 0 0 4 -5  0 265.727
 0 1 0 0 4 -4  0 262.204
 0 1 0 0 2 -6  3 279.231
 0 1 0 0 1 -5  0 277.871
 0 1 0 0 0 -4  0 273.07
 0 1 0 0 0 -5  0 274.066
 0 1 0 0 -1 -3  0 265.95
 0 1 0 0 1 -6  2 265.294
 0 1 0 0 0 -3  0 259.564
 0 1 0 0 -2 -2  0 260.169
 0 1 0 0 -1 -2  0 256.89
 0 1 0 0 -3 -2  0 253.998
 0 1 0 0 -2 -1  0 254.366
 0 1 0 0 -2 -3  0 252.238
 0 1 0 0 -1 -1  0 242.607
 0 1 0 0 -1 -5  2 251.828
 0 1 0 0 2 -5  0 252.638
 0 1 0 0 -1 -4  0 254.581
 0 1 0 0 1 -4  0 240.497
 0 1 0 0 -2 -4  0 254.608
 0 1 0 0 1 -3  0 240.459
 0 1 0 0 -3 -4  3 249.743
 0 1 0 0 0 -2  0 247.823
 0 1 0 0 -3 -3  0 252.014
 0 1 0 0 0 -1  0 250.683
 0 1 0 0 -3 -1  0 254.413
 0 1 0 0 -1 0  0 251.657
 0 1 0 0 -3 0  0 255.408
 0 1 0 0 0 0  0 256.886
 0 1 0 0 -4 0  0 262.572
 0 1 0 0 -1 2  0 263.38
 0 1 0 0 -4 -2  0 264.703
 0 1 0 0 -1 1  0 278.568
 0 1 0 0 -4 -1  0 273.921
 0 1 0 0 -2 0  0 282.51
 0 1 0 0 -5 -1  2 283.246
 0 1 0 0 -3 1  0 284.43
 0 1 0 0 -5 0  0 278.373
 0 1 0 0 -2 1  0 277.767
 0 1 0 0 -5 1  0 268.947
 0 1 0 0 -2 2  0 270
 0 1 0 0 -6 1  2 266.079
 0 1 0 0 -2 4  1 261.139
 0 1 0 0 -5 2  0 263.372
 0 1 0 0 -2 4  4 257.967
 0 1 0 0 -4 1  0 262.418
 0 1 0 0 -2 3  0 257.737
 0 1 0 0 -4 2  0 264.848
 0 1 0 0 -3 4  0 262.44
 0 1 0 0 -6 2  0 258.102
 0 1 0 0 -3 6  0 257.368
 0 1 0 0 -6 3  0 252.828
 0 1 0 0 -3 5  0 261.991
 0 1 0 0 -7 4  3 253.942
 0 1 0 0 -3 3  0 260.613
 0 1 0 0 -6 4  0 257.66
 0 1 0 0 -3 2  0 264.363
 0 1 0 0 -5 3  0 265.244
 0 1 0 0 -4 3  0 263.959
 0 1 0 0 -5 4  0 271.77
 0 1 0 0 -4 7  3 269.266
 0 1 0 0 -6 5  2 279.529
 0 1 0 0 -5 6  2 282.199
 0 1 0 0 -5 5  0 274.678
 0 1 0 0 -4 5  0 273.998
 0 1 0 0 -4 4  0 276.341
 0 2 0 0 4 -7  3 267.919
 0 2 0 0 4 -5  0 260.974
 0 2 0 0 4 -4  0 260.109
 0 2 0 0 5 -5  0 259.282
 0 2 0 0 4 -3  0 252.602
 0 2 0 0 5 -6  2 252.194
 0 2 0 0 3 -3  0 246.196
 0 2 0 0 4 -2  0 249.43
 0 2 0 0 3 -2  0 251.983
 0 2 0 0 5 -2  0 245.733
 0 2 0 0 3 -1  0 244.202
 0 2 0 0 5 -3  0 244.119
 0 2 0 0 2 -1  0 243.792
 0 2 0 0 5 -4  0 242.543
 0 2 0 0 3 -5  0 235.701
 0 2 0 0 6 -4  0 238.898
 0 2 0 0 3 -4  0 243.584
 0 2 0 0 6 -5  2 242.444
 0 2 0 0 2 -3  0 244.3
 0 2 0 0 7 -3  3 244.643
 0 2 0 0 2 -2  0 239.463
 0 2 0 0 6 -3  0 233.078
 0 2 0 0 1 -1  0 238.17
 0 2 0 0 4 -1  0 239.99
 0 2 0 0 1 0  0 242.291
 0 2 0 0 3 0  0 248.362
 0 2 0 0 -1 2  1 246.819
 0 2 0 0 4 0  0 254.671
 0 2 0 0 6 -2  0 256.984
 0 2 0 0 0 1  0 262.982
 0 2 0 0 5 -1  0 262.32
 0 2 0 0 2 0  0 265.281
 0 2 0 0 6 -1  2 266.523
 0 2 0 0 2 1  0 260.28
 0 2 0 0 5 0  0 261.643
 0 2 0 0 1 1  0 268.179
 0 2 0 0 4 1  0 262.4
 0 2 0 0 0 2  0 262.923
 0 2 0 0 5 1  2 253.836
 0 2 0 0 -1 2  4 251.817
 0 2 0 0 3 2  0 251.813
 0 2 0 0 -2 4  0 243.076
 0 2 0 0 3 1  0 246.726
 0 2 0 0 -1 3  0 243.348
 0 2 0 0 2 2  0 245.356
 0 2 0 0 -1 4  0 247.27
 0 2 0 0 4 2  0 237.111
 0 2 0 0 -3 6  0 241.978
 0 2 0 0 3 3  0 250.148
 0 2 0 0 -2 5  0 241.317
 0 2 0 0 4 3  3 248.9
 0 2 0 0 0 3  0 248.101
 0 2 0 0 2 4  0 258.172
 0 2 0 0 1 2  0 248.727
 0 2 0 0 2 3  0 249.547
 0 2 0 0 1 3  0 255.744
 0 2 0 0 1 4  0 253.213
 0 2 0 0 -2 6  3 261.657
 0 2 0 0 1 5  2 264.42
 0 2 0 0 -1 6  2 259.804
 0 2 0 0 0 5  0 260.172
 0 2 0 0 -1 5  0 257.254
 0 2 0 0 0 4  0 258.94
 0 2 0 0 -4 6  3 305.409
 0 2 0 0 -4 5  0 312.829
 0 2 0 0 -4 4  0 302.913
 0 2 0 0 -5 5  0 301.78
 0 2 0 0 -4 3  0 297.894
 0 2 0 0 -5 6  2 286.426
 0 2 0 0 -3 3  0 282.744
 0 2 0 0 -4 2  0 288.686
 0 2 0 0 -3 2  0 293.266
 0 2 0 0 -5 2  0 289.168
 0 2 0 0 -3 1  0 277.388
 0 2 0 0 -5 3  0 280.288
 0 2 0 0 -2 1  0 282.652
 0 2 0 0 -6 5  2 276.598
 0 2 0 0 -3 5  0 281.59
 0 2 0 0 -5 4  0 280.283
 0 2 0 0 -3 4  0 274.129
 0 2 0 0 -6 4  0 278.136
 0 2 0 0 -2 3  0 280.442
 0 2 0 0 -7 4  3 276.428
 0 2 0 0 -2 2  0 285.066
 0 2 0 0 -6 3  0 280.206
 0 2 0 0 -1 1  0 279.149
 0 2 0 0 -4 1  0 286.788
 0 2 0 0 -1 0  0 285.41
 0 2 0 0 -3 0  0 289.758
 0 2 0 0 0 0  0 289.101
 0 2 0 0 -4 0  0 286.233
 0 2 0 0 1 -2  0 303.128
 0 2 0 0 -6 2  0 301.72
 0 2 0 0 0 -1  0 307.158
 0 2 0 0 -5 1  0 309.017
 0 2 0 0 -2 0  0 298.71
 0 2 0 0 -6 1  2 310.22
 0 2 0 0 -2 -1  0 310.938
 0 2 0 0 -5 0  0 302.56
 0 2 0 0 -1 -1  0 300.081
 0 2 0 0 -4 -1  0 299.232
 0 2 0 0 0 -2  0 300.819
 0 2 0 0 -5 -1  2 293.614
 0 2 0 0 2 -4  1 294.013
 0 2 0 0 -3 -2  0 283.766
 0 2 0 0 2 -4  4 287.464
 0 2 0 0 -3 -1  0 289.769
 0 2 0 0 1 -3  0 279.768
 0 2 0 0 -2 -2  0 289.209
 0 2 0 0 1 -4  0 290.674
 0 2 0 0 -4 -2  0 283.236
 0 2 0 0 3 -6  0 291.496
 0 2 0 0 -3 -3  0 287.392
 0 2 0 0 2 -5  0 284.713
 0 2 0 0 -3 -4  3 286.28
 0 2 0 0 0 -3  0 277.208
 0 2 0 0 -2 -4  0 282.386
 0 2 0 0 -1 -2  0 291.783
 0 2 0 0 -2 -3  0 295.248
 0 2 0 0 -1 -3  0 292.394
 0 2 0 0 -1 -4  0 296.211
 0 2 0 0 3 -7  3 295.812
 0 2 0 0 -1 -5  2 296.421
 0 2 0 0 1 -6  2 303.884
 0 2 0 0 0 -5  0 304.472
 0 2 0 0 1 -5  0 305.469
 0 2 0 0 0 -4  0 305.143
 0 3 0 0 -3 7  3 282.803
 0 3 0 0 -1 5  0 285.267
 0 3 0 0 0 4  0 285.259
 0 3 0 0 0 5  0 281.743
 0 3 0 0 1 3  0 287.119
 0 3 0 0 -1 6  2 282.617
 0 3 0 0 0 3  0 276.452
 0 3 0 0 2 2  0 274.887
 0 3 0 0 1 2  0 277.138
 0 3 0 0 3 2  0 270.902
 0 3 0 0 2 1  0 269.708
 0 3 0 0 2 3  0 263.05
 0 3 0 0 1 1  0 258.251
 0 3 0 0 1 4  0 266.888
 0 3 0 0 -2 5  0 261.602
 0 3 0 0 2 4  0 267.058
 0 3 0 0 -1 4  0 267.976
 0 3 0 0 1 5  2 256.794
 0 3 0 0 -1 3  0 265.417
 0 3 0 0 4 3  3 261.288
 0 3 0 0 0 2  0 269.64
 0 3 0 0 3 3  0 262.428
 0 3 0 0 0 1  0 262.191
 0 3 0 0 3 1  0 263.669
 0 3 0 0 1 0  0 271.379
 0 3 0 0 3 0  0 279.347
 0 3 0 0 1 -2  1 263.151
 0 3 0 0 4 0  0 272.263
 0 3 0 0 4 2  0 290.667
 0 3 0 0 1 -1  0 287.621
 0 3 0 0 4 1  0 281.207
 0 3 0 0 2 0  0 288.389
 0 3 0 0 5 1  2 296.531
 0 3 0 0 3 -1  0 295.591
 0 3 0 0 5 0  0 286.967
 0 3 0 0 2 -1  0 275.397
 0 3 0 0 5 -1  0 274.5
 0 3 0 0 2 -2  0 274.604
 0 3 0 0 6 -1  2 277.821
 0 3 0 0 1 -2  4 272.2
 0 3 0 0 5 -2  0 256.456
 0 3 0 0 2 -4  0 265.111
 0 3 0 0 4 -1  0 263.203
 0 3 0 0 2 -3  0 260.392
 0 3 0 0 4 -2  0 253.292
 0 3 0 0 3 -4  0 267.436
 0 3 0 0 6 -2  0 255.452
 0 3 0 0 3 -6  0 253.998
 0 3 0 0 6 -3  0 267.591
 0 3 0 0 3 -5  0 255.979
 0 3 0 0 7 -3  3 256.743
 0 3 0 0 3 -3  0 259.329
 0 3 0 0 6 -4  0 267.196
 0 3 0 0 3 -2  0 259.701
 0 3 0 0 5 -3  0 263.302
 0 3 0 0 4 -3  0 260.461
 0 3 0 0 5 -4  0 274.187
 0 3 0 0 4 -6  3 274.074
 0 3 0 0 6 -5  2 278.019
 0 3 0 0 5 -6  2 277.539
 0 3 0 0 5 -5  0 284.359
 0 3 0 0 4 -5  0 287.182
 0 3 0 0 4 -4  0 280.48
 0 3 0 0 2 -6  3 287.411
 0 3 0 0 1 -5  0 284.423
 0 3 0 0 0 -4  0 284.342
 0 3 0 0 0 -5  0 285.617
 0 3 0 0 -1 -3  0 274.552
 0 3 0 0 1 -6  2 273.224
 0 3 0 0 0 -3  0 267.699
 0 3 0 0 -2 -2  0 260.68
 0 3 0 0 -1 -2  0 267.676
 0 3 0 0 -3 -2  0 266.34
 0 3 0 0 -2 -1  0 265.552
 0 3 0 0 -2 -3  0 268.13
 0 3 0 0 -1 -1  0 271.743
 0 3 0 0 -1 -5  2 262.742
 0 3 0 0 2 -5  0 261.213
 0 3 0 0 -1 -4  0 265.799
 0 3 0 0 1 -4  0 257.122
 0 3 0 0 -2 -4  0 263.709
 0 3 0 0 1 -3  0 264.017
 0 3 0 0 -3 -4  3 260.32
 0 3 0 0 0 -2  0 255.721
 0 3 0 0 -3 -3  0 266.206
 0 3 0 0 0 -1  0 270.749
 0 3 0 0 -3 -1  0 269.094
 0 3 0 0 -1 0  0 269.419
 0 3 0 0 -3 0  0 263.448
 0 3 0 0 0 0  0 279.966
 0 3 0 0 -4 0  0 273.107
 0 3 0 0 -1 2  0 281.587
 0 3 0 0 -4 -2  0 280.639
 0 3 0 0 -1 1  0 280.613
 0 3 0 0 -4 -1  0 291.279
 0 3 0 0 -2 0  0 290.646
 0 3 0 0 -5 -1  2 293.623
 0 3 0 0 -3 1  0 297.674
 0 3 0 0 -5 0  0 289.347
 0 3 0 0 -2 1  0 288.626
 0 3 0 0 -5 1  0 281.706
 0 3 0 0 -2 2  0 278.882
 0 3 0 0 -6 1  2 275.801
 0 3 0 0 -2 4  1 284.5
 0 3 0 0 -5 2  0 275.806
 0 3 0 0 -2 4  4 270.704
 0 3 0 0 -4 1  0 268.37
 0 3 0 0 -2 3  0 270.141
 0 3 0 0 -4 2  0 265.897
 0 3 0 0 -3 4  0 272.517
 0 3 0 0 -6 2  0 268.926
 0 3 0 0 -3 6  0 262.932
 0 3 0 0 -6 3  0 265.823
 0 3 0 0 -3 5  0 273.409
 0 3 0 0 -7 4  3 266.707
 0 3 0 0 -3 3  0 268.316
 0 3 0 0 -6 4  0 274.803
 0 3 0 0 -3 2  0 267.901
 0 3 0 0 -5 3  0 268.91
 0 3 0 0 -4 3  0 268.687
 0 3 0 0 -5 4  0 286.887
 0 3 0 0 -4 7  3 287.087
 0 3 0 0 -6 5  2 285.1
 0 3 0 0 -5 6  2 286.249
 0 3 0 0 -5 5  0 292.21
 0 3 0 0 -4 5  0 292.411
 0 3 0 0 -4 4  0 284.387
 0 4 0 0 4 -7  3 279.038
 0 4 0 0 4 -5  0 270.021
 0 4 0 0 4 -4  0 267.597
 0 4 0 0 5 -5  0 260.601
 0 4 0 0 4 -3  0 265.534
 0 4 0 0 5 -6  2 261.686
 0 4 0 0 3 -3  0 259.469
 0 4 0 0 4 -2  0 265.004
 0 4 0 0 3 -2  0 257.711
 0 4 0 0 5 -2  0 252.411
 0 4 0 0 3 -1  0 251.84
 0 4 0 0 5 -3  0 250.96
 0 4 0 0 2 -1  0 252.259
 0 4 0 0 5 -4  0 248.948
 0 4 0 0 3 -5  0 253.527
 0 4 0 0 6 -4  0 253.538
 0 4 0 0 3 -4  0 255.662
 0 4 0 0 6 -5  2 246.88
 0 4 0 0 2 -3  0 245.282
 0 4 0 0 7 -3  3 253.633
 0 4 0 0 2 -2  0 247.731
 0 4 0 0 6 -3  0 250.533
 0 4 0 0 1 -1  0 246.248
 0 4 0 0 4 -1  0 257.361
 0 4 0 0 1 0  0 255.439
 0 4 0 0 3 0  0 258.737
 0 4 0 0 -1 2  1 255.466
 0 4 0 0 4 0  0 260.086
 0 4 0 0 6 -2  0 269.574
 0 4 0 0 0 1  0 271.322
 0 4 0 0 5 -1  0 269.622
 0 4 0 0 2 0  0 276.899
 0 4 0 0 6 -1  2 283.698
 0 4 0 0 2 1  0 279.152
 0 4 0 0 5 0  0 276.794
 0 4 0 0 1 1  0 275.851
 0 4 0 0 4 1  0 276.214
 0 4 0 0 0 2  0 265.166
 0 4 0 0 5 1  2 270.149
 0 4 0 0 -1 2  4 262.758
 0 4 0 0 3 2  0 263.314
 0 4 0 0 -2 4  0 259.94
 0 4 0 0 3 1  0 253.922
 0 4 0 0 -1 3  0 257.442
 0 4 0 0 2 2  0 250.773
 0 4 0 0 -1 4  0 260.524
 0 4 0 0 4 2  0 262.481
 0 4 0 0 -3 6  0 257.343
 0 4 0 0 3 3  0 264.847
 0 4 0 0 -2 5  0 273.424
 0 4 0 0 4 3  3 262.811
 0 4 0 0 0 3  0 266.216
 0 4 0 0 2 4  0 263.811
 0 4 0 0 1 2  0 267.061
 0 4 0 0 2 3  0 268.548
 0 4 0 0 1 3  0 267.374
 0 4 0 0 1 4  0 282.213
 0 4 0 0 -2 6  3 272.558
 0 4 0 0 1 5  2 276.188
 0 4 0 0 -1 6  2 278.992
 0 4 0 0 0 5  0 276.469
 0 4 0 0 -1 5  0 271.254
 0 4 0 0 0 4  0 274.579
 0 4 0 0 -4 6  3 272.437
 0 4 0 0 -4 5  0 263.41
 0 4 0 0 -4 4  0 272.318
 0 4 0 0 -5 5  0 263.393
 0 4 0 0 -4 3  0 264.407
 0 4 0 0 -5 6  2 258.083
 0 4 0 0 -3 3  0 256.211
 0 4 0 0 -4 2  0 246.016
 0 4 0 0 -3 2  0 248.09
 0 4 0 0 -5 2  0 246.973
 0 4 0 0 -3 1  0 249.623
 0 4 0 0 -5 3  0 246.973
 0 4 0 0 -2 1  0 249.304
 0 4 0 0 -6 5  2 240.518
 0 4 0 0 -3 5  0 246.407
 0 4 0 0 -5 4  0 243.54
 0 4 0 0 -3 4  0 246.376
 0 4 0 0 -6 4  0 233.608
 0 4 0 0 -2 3  0 248.989
 0 4 0 0 -7 4  3 249.451
 0 4 0 0 -2 2  0 251.989
 0 4 0 0 -6 3  0 243.43
 0 4 0 0 -1 1  0 238.484
 0 4 0 0 -4 1  0 247.239
 0 4 0 0 -1 0  0 253.477
 0 4 0 0 -3 0  0 248.728
 0 4 0 0 0 0  0 249.203
 0 4 0 0 -4 0  0 254.802
 0 4 0 0 1 -2  0 255.704
 0 4 0 0 -6 2  0 252.563
 0 4 0 0 0 -1  0 267.349
 0 4 0 0 -5 1  0 265.889
 0 4 0 0 -2 0  0 271.613
 0 4 0 0 -6 1  2 269.234
 0 4 0 0 -2 -1  0 272.217
 0 4 0 0 -5 0  0 264.85
 0 4 0 0 -1 -1  0 267.957
 0 4 0 0 -4 -1  0 261.939
 0 4 0 0 0 -2  0 261.099
 0 4 0 0 -5 -1  2 259.822
 0 4 0 0 2 -4  1 255.339
 0 4 0 0 -3 -2  0 253.504
 0 4 0 0 2 -4  4 256.472
 0 4 0 0 -3 -1  0 249.846
 0 4 0 0 1 -3  0 251.543
 0 4 0 0 -2 -2  0 253.988
 0 4 0 0 1 -4  0 252.607
 0 4 0 0 -4 -2  0 263.306
 0 4 0 0 3 -6  0 252.102
 0 4 0 0 -3 -3  0 247.83
 0 4 0 0 2 -5  0 254.146
 0 4 0 0 -3 -4  3 242.719
 0 4 0 0 0 -3  0 253.99
 0 4 0 0 -2 -4  0 255.706
 0 4 0 0 -1 -2  0 251.639
 0 4 0 0 -2 -3  0 256.55
 0 4 0 0 -1 -3  0 262.137
 0 4 0 0 -1 -4  0 268.569
 0 4 0 0 3 -7  3 262.653
 0 4 0 0 -1 -5  2 275.912
 0 4 0 0 1 -6  2 267.251
 0 4 0 0 0 -5  0 264.143
 0 4 0 0 1 -5  0 265.152
 0 4 0 0 0 -4  0 262.941
 0 5 0 0 -3 7  3 270.658
 0 5 0 0 -1 5  0 269.343
 0 5 0 0 0 4  0 274.602
 0 5 0 0 0 5  0 261.551
 0 5 0 0 1 3  0 259.507
 0 5 0 0 -1 6  2 260.157
 0 5 0 0 0 3  0 265.107
 0 5 0 0 2 2  0 258.203
 0 5 0 0 1 2  0 258.404
 0 5 0 0 3 2  0 253.778
 0 5 0 0 2 1  0 256.24
 0 5 0 0 2 3  0 255.232
 0 5 0 0 1 1  0 254.346
 0 5 0 0 1 4  0 245.49
 0 5 0 0 -2 5  0 252.601
 0 5 0 0 2 4  0 256.13
 0 5 0 0 -1 4  0 252.47
 0 5 0 0 1 5  2 241.83
 0 5 0 0 -1 3  0 248.197
 0 5 0 0 4 3  3 250.8
 0 5 0 0 0 2  0 245.762
 0 5 0 0 3 3  0 255.214
 0 5 0 0 0 1  0 253.497
 0 5 0 0 3 1  0 254.977
 0 5 0 0 1 0  0 251.109
 0 5 0 0 3 0  0 258.329
 0 5 0 0 1 -2  1 255.677
 0 5 0 0 4 0  0 265.204
 0 5 0 0 4 2  0 265.08
 0 5 0 0 1 -1  0 274.241
 0 5 0 0 4 1  0 282.811
 0 5 0 0 2 0  0 271.723
 0 5 0 0 5 1  2 271.819
 0 5 0 0 3 -1  0 277.198
 0 5 0 0 5 0  0 279.03
 0 5 0 0 2 -1  0 278.362
 0 5 0 0 5 -1  0 266.178
 0 5 0 0 2 -2  0 254.709
 0 5 0 0 6 -1  2 257.992
 0 5 0 0 1 -2  4 257.714
 0 5 0 0 5 -2  0 254.913
 0 5 0 0 2 -4  0 262.992
 0 5 0 0 4 -1  0 263.257
 0 5 0 0 2 -3  0 248.068
 0 5 0 0 4 -2  0 253.198
 0 5 0 0 3 -4  0 254.607
 0 5 0 0 6 -2  0 257.326
 0 5 0 0 3 -6  0 253.238
 0 5 0 0 6 -3  0 264.094
 0 5 0 0 3 -5  0 253.142
 0 5 0 0 7 -3  3 256.108
 0 5 0 0 3 -3  0 259.892
 0 5 0 0 6 -4  0 252.348
 0 5 0 0 3 -2  0 252.323
 0 5 0 0 5 -3  0 265.821
 0 5 0 0 4 -3  0 268.828
 0 5 0 0 5 -4  0 268.139
 0 5 0 0 4 -6  3 270.134
 0 5 0 0 6 -5  2 272.191
 0 5 0 0 5 -6  2 270.444
 0 5 0 0 5 -5  0 262.929
 0 5 0 0 4 -5  0 271.236
 0 5 0 0 4 -4  0 264.74
 0 5 0 0 2 -6  3 269.911
 0 5 0 0 1 -5  0 269.94
 0 5 0 0 0 -4  0 270.064
 0 5 0 0 0 -5  0 267.279
 0 5 0 0 -1 -3  0 259.558
 0 5 0 0 1 -6  2 257.18
 0 5 0 0 0 -3  0 260.759
 0 5 0 0 -2 -2  0 264.91
 0 5 0 0 -1 -2  0 257.53
 0 5 0 0 -3 -2  0 252.25
 0 5 0 0 -2 -1  0 250.702
 0 5 0 0 -2 -3  0 249.973
 0 5 0 0 -1 -1  0 247.003
 0 5 0 0 -1 -5  2 249.424
 0 5 0 0 2 -5  0 248.613
 0 5 0 0 -1 -4  0 252.02
 0 5 0 0 1 -4  0 254.494
 0 5 0 0 -2 -4  0 247.564
 0 5 0 0 1 -3  0 246.282
 0 5 0 0 -3 -4  3 253.841
 0 5 0 0 0 -2  0 247.352
 0 5 0 0 -3 -3  0 243.378
 0 5 0 0 0 -1  0 243.422
 0 5 0 0 -3 -1  0 248.579
 0 5 0 0 -1 0  0 251.061
 0 5 0 0 -3 0  0 254.36
 0 5 0 0 0 0  0 248.309
 0 5 0 0 -4 0  0 260.051
 0 5 0 0 -1 2  0 263.474
 0 5 0 0 -4 -2  0 261.279
 0 5 0 0 -1 1  0 272.861
 0 5 0 0 -4 -1  0 268.493
 0 5 0 0 -2 0  0 273.533
 0 5 0 0 -5 -1  2 272.002
 0 5 0 0 -3 1  0 267.198
 0 5 0 0 -5 0  0 271.758
 0 5 0 0 -2 1  0 264.022
 0 5 0 0 -5 1  0 258.199
 0 5 0 0 -2 2  0 259.763
 0 5 0 0 -6 1  2 254.284
 0 5 0 0 -2 4  1 254.018
 0 5 0 0 -5 2  0 252.797
 0 5 0 0 -2 4  4 249.821
 0 5 0 0 -4 1  0 255.562
 0 5 0 0 -2 3  0 260.978
 0 5 0 0 -4 2  0 246.151
 0 5 0 0 -3 4  0 245.762
 0 5 0 0 -6 2  0 255.156
 0 5 0 0 -3 6  0 250.603
 0 5 0 0 -6 3  0 254.4
 0 5 0 0 -3 5  0 250.226
 0 5 0 0 -7 4  3 254.673
 0 5 0 0 -3 3  0 254.411
 0 5 0 0 -6 4  0 255.618
 0 5 0 0 -3 2  0 259.681
 0 5 0 0 -5 3  0 259.972
 0 5 0 0 -4 3  0 262.08
 0 5 0 0 -5 4  0 261.743
 0 5 0 0 -4 7  3 272.959
 0 5 0 0 -6 5  2 274.324
 0 5 0 0 -5 6  2 268.406
 0 5 0 0 -5 5  0 265.543
 0 5 0 0 -4 5  0 272.272
 0 5 0 0 -4 4  0 265.129
 0 6 0 0 4 -7  3 265.093
 0 6 0 0 4 -5  0 260.071
 0 6 0 0 4 -4  0 261.192
 0 6 0 0 5 -5  0 258.571
 0 6 0 0 4 -3  0 250.537
 0 6 0 0 5 -6  2 249.721
 0 6 0 0 3 -3  0 244.641
 0 6 0 0 4 -2  0 236.758
 0 6 0 0 3 -2  0 240.808
 0 6 0 0 5 -2  0 235.419
 0 6 0 0 3 -1  0 240.151
 0 6 0 0 5 -3  0 238.668
 0 6 0 0 2 -1  0 234.946
 0 6 0 0 5 -4  0 241.064
 0 6 0 0 3 -5  0 226.398
 0 6 0 0 6 -4  0 235.052
 0 6 0 0 3 -4  0 234.643
 0 6 0 0 6 -5  2 237.847
 0 6 0 0 2 -3  0 236.862
 0 6 0 0 7 -3  3 227.496
 0 6 0 0 2 -2  0 238.99
 0 6 0 0 6 -3  0 238.367
 0 6 0 0 1 -1  0 231.964
 0 6 0 0 4 -1  0 243.494
 0 6 0 0 1 0  0 235.879
 0 6 0 0 3 0  0 246.896
 0 6 0 0 -1 2  1 248.036
 0 6 0 0 4 0  0 240.92
 0 6 0 0 6 -2  0 247.5
 0 6 0 0 0 1  0 255.674
 0 6 0 0 5 -1  0 261.888
 0 6 0 0 2 0  0 263.808
 0 6 0 0 6 -1  2 263.907
 0 6 0 0 2 1  0 259.826
 0 6 0 0 5 0  0 263.463
 0 6 0 0 1 1  0 261.248
 0 6 0 0 4 1  0 258.063
 0 6 0 0 0 2  0 251.451
 0 6 0 0 5 1  2 246.683
 0 6 0 0 -1 2  4 252.063
 0 6 0 0 3 2  0 245.998
 0 6 0 0 -2 4  0 241.488
 0 6 0 0 3 1  0 253.26
 0 6 0 0 -1 3  0 240.838
 0 6 0 0 2 2  0 242.884
 0 6 0 0 -1 4  0 236.589
 0 6 0 0 4 2  0 245.499
 0 6 0 0 -3 6  0 234.197
 0 6 0 0 3 3  0 238.2
 0 6 0 0 -2 5  0 240.938
 0 6 0 0 4 3  3 247.716
 0 6 0 0 0 3  0 247.16
 0 6 0 0 2 4  0 245.288
 0 6 0 0 1 2  0 248.579
 0 6 0 0 2 3  0 244.257
 0 6 0 0 1 3  0 255.928
 0 6 0 0 1 4  0 252.056
 0 6 0 0 -2 6  3 253.221
 0 6 0 0 1 5  2 257.201
 0 6 0 0 -1 6  2 256.557
 0 6 0 0 0 5  0 262.206
 0 6 0 0 -1 5  0 254.874
 0 6 0 0 0 4  0 255.527
 0 6 0 0 -4 6  3 266.599
 0 6 0 0 -4 5  0 272.376
 0 6 0 0 -4 4  0 263.308
 0 6 0 0 -5 5  0 260.784
 0 6 0 0 -4 3  0 261.902
 0 6 0 0 -5 6  2 259.564
 0 6 0 0 -3 3  0 248.499
 0 6 0 0 -4 2  0 254.63
 0 6 0 0 -3 2  0 251.197
 0 6 0 0 -5 2  0 254.217
 0 6 0 0 -3 1  0 255.122
 0 6 0 0 -5 3  0 253.062
 0 6 0 0 -2 1  0 251.711
 0 6 0 0 -6 5  2 242.648
 0 6 0 0 -3 5  0 245.458
 0 6 0 0 -5 4  0 244.221
 0 6 0 0 -3 4  0 245.361
 0 6 0 0 -6 4  0 245.647
 0 6 0 0 -2 3  0 246.89
 0 6 0 0 -7 4  3 255
 0 6 0 0 -2 2  0 243.728
 0 6 0 0 -6 3  0 247.602
 0 6 0 0 -1 1  0 249.71
 0 6 0 0 -4 1  0 255.278
 0 6 0 0 -1 0  0 244.622
 0 6 0 0 -3 0  0 257.474
 0 6 0 0 0 0  0 254.143
 0 6 0 0 -4 0  0 250.013
 0 6 0 0 1 -2  0 255.761
 0 6 0 0 -6 2  0 268.178
 0 6 0 0 0 -1  0 265.184
 0 6 0 0 -5 1  0 266.971
 0 6 0 0 -2 0  0 268.7
 0 6 0 0 -6 1  2 283.453
 0 6 0 0 -2 -1  0 270.484
 0 6 0 0 -5 0  0 273.554
 0 6 0 0 -1 -1  0 269.302
 0 6 0 0 -4 -1  0 265.017
 0 6 0 0 0 -2  0 253.807
 0 6 0 0 -5 -1  2 258.711
 0 6 0 0 2 -4  1 260.872
 0 6 0 0 -3 -2  0 248.323
 0 6 0 0 2 -4  4 253.683
 0 6 0 0 -3 -1  0 260.097
 0 6 0 0 1 -3  0 252.84
 0 6 0 0 -2 -2  0 247.677
 0 6 0 0 1 -4  0 249.809
 0 6 0 0 -4 -2  0 258.819
 0 6 0 0 3 -6  0 254.866
 0 6 0 0 -3 -3  0 260.133
 0 6 0 0 2 -5  0 257.659
 0 6 0 0 -3 -4  3 252.224
 0 6 0 0 0 -3  0 261.014
 0 6 0 0 -2 -4  0 249.578
 0 6 0 0 -1 -2  0 251.588
 0 6 0 0 -2 -3  0 261.858
 0 6 0 0 -1 -3  0 270.566
 0 6 0 0 -1 -4  0 268.002
 0 6 0 0 3 -7  3 265.778
 0 6 0 0 -1 -5  2 267.009
 0 6 0 0 1 -6  2 272.083
 0 6 0 0 0 -5  0 269.777
 0 6 0 0 1 -5  0 262.374
 0 6 0 0 0 -4  0 261.632
 0 7 0 0 -3 7  3 282.837
 0 7 0 0 -1 5  0 273.929
 0 7 0 0 0 4  0 278.544
 0 7 0 0 0 5  0 278.877
 0 7 0 0 1 3  0 267.107
 0 7 0 0 -1 6  2 268.209
 0 7 0 0 0 3  0 265.499
 0 7 0 0 2 2  0 264.853
 0 7 0 0 1 2  0 257.721
 0 7 0 0 3 2  0 261.51
 0 7 0 0 2 1  0 259.582
 0 7 0 0 2 3  0 253.704
 0 7 0 0 1 1  0 253.443
 0 7 0 0 1 4  0 256.833
 0 7 0 0 -2 5  0 256.892
 0 7 0 0 2 4  0 256.63
 0 7 0 0 -1 4  0 250.479
 0 7 0 0 1 5  2 254.653
 0 7 0 0 -1 3  0 253.688
 0 7 0 0 4 3  3 255.281
 0 7 0 0 0 2  0 255.666
 0 7 0 0 3 3  0 249.996
 0 7 0 0 0 1  0 254.89
 0 7 0 0 3 1  0 251.213
 0 7 0 0 1 0  0 262.321
 0 7 0 0 3 0  0 263.84
 0 7 0 0 1 -2  1 262.307
 0 7 0 0 4 0  0 260.458
 0 7 0 0 4 2  0 266.387
 0 7 0 0 1 -1  0 273.234
 0 7 0 0 4 1  0 277.961
 0 7 0 0 2 0  0 281.146
 0 7 0 0 5 1  2 282.631
 0 7 0 0 3 -1  0 286.022
 0 7 0 0 5 0  0 269.74
 0 7 0 0 2 -1  0 281.93
 0 7 0 0 5 -1  0 277.268
 0 7 0 0 2 -2  0 272.278
 0 7 0 0 6 -1  2 269.134
 0 7 0 0 1 -2  4 265.497
 0 7 0 0 5 -2  0 260.673
 0 7 0 0 2 -4  0 261.273
 0 7 0 0 4 -1  0 258.366
 0 7 0 0 2 -3  0 261.297
 0 7 0 0 4 -2  0 261.726
 0 7 0 0 3 -4  0 267.106
 0 7 0 0 6 -2  0 265.589
 0 7 0 0 3 -6  0 258.274
 0 7 0 0 6 -3  0 264.252
 0 7 0 0 3 -5  0 257.612
 0 7 0 0 7 -3  3 263.33
 0 7 0 0 3 -3  0 256.478
 0 7 0 0 6 -4  0 267.797
 0 7 0 0 3 -2  0 266.21
 0 7 0 0 5 -3  0 266.734
 0 7 0 0 4 -3  0 269.521
 0 7 0 0 5 -4  0 266.423
 0 7 0 0 4 -6  3 281.08
 0 7 0 0 6 -5  2 274.378
 0 7 0 0 5 -6  2 273.189
 0 7 0 0 5 -5  0 274.564
 0 7 0 0 4 -5  0 277.366
 0 7 0 0 4 -4  0 275.818
 0 7 0 0 2 -6  3 288.021
 0 7 0 0 1 -5  0 281.979
 0 7 0 0 0 -4  0 277.852
 0 7 0 0 0 -5  0 273.267
 0 7 0 0 -1 -3  0 274.45
 0 7 0 0 1 -6  2 269.402
 0 7 0 0 0 -3  0 264.306
 0 7 0 0 -2 -2  0 268.387
 0 7 0 0 -1 -2  0 266.557
 0 7 0 0 -3 -2  0 263.746
 0 7 0 0 -2 -1  0 260.677
 0 7 0 0 -2 -3  0 257.872
 0 7 0 0 -1 -1  0 254.876
 0 7 0 0 -1 -5  2 256.812
 0 7 0 0 2 -5  0 257.89
 0 7 0 0 -1 -4  0 259.019
 0 7 0 0 1 -4  0 261.327
 0 7 0 0 -2 -4  0 260.051
 0 7 0 0 1 -3  0 253.676
 0 7 0 0 -3 -4  3 259.001
 0 7 0 0 0 -2  0 257.917
 0 7 0 0 -3 -3  0 261.278
 0 7 0 0 0 -1  0 260.959
 0 7 0 0 -3 -1  0 259.161
 0 7 0 0 -1 0  0 257.738
 0 7 0 0 -3 0  0 265.58
 0 7 0 0 0 0  0 267.317
 0 7 0 0 -4 0  0 272.048
 0 7 0 0 -1 2  0 272.901
 0 7 0 0 -4 -2  0 277.56
 0 7 0 0 -1 1  0 279.137
 0 7 0 0 -4 -1  0 282.042
 0 7 0 0 -2 0  0 276.907
 0 7 0 0 -5 -1  2 288.637
 0 7 0 0 -3 1  0 285.078
 0 7 0 0 -5 0  0 282.63
 0 7 0 0 -2 1  0 289.687
 0 7 0 0 -5 1  0 283.861
 0 7 0 0 -2 2  0 270.996
 0 7 0 0 -6 1  2 272.983
 0 7 0 0 -2 4  1 264.363
 0 7 0 0 -5 2  0 265.177
 0 7 0 0 -2 4  4 261.133
 0 7 0 0 -4 1  0 259.809
 0 7 0 0 -2 3  0 263.382
 0 7 0 0 -4 2  0 261.612
 0 7 0 0 -3 4  0 262.88
 0 7 0 0 -6 2  0 265.828
 0 7 0 0 -3 6  0 269.383
 0 7 0 0 -6 3  0 264.311
 0 7 0 0 -3 5  0 258.956
 0 7 0 0 -7 4  3 267.218
 0 7 0 0 -3 3  0 255.037
 0 7 0 0 -6 4  0 268.993
 0 7 0 0 -3 2  0 268.898
 0 7 0 0 -5 3  0 269.847
 0 7 0 0 -4 3  0 273.357
 0 7 0 0 -5 4  0 278.899
 0 7 0 0 -4 7  3 280.238
 0 7 0 0 -6 5  2 277.444
 0 7 0 0 -5 6  2 271.363
 0 7 0 0 -5 5  0 282.574
 0 7 0 0 -4 5  0 282.783
 0 7 0 0 -4 4  0 280.966
 0 8 0 0 4 -7  3 283.951
 0 8 0 0 4 -5  0 282.692
 0 8 0 0 4 -4  0 274.616
 0 8 0 0 5 -5  0 275.533
 0 8 0 0 4 -3  0 275.39
 0 8 0 0 5 -6  2 279.699
 0 8 0 0 3 -3  0 265.22
 0 8 0 0 4 -2  0 262.441
 0 8 0 0 3 -2  0 268.356
 0 8 0 0 5 -2  0 266.314
 0 8 0 0 3 -1  0 262.086
 0 8 0 0 5 -3  0 261.696
 0 8 0 0 2 -1  0 256.513
 0 8 0 0 5 -4  0 260.644
 0 8 0 0 3 -5  0 262.971
 0 8 0 0 6 -4  0 259.544
 0 8 0 0 3 -4  0 259.672
 0 8 0 0 6 -5  2 258.838
 0 8 0 0 2 -3  0 259.962
 0 8 0 0 7 -3  3 254.891
 0 8 0 0 2 -2  0 263.91
 0 8 0 0 6 -3  0 253.354
 0 8 0 0 1 -1  0 277.551
 0 8 0 0 4 -1  0 255.728
 0 8 0 0 1 0  0 267.368
 0 8 0 0 3 0  0 268.856
 0 8 0 0 -1 2  1 270.361
 0 8 0 0 4 0  0 276.443
 0 8 0 0 6 -2  0 271.747
 0 8 0 0 0 1  0 282.416
 0 8 0 0 5 -1  0 282.954
 0 8 0 0 2 0  0 292.921
 0 8 0 0 6 -1  2 289.231
 0 8 0 0 2 1  0 286.671
 0 8 0 0 5 0  0 283.473
 0 8 0 0 1 1  0 287.496
 0 8 0 0 4 1  0 274.782
 0 8 0 0 0 2  0 284.776
 0 8 0 0 5 1  2 274.372
 0 8 0 0 -1 2  4 265.638
 0 8 0 0 3 2  0 275.332
 0 8 0 0 -2 4  0 278.213
 0 8 0 0 3 1  0 269.017
 0 8 0 0 -1 3  0 265.568
 0 8 0 0 2 2  0 260.307
 0 8 0 0 -1 4  0 269.013
 0 8 0 0 4 2  0 274.387
 0 8 0 0 -3 6  0 272.746
 0 8 0 0 3 3  0 265.527
 0 8 0 0 -2 5  0 269.326
 0 8 0 0 4 3  3 267.689
 0 8 0 0 0 3  0 274.271
 0 8 0 0 2 4  0 271.049
 0 8 0 0 1 2  0 273.082
 0 8 0 0 2 3  0 276.167
 0 8 0 0 1 3  0 279.797
 0 8 0 0 1 4  0 282.599
 0 8 0 0 -2 6  3 283.104
 0 8 0 0 1 5  2 286.258
 0 8 0 0 -1 6  2 283.361
 0 8 0 0 0 5  0 276.902
 0 8 0 0 -1 5  0 276.302
 0 8 0 0 0 4  0 286.536
 0 8 0 0 -4 6  3 266.03
 0 8 0 0 -4 5  0 260.743
 0 8 0 0 -4 4  0 255.281
 0 8 0 0 -5 5  0 254.66
 0 8 0 0 -4 3  0 249.707
 0 8 0 0 -5 6  2 259.056
 0 8 0 0 -3 3  0 254.15
 0 8 0 0 -4 2  0 246.801
 0 8 0 0 -3 2  0 242.41
 0 8 0 0 -5 2  0 243.576
 0 8 0 0 -3 1  0 243.231
 0 8 0 0 -5 3  0 243.89
 0 8 0 0 -2 1  0 244.727
 0 8 0 0 -6 5  2 239.414
 0 8 0 0 -3 5  0 241.6
 0 8 0 0 -5 4  0 239.423
 0 8 0 0 -3 4  0 244.722
 0 8 0 0 -6 4  0 238.253
 0 8 0 0 -2 3  0 245.957
 0 8 0 0 -7 4  3 241.673
 0 8 0 0 -2 2  0 237.991
 0 8 0 0 -6 3  0 238.279
 0 8 0 0 -1 1  0 237.137
 0 8 0 0 -4 1  0 242.754
 0 8 0 0 -1 0  0 241.861
 0 8 0 0 -3 0  0 243.034
 0 8 0 0 0 0  0 246.516
 0 8 0 0 -4 0  0 251.491
 0 8 0 0 1 -2  0 247.683
 0 8 0 0 -6 2  0 250.977
 0 8 0 0 0 -1  0 262.679
 0 8 0 0 -5 1  0 257.601
 0 8 0 0 -2 0  0 260.644
 0 8 0 0 -6 1  2 264.221
 0 8 0 0 -2 -1  0 264.441
 0 8 0 0 -5 0  0 258.273
 0 8 0 0 -1 -1  0 250.291
 0 8 0 0 -4 -1  0 256.169
 0 8 0 0 0 -2  0 252.909
 0 8 0 0 -5 -1  2 246.796
 0 8 0 0 2 -4  1 242.419
 0 8 0 0 -3 -2  0 241.83
 0 8 0 0 2 -4  4 253.637
 0 8 0 0 -3 -1  0 241.974
 0 8 0 0 1 -3  0 246.403
 0 8 0 0 -2 -2  0 245.142
 0 8 0 0 1 -4  0 241.312
 0 8 0 0 -4 -2  0 239.991
 0 8 0 0 3 -6  0 233.591
 0 8 0 0 -3 -3  0 240.764
 0 8 0 0 2 -5  0 236.889
 0 8 0 0 -3 -4  3 236.897
 0 8 0 0 0 -3  0 241.444
 0 8 0 0 -2 -4  0 249.671
 0 8 0 0 -1 -2  0 250.141
 0 8 0 0 -2 -3  0 242.822
 0 8 0 0 -1 -3  0 247.53
 0 8 0 0 -1 -4  0 249.42
 0 8 0 0 3 -7  3 255.471
 0 8 0 0 -1 -5  2 260.698
 0 8 0 0 1 -6  2 255.732
 0 8 0 0 0 -5  0 265.141
 0 8 0 0 1 -5  0 262.006
 0 8 0 0 0 -4  0 260.406
