0 0 0 320.808 335.293 300.858 331.645 289.334 338.96 296.307 351.423 311.906 358.406 313.175 356.684 298.851 348.953 289.06 346.504 291.402 350.47 265.827 343.079 254.106 332.053
0 0 1 221.674 12.4655 221.892 11.9971 221.232 11.916 220.873 11.8965 220.181 12.6375 221.09 12.9505 221.53 12.8872 221.162 12.6104 220.83 12.6263 217.651 12.1293 226.854 12.5929
0 0 2 324.598 336.861 304.167 333.11 292.704 339.986 299.539 352.301 315.381 359.734 316.745 358.101 301.985 349.994 292.038 348.178 294.299 351.945 269.067 344.61 257.304 333.145
0 0 3 216.992 12.4698 217.598 12.2932 216.774 11.9691 216.402 12.0143 215.88 12.9534 216.319 12.9638 216.822 13.0642 216.433 12.7692 215.846 12.6677 212.933 12.1864 222.38 12.6439
0 0 4 328.023 336.153 308.079 332.843 296.387 339.852 302.812 352.143 317.985 359.325 319.608 357.329 306.036 350.071 295.671 348.037 297.556 351.675 278.101 345.54 275.649 336.203
0 0 5 221.32 12.4925 222.163 12.0338 221.558 12.2074 220.655 11.8184 220.442 12.9661 220.973 12.7573 221.627 13.1131 221.615 12.8097 220.513 12.7417 217.994 12.0053 227.347 12.884
0 0 6 323.788 336.314 303.766 333.073 291.786 340.044 297.829 352.533 313.657 359.806 315.591 357.966 301.751 350.806 291.227 348.263 293.303 352.44 274.597 345.987 273.162 336.419
0 0 7 223.966 12.4572 224.406 12.2654 223.965 12.204 223.475 12.0027 222.717 12.7404 223.525 12.9755 224.625 13.0059 224.246 13.0503 223.462 12.7477 220.507 12.0118 229.532 12.5168
0 0 8 327.641 340.317 308.021 336.697 296.151 343.063 302.136 355.685 317.437 362.948 319.074 361.206 305.939 354.449 295.093 351.907 297.057 355.447 279.551 349.949 275.926 340.054
0 0 9 217.464 12.0215 218.468 11.7373 217.912 12.0081 217.061 11.6038 216.423 12.4946 217.025 12.5122 217.856 12.7393 218.032 12.422 216.962 12.4419 212.741 11.6123 223.886 12.4187
0 0 10 256.312 188.361 245.237 188.241 240.34 191.455 244.326 197.529 252.008 200.192 253.133 199.552 244.072 196.04 238.747 196.192 240.52 197.578 223.887 191.546 231.83 187.236
0 0 11 227.364 12.2662 227.881 11.9035 227.389 11.9801 226.818 11.9136 226.179 12.6676 226.898 12.8345 227.461 13.1099 227.26 12.7928 226.812 12.7537 224.157 11.9948 233.356 12.8153
0 0 12 332.616 338.725 312.915 335.273 301.08 342.03 307.055 354.217 323.048 361.645 324.621 359.866 310.714 352.529 300.432 350.461 302.363 354.647 284.517 348.564 281.536 338.738
0 0 13 216.358 12.1856 217.323 11.9935 216.787 12.1487 215.879 11.7656 215.489 12.735 215.992 12.7368 216.667 13.0739 216.557 12.7606 215.711 12.4524 213.152 11.7771 222.371 12.5601
0 0 14 333.275 337.568 312.89 334.658 300.942 341.081 307.175 353.769 323.077 360.997 324.872 358.701 310.836 351.836 300.514 349.977 302.445 353.394 286.537 347.49 282.267 337.475
0 0 15 223.999 12.6428 224.64 11.8432 224.66 12.0643 223.714 11.9978 223.055 12.8318 223.822 13.1421 224.336 13.0568 224.329 13.0658 223.597 13.0035 220.856 12.0452 230.265 12.6674
0 0 16 325.978 337.243 305.808 333.902 294.231 340.444 301.23 353.441 316.146 360.236 317.761 358.429 304.136 351.559 293.674 348.992 295.344 352.714 277.952 347.156 275.56 338.036
0 0 17 224.908 12.647 225.406 12.1113 225.017 12.3533 224.503 12.086 224.102 13.0694 224.695 13.2214 224.978 13.2153 224.857 12.8674 224.158 12.9587 221.637 12.2491 231.042 13.182
0 0 18 325.735 334.288 305.681 331.287 294.098 337.867 300.696 350.432 316.247 357.177 318.101 355.528 303.706 348.355 293.509 346.132 295.546 349.727 280.306 344.276 277.123 335.139
0 0 19 230.783 12.8081 231.362 12.1725 230.851 12.2213 230.212 12.1299 229.464 13.0967 230.345 12.9777 231.242 13.3156 231.179 13.2441 230.151 12.9972 227.118 11.7846 236.795 13.0654
0 0 20 325.975 337.113 306.136 333.601 294.799 340.282 301.524 352.446 317.049 359.684 318.515 357.741 304.11 350.54 293.982 347.952 296.232 351.834 281.166 346.65 277.671 337.712
0 0 21 215.015 12.4984 215.778 12.173 214.977 12.1959 214.461 11.8573 214.265 13.0248 214.82 12.923 215.731 13.2428 215.448 12.9066 214.323 12.7392 211.932 12.1349 221.176 13.096
0 0 22 325.004 335.299 304.965 332.117 293.067 338.458 300.31 351.338 316.106 358.229 317.375 356.394 303.149 349.028 292.787 346.844 294.847 350.375 279.349 345.222 276.757 336.206
0 0 23 224.17 12.5249 224.743 11.962 224.4 12.0154 223.773 11.7238 223.36 12.8202 224.07 12.8628 224.815 13.2523 224.421 12.8904 223.503 12.7096 220.868 11.8269 230.317 12.7223
0 0 24 330.397 338.915 310.029 335.874 298.543 342.296 304.747 355.09 320.298 362.14 322.356 360.441 308.485 353.337 297.411 351.193 299.173 354.512 284.961 349.458 281.195 339.432
0 0 25 223.663 12.7139 224.145 11.9273 223.737 12.0812 222.947 12.0893 222.414 12.9301 223.416 13.2075 223.823 13.24 223.576 13.0593 223.04 12.9708 220.317 12.0568 229.894 13.0156
0 0 26 311.258 302.701 292.703 300.791 283.071 306.815 289.31 317.747 302.867 323.359 304.371 321.873 290.971 315.555 281.181 313.481 283.924 316.445 271.148 311.439 268.634 303.462
0 0 27 225.345 12.4596 225.976 12.1139 225.464 12.2001 224.822 11.9182 224.399 13.0034 224.759 12.8557 225.643 13.0334 225.517 12.8093 224.65 12.8739 222.122 12.1573 231.529 12.8789
0 0 28 330.189 337.385 309.734 333.988 298.119 340.732 305.334 353.415 320.284 360.541 321.883 358.796 307.931 351.621 297.318 349.345 299.891 352.67 287.893 348.486 281.627 338.813
0 0 29 226.054 12.7027 226.79 12.2942 226.698 12.4527 225.866 12.0133 225.4 13.1879 225.95 13.1098 226.494 13.1038 226.584 13.135 225.65 13.0245 223.121 12.1341 232.684 13.0244
0 0 30 328.958 337.236 308.58 333.67 296.902 340.238 304.035 352.846 319.655 360.039 321.051 358.193 306.669 351.065 296.602 348.702 299.116 352.199 286.606 348.14 276.234 337.539
0 0 31 222.995 12.873 223.855 12.8321 223.284 12.7412 222.684 12.4186 222.38 13.5445 222.381 13.5392 223.43 13.4184 223.313 13.405 222.581 13.3296 220.334 12.9307 229.061 13.2068
0 0 32 322.423 334.016 302.189 330.603 290.595 336.918 297.475 349.146 313.26 356.433 314.253 354.821 299.988 347.805 289.84 344.664 292.094 348.554 168.12 312.777 10.496 64.3248
0 0 33 223.486 13.019 223.929 12.2248 223.663 12.3795 222.754 12.5344 221.832 13.2724 222.977 13.2031 223.703 13.3328 223.281 13.2479 222.491 13.0499 220.062 12.1062 229.546 13.1438
0 0 34 327.26 335.192 307.146 331.767 295.552 338.289 303.096 351.113 318.339 358.229 319.037 356.066 304.609 349.077 294.457 346.732 297.127 350.283 286.755 346.158 270.562 334.702
0 0 35 225.13 12.696 226.047 12.1922 225.577 12.4503 224.807 12.1323 224.303 13.224 225.012 12.9923 225.543 13.368 225.577 13.1453 224.622 12.9127 221.811 12.0016 231.628 13.315
0 0 36 322.476 332.843 301.796 329.503 289.981 335.964 297.238 348.019 313.396 355.75 314.416 353.781 299.803 346.477 289.207 343.493 292.112 347.421 281.026 343.574 261.635 330.725
0 0 37 220.159 12.755 220.617 12.5384 219.948 12.3899 219.442 12.083 218.908 13.1962 219.591 13.2242 220.53 13.2268 220.191 13.0255 219.397 13.0575 216.573 12.4474 226.357 13.1322
0 0 38 326.648 338.315 306.622 334.757 295.232 341.092 302.66 354.432 317.956 361.349 319.577 359.252 304.7 351.879 294.678 349.596 297.259 353.144 282.632 348.672 275.879 338.677
0 0 39 229.258 12.674 230.084 12.2129 229.362 12.3948 228.648 12.235 228.548 13.3628 229.172 13.1187 229.772 13.3878 229.672 13.0429 228.486 12.8854 226.213 12.1974 236.051 13.2968
0 0 40 319.374 332.602 299.175 328.708 288.35 335.539 296.668 348.168 311.418 355.052 312.164 353.01 297.444 345.743 287.804 343.083 290.739 347.008 273.613 341.6 270.838 333.025
0 0 41 224.987 12.8646 225.235 12.3135 224.713 12.6233 224.083 12.4333 223.742 13.5562 224.641 13.6462 225.021 13.5547 224.819 13.0679 223.954 13.0554 221.548 12.4961 231.395 13.1174
0 0 42 318.886 330.786 298.682 327.065 287.691 333.94 295.39 346.327 310.973 353.271 311.732 351.406 296.871 343.8 287.09 341.106 289.971 344.843 270.716 339.592 252.593 327.77
0 0 43 218.775 12.8642 219.53 12.2082 219.088 12.4542 218.346 12.1352 218.183 13.3052 218.635 13.1522 219.228 13.2402 219.358 13.2403 218.19 12.9769 215.667 12.1216 225.631 13.178
0 0 44 328.196 340.338 307.162 337.154 295.382 343.17 301.476 355.727 317.118 363.249 318.664 361.508 305.174 354.767 295.838 351.57 299.572 355.768 275.826 349.209 256.96 334.543
0 0 45 219.217 12.6643 219.84 12.0592 219.479 12.3717 218.608 12.0965 218.115 13.0543 218.901 13.0483 219.618 13.3062 219.391 13.1394 218.392 12.8512 215.835 11.8409 225.836 12.9738
0 0 46 234.511 137.579 226.154 137.894 222.402 140.825 225.937 144.874 231.401 145.847 231.95 145.475 225.546 143.084 221.659 144.384 222.434 145.035 207.829 140.347 217.915 137.489
0 0 47 226.856 12.6002 227.642 12.1132 226.906 12.4547 225.963 12.0215 225.776 13.19 226.305 13.0602 227.108 13.3127 227.141 13.1125 226.115 12.8766 223.401 12.0776 233.333 13.1712
0 0 48 319.114 334.989 299.08 331.347 287.646 338.087 294.884 350.488 310.997 357.832 311.632 355.851 296.991 348.217 287.106 345.884 289.881 350.116 170.402 315.604 11.115 67.6479
0 0 49 222.805 12.8056 223.006 12.2546 222.622 12.5271 221.674 12.2478 221.111 13.1461 222.226 13.1887 222.789 13.3952 222.571 13.2125 221.845 13.0679 219.123 12.2192 229.087 12.8749
0 0 50 256.349 184.59 244.699 184.981 240.411 188.417 245.212 194.184 252.527 196.008 253.068 195.736 244.138 191.932 239.042 192.522 240.774 193.724 228.71 189.042 228.302 183.725
0 0 51 217.668 12.8444 218.514 12.4059 218.011 12.5725 217.405 12.3319 217.239 13.4169 217.529 13.3172 218.365 13.4856 218.132 13.2563 217.156 13.3708 214.969 12.5183 224.657 13.245
0 0 52 325.395 336.163 305.402 332.929 294.053 339.767 301.125 352.557 317.164 359.566 317.953 357.721 303.124 349.933 293.017 347.586 295.997 351.773 280.971 346.708 280.051 338.293
0 0 53 219.218 12.86 219.964 12.1944 219.685 12.3085 218.722 12.1115 218.135 13.1831 218.938 13.1936 219.583 13.396 219.708 13.3051 218.664 13.1941 216.193 12.2381 226.324 13.0923
0 0 54 323.736 335.866 303.883 332.199 292.814 339.333 299.617 351.622 315.333 358.778 316.275 356.679 301.934 349.651 292.187 347.211 294.189 351.056 275.341 344.918 263.254 333.866
0 0 55 225.701 12.6921 226.433 12.18 225.739 12.2069 225.181 12.2026 224.684 13.2961 225.154 13.1772 226.086 13.3231 225.773 13.1501 224.617 12.8731 222.353 12.143 232.495 12.843
0 0 56 251.062 185.731 239.169 185.678 234.871 188.999 239.986 194.779 247.829 197.407 247.86 196.852 238.706 193.199 233.688 193.17 235.333 194.611 219.755 189.206 229.629 185.37
0 0 57 224.838 12.9015 225.164 12.5336 224.625 12.5604 223.89 12.3269 223.222 13.3942 224.077 13.3878 225.122 13.5705 224.698 13.251 223.55 12.9767 221.203 12.3863 231.482 12.8949
0 0 58 332.116 342.862 312.233 339.572 300.286 346.18 306.199 359.109 321.385 366.644 323.305 364.982 309.679 357.785 298.988 355.554 301.153 358.868 256.835 347.57 175.786 314.609
0 0 59 222.059 12.6379 222.828 12.3461 222.142 12.1864 221.378 12.0759 220.825 13.1315 221.646 12.9244 222.52 13.3901 222.079 13.0802 221.246 13.0248 218.242 12.019 229.151 13.1822
0 0 60 321.813 332.989 302.048 330.247 290.995 337.33 297.564 349.901 313.112 356.787 313.938 354.321 299.735 346.825 290.157 344.894 292.402 348.824 104.727 268.937 4 0
0 0 61 224.795 12.7262 225.694 12.3142 224.888 12.6459 223.806 12.1255 223.876 13.3105 224.47 13.2628 225.024 13.5598 224.926 13.1064 223.708 12.8123 220.864 12.0908 231.112 13.3101
0 0 62 325.464 338.339 305.419 335.295 294.828 342.018 301.983 354.907 317.284 362.046 317.956 359.261 303.433 352.233 293.554 350.604 296.172 354.401 265.047 345.234 242.964 330.756
0 0 63 225.7 13.1839 226.335 12.299 226.06 12.6541 225.229 12.3835 225.112 13.6332 225.545 13.4417 226.125 13.6598 226.141 13.4132 224.922 13.443 222.693 12.4883 232.677 13.3501
0 1 0 335.893 361.1 314.828 357.691 302.223 364.258 310.102 377.153 326.365 385.001 327.033 382.594 313.16 375.697 302.551 372.683 303.86 375.686 260.059 364.475 211.151 341.402
0 1 1 228.705 12.8317 229.514 12.9088 229.075 12.8072 228.417 12.2756 227.876 13.4128 228.512 13.544 229.222 13.6462 229.055 13.47 228.205 13.2409 226.227 12.8377 232.661 13.1238
0 1 2 343.122 363.199 321.981 360.334 308.661 366.526 315.46 379.959 331.492 387.452 333.592 385.64 319.89 378.593 309.087 376.194 310.205 379.141 124.685 304.338 4.048 1.51713
0 1 3 228.65 13.1541 229.546 13.078 229.196 13.202 228.158 12.3953 227.967 13.655 228.636 13.8878 229.176 13.8152 229.34 13.7013 228.334 13.2733 226.209 12.8225 232.017 13.4872
0 1 4 334.299 359.559 313.379 356.342 300.868 363.029 307.784 375.723 324.012 383.066 325.563 381.224 311.341 374.01 300.622 371.33 302.298 374.952 262.924 364.348 271.996 356.12
0 1 5 229.643 12.9501 230.247 12.9358 229.696 13.0477 229.075 12.4351 228.885 13.5332 229.367 13.9023 229.852 13.7328 229.827 13.4627 229.026 13.2964 227.73 13.1778 233.181 13.2381
0 1 6 332.237 359.168 311.353 356.042 299.42 362.543 306.371 375.342 322.03 382.334 323.426 380.995 309.641 373.891 299.371 370.84 301.098 374.397 263.315 364.182 231.411 345.992
0 1 7 227.91 13.6582 228.899 13.3638 228.512 13.4707 227.549 12.8276 227.414 14.1549 228.118 14.3418 228.665 14.3108 228.633 13.9384 227.472 13.72 226.319 13.4251 231.895 13.9703
0 1 8 338.791 366.374 317.652 362.465 304.539 369.248 310.952 382.76 327.185 390.267 329.16 388.625 316.225 382.116 304.772 379.211 306.02 382.301 279.12 374.597 270.202 361.523
0 1 9 233.217 13.5879 234.036 13.4212 233.551 13.707 232.638 12.8402 232.709 14.1608 233.097 14.2784 233.479 14.4249 233.906 14.1143 232.609 13.8363 231.58 13.5797 237.16 14.1942
0 1 10 335.545 362.457 313.918 358.846 301.984 365.585 309.49 379.056 325.596 386.092 326.934 384.25 312.985 377.368 302.413 374.815 303.759 377.787 273.958 369.157 258.86 355.749
0 1 11 236.811 13.21 237.589 13.1764 237.012 13.2017 236.284 12.6298 236.009 13.9872 236.342 14.0565 237.041 14.0141 237.074 13.8631 235.947 13.4338 235 13.2362 240.943 13.6454
0 1 12 328.963 357.628 307.562 353.9 295.993 360.497 303.585 372.952 319.548 380.458 321.26 379.119 306.265 371.975 295.626 368.543 297.716 372.128 267.265 364.05 236.02 346.546
0 1 13 228.849 13.3032 229.432 13.1406 229.094 13.4222 228.149 12.7137 227.796 13.9344 228.295 14.066 229.088 14.057 228.97 13.6699 227.984 13.5348 226.941 13.1973 232.344 13.4755
0 1 14 346.955 367.361 325.809 363.783 312.418 370.127 318.516 384.111 334.783 392.24 336.983 390.159 323.633 383.441 312.522 380.755 313.433 383.744 286.983 375.953 277.117 363.148
0 1 15 233.343 13.5086 233.909 13.6952 233.191 13.366 232.544 12.8003 232.166 14.0844 232.702 14.3502 233.593 14.2717 233.637 14.1078 232.546 13.717 231.304 13.5444 237.104 14.0083
0 1 16 249.357 151.949 241.365 152.601 237.249 155.205 240.342 159.391 246.082 161.03 246.674 160.544 240.584 158.615 236.425 159.295 236.354 160.248 216.1 153.556 222.078 149.315
0 1 17 225.423 13.6362 226.051 13.8748 225.063 13.4966 224.728 12.9408 224.426 14.133 225.026 14.3672 225.92 14.4847 225.195 13.9238 224.405 13.8068 223.591 13.6719 228.94 14.2017
0 1 18 344.156 364.679 323.383 361.327 310.371 367.928 317.795 380.9 333.705 389.078 334.997 386.913 321.331 380.516 310.428 377.275 311.776 380.377 284.506 372.678 275.276 360.759
0 1 19 232.902 13.4903 233.791 13.6081 233.27 13.668 232.766 12.7872 232.3 14.2498 232.544 14.5003 233.133 14.3245 233.534 13.9697 232.478 13.7367 231.122 13.5618 236.781 13.7702
0 1 20 332.578 361.361 311.89 358.579 298.894 365.075 305.839 377.831 322.16 386.379 323.353 384.323 310.034 377.095 299.31 374.194 300.261 377.238 269.624 368.923 262.879 356.779
0 1 21 228.174 13.5323 229.016 13.4119 228.212 13.5762 227.343 12.9654 227.321 14.2697 227.61 14.3623 228.488 14.527 228.48 13.8707 227.084 13.4195 226.117 13.4644 231.873 13.8848
0 1 22 265.254 200.547 253.425 200.652 248.366 204.13 253.101 209.973 260.874 212.555 261.572 211.969 252.868 209.034 246.808 209.021 247.753 209.648 223.505 202.414 228.531 196.555
0 1 23 228.164 13.2864 229.334 13.2472 228.582 13.4159 227.827 12.7627 227.396 14.1683 227.931 14.2918 228.868 14.3471 228.698 13.9826 227.602 13.7684 226.698 13.2906 232.266 13.998
0 1 24 340.918 362.32 319.608 359.003 306.796 365.435 313.949 378.155 330.438 386.185 331.677 385.052 317.885 378.314 307.223 375.03 308.457 377.943 280.242 369.988 271.183 357.814
0 1 25 229.265 13.6884 230.241 13.6317 229.689 13.797 228.54 12.9254 228.383 14.2908 229.097 14.4866 229.831 14.522 229.693 14.1713 228.569 13.6271 227.482 13.2934 233.158 14.3479
0 1 26 267.054 201.014 255.035 201.505 249.792 204.521 254.773 210.31 262.849 213.303 263.406 212.557 254.318 209.299 249.076 209.537 250.076 210.329 224.862 203.095 228.923 197.341
0 1 27 238.725 14.1668 239.212 13.7016 239.056 14.0452 237.926 13.736 237.294 14.8218 238.295 14.9081 238.555 14.7142 238.41 14.5965 237.62 14.3576 236.746 14.0676 243.025 14.729
0 1 28 340.552 361.781 319.279 357.994 306.759 365.019 314.772 377.581 331.393 385.707 332.117 383.623 317.313 376.81 306.816 373.05 308.963 376.677 280.319 368.675 271.68 357.995
0 1 29 229.878 13.7529 230.396 13.6898 229.921 13.7683 229.19 13.2609 228.641 14.4219 229.425 14.8967 230.078 14.6828 229.642 14.034 229.011 13.961 227.757 13.7918 233.513 14.3034
0 1 30 338.795 362.144 317.572 358.352 305.379 364.828 313.102 377.963 329.061 386.018 329.739 383.553 315.902 376.847 305.255 373.663 306.977 376.665 278.73 368.677 270.024 357.926
0 1 31 230.21 13.8905 230.896 13.8867 230.462 13.8043 229.583 13.0483 229.309 14.5463 230.122 14.6422 230.709 14.6841 230.611 14.3057 229.582 13.9526 228.522 14.0288 234.486 14.563
0 1 32 346.296 365.378 325.284 361.681 312.286 368.501 320.023 381.666 336.707 389.413 337.954 387.792 323.17 380.801 312.51 377.453 314.17 380.976 285.54 372.682 275.906 361.594
0 1 33 231.912 13.4366 232.954 13.7194 231.901 13.7641 231.335 12.936 231.098 14.3401 231.573 14.6008 232.412 14.5598 232.042 14.0339 231.19 13.9518 230.23 13.7377 235.727 14.4375
0 1 34 243.51 148.461 235.159 148.798 230.872 151.392 234.426 155.809 240.228 157.122 240.657 156.588 234.477 154.464 230.297 155.062 229.979 155.814 208.841 150.169 217.08 146.376
0 1 35 232.422 13.5952 233.304 13.356 232.973 13.6786 231.82 13.0731 231.479 14.3837 232.063 14.5869 232.872 14.4686 232.804 14.028 231.627 13.741 230.727 13.5058 236.509 14.0019
0 1 36 345.081 366.222 323.584 362.141 310.763 368.266 317.98 382.012 333.965 390.197 335.634 388.578 322.366 381.709 310.765 378.672 311.838 381.356 286.224 374.487 276.965 362.124
0 1 37 227.624 13.9301 228.567 14.0118 227.87 14.0716 226.779 13.0511 226.733 14.491 227.385 14.7401 228.185 14.9341 228.181 14.5245 227.145 14.1049 226.064 14.01 231.913 14.8692
0 1 38 335.467 361.197 313.822 357.367 301.538 363.994 309.319 376.943 325.641 384.974 326.713 382.802 312.937 376.249 302.2 372.918 303.897 376.505 275.684 368.2 267.171 356.755
0 1 39 233.414 13.8395 234.139 13.5764 233.891 13.9221 232.849 13.2315 232.54 14.3164 233.301 14.8415 233.813 14.5572 233.625 14.3122 232.898 14.0156 231.58 13.6596 237.343 14.1962
0 1 40 345.984 365.465 324.127 361.894 311.593 367.996 319.689 381.489 336.379 389.377 337.306 387.202 322.624 380.293 312.083 377.445 313.756 380.977 284.782 372.611 276.659 361.257
0 1 41 219.013 13.8203 219.832 13.6181 219.257 13.951 218.449 13.2573 218.349 14.5209 219.053 14.6942 219.705 14.7754 219.41 14.3184 218.563 14.152 217.47 13.9982 223.227 14.5606
0 1 42 338.127 360.486 316.702 356.492 304.487 363.262 312.594 375.781 328.75 383.508 329.423 381.878 315.126 374.832 304.62 371.1 306.444 374.398 272.681 365.543 249.53 351.482
0 1 43 239.691 13.9222 240.359 13.9606 239.498 14.2104 238.622 13.2823 238.824 14.6275 239.533 15.0058 239.79 14.9371 239.629 14.3112 238.773 14.1987 237.632 14.0183 243.388 14.7209
0 1 44 341.757 364.543 320.714 360.873 307.662 367.455 314.631 381.272 330.525 388.632 332.426 387.003 319.062 380.033 307.854 377.019 309.101 380.43 284.49 373.442 273.954 361.072
0 1 45 230.257 13.8232 230.875 13.8422 230.269 14.1461 229.517 13.3285 229.16 14.6102 229.799 14.9506 230.665 14.7162 230.37 14.4058 229.768 14.5029 228.621 14.1429 234.142 14.4485
0 1 46 342.011 363.167 321.142 360.091 308.062 366.547 315.376 379.667 331.399 387.217 332.843 385.464 319.084 378.829 308.226 376.145 309.321 379.006 282.5 371.158 273.156 359.11
0 1 47 232.345 13.938 233.314 13.9619 232.205 14.0229 231.677 13.5768 231.107 14.8227 231.512 14.9639 232.735 15.2003 232.142 14.5169 231.279 14.3632 230.445 14.0939 236.378 14.94
0 1 48 347.799 367.639 326.683 364.695 312.96 370.966 319.086 384.514 335.411 392.304 337.653 390.763 324.537 384.401 313.35 381.542 314.235 384.526 288.466 377.29 276.683 363.413
0 1 49 227.703 14.0528 228.373 14.2067 227.511 14.2399 227.126 13.6387 226.569 14.9147 226.909 15.1751 227.831 15.1361 227.518 14.6105 226.794 14.402 225.694 14.5402 231.523 14.3263
0 1 50 334.103 362.974 313.429 359.412 300.454 365.918 306.988 378.994 322.705 387.103 324.509 385.126 311.7 378.914 301.001 376.038 301.869 378.607 275.953 371.01 265.231 357.861
0 1 51 228.937 14.0387 229.986 13.9012 229.293 14.2672 228.14 13.5023 227.719 14.7528 228.754 14.9857 229.513 15.1027 229.038 14.7375 228.322 14.1883 227.119 13.9726 233.05 14.9488
0 1 52 343.768 367.048 322.498 363.633 309.334 370.101 316.871 383.279 332.866 391.239 334.447 389.588 320.924 382.636 309.683 379.803 310.961 382.715 283.105 374.62 274.732 362.937
0 1 53 224.559 13.8848 225.27 13.8461 224.92 14.0643 224.072 13.2362 223.836 14.5584 224.505 14.9484 224.902 14.6774 224.824 14.4935 223.997 14.1943 222.573 13.8715 228.634 14.4135
0 1 54 338.571 362.373 316.702 358.635 304.094 365.431 311.833 378.751 328.393 386.544 329.544 384.64 315.49 377.502 304.473 374.384 305.817 377.621 278.272 369.55 270.395 358.524
0 1 55 233.208 14.0049 233.838 13.8721 233.337 14.2183 232.151 13.2941 231.898 14.6187 232.831 14.9258 233.581 14.9549 233.39 14.6484 232.276 14.0488 231.155 14.0241 237.418 14.4564
0 1 56 338.651 359.878 316.794 356.34 304.761 362.542 313.479 375.651 329.492 383.453 329.737 381.266 315.471 374.72 305.312 371.612 307.016 374.857 273.492 365.324 251.834 351.35
0 1 57 224.096 14.2267 224.736 14.4831 223.858 14.4042 223.075 13.3912 222.743 14.822 223.337 15.2756 224.031 15.0079 224.173 14.6927 223.208 14.3627 221.364 14.3184 227.764 14.7447
0 1 58 341.008 363.854 319.534 360.037 306.433 366.057 314.019 379.777 330.078 388.078 331.242 386.162 317.953 379.332 306.894 376.144 308.033 379.397 280.782 371.555 273.081 360.203
0 1 59 234.707 14.0192 235.506 14.0981 234.702 14.0461 233.983 13.3799 233.308 14.7931 234.184 14.9612 235.095 15.0946 234.906 14.5625 233.988 14.318 232.495 13.9456 238.66 14.769
0 1 60 263.344 199.949 251.382 200.03 246.337 203.703 250.922 209.769 258.976 212.04 259.472 211.456 250.569 208.637 244.92 208.482 246.128 209.285 221.65 201.934 228.079 196.067
0 1 61 230.081 13.7601 231.005 13.8048 230.551 13.8497 229.63 13.0591 229.243 14.6049 229.812 14.8172 230.411 14.6603 230.424 14.3098 229.54 14.1422 228.143 13.9143 234.224 14.4252
0 1 62 333.994 360.553 312.596 357.028 300.219 363.609 308.834 376.64 324.739 384.515 325.347 382.5 311.075 375.548 300.616 372.553 302.437 375.646 273.786 367.524 266.91 356.633
0 1 63 229.366 14.5204 230.251 14.5299 229.369 14.4232 228.706 13.6825 228.595 15.4063 229.133 15.5676 229.743 15.499 229.419 14.9645 228.485 14.4771 227.033 14.7292 233.227 15.2548
0 2 0 317.987 355.641 297.569 351.754 286.484 359.532 294.365 372.462 309.405 379.252 310.199 376.723 296.665 370.171 286.92 367.196 287.623 370.093 113.274 291.633 4 0
0 2 1 226.949 13.3507 228.426 13.285 227.589 13.6972 226.419 12.9052 226.292 14.0885 226.702 14.0551 227.601 14.3733 227.457 13.8369 226.407 13.5545 225.216 12.8302 228.87 14.1608
0 2 2 313.078 357.4 292.445 353.641 281.575 361.239 290.639 374.632 305.571 381.07 306.441 378.838 292.524 372.421 282.147 369.169 283.332 372.328 245.869 362.249 229.845 347.668
0 2 3 223.613 13.2546 224.406 13.1784 223.769 13.3267 222.979 12.5736 222.77 13.7162 223.085 13.8984 223.865 13.728 224.018 13.5932 222.959 13.2358 221.683 12.9337 225.339 13.4669
0 2 4 318.616 355.106 298.14 351.8 287.418 359.339 295.92 372.695 310.66 378.554 310.855 376.437 296.844 370.12 287.593 366.84 288.76 369.854 244.032 358.507 227.563 343.742
0 2 5 229.357 13.2299 230.09 12.779 229.591 13.0585 228.935 12.7063 228.167 13.5637 228.952 13.8854 229.717 13.8746 229.432 13.3686 228.527 13.3675 227.573 12.8052 231.201 13.6066
0 2 6 327.335 357.973 306.674 354.334 294.468 361.783 302.959 375.012 318.07 381.641 318.732 378.847 305.143 373.033 295.308 370.037 295.958 372.66 264.467 364.1 258.528 353.001
0 2 7 220.297 13.6161 220.831 13.2893 220.473 13.2188 219.926 13.0337 219.104 14.262 219.771 14.1048 220.86 14.2469 220.447 13.9093 219.179 13.644 218.659 13.2979 222.284 13.7617
0 2 8 309.756 355.824 289.995 351.735 278.779 359.421 286.627 372.456 301.554 379.499 302.403 376.906 289.238 370.024 279.52 367.095 280.339 370.282 250.608 361.997 244.589 350.416
0 2 9 228.193 13.3417 228.724 13.0808 228.376 13.3358 227.647 12.5881 227.185 13.7713 228.053 13.9956 228.654 13.8779 228.669 13.6648 227.658 13.5528 226.349 12.8718 229.875 13.8437
0 2 10 329.22 362.396 308.164 358.454 296.697 366.089 305.054 379.414 320.484 386.575 322.187 384.28 307.48 378.04 296.727 374.615 298.345 377.416 267.293 369.116 261.631 358.234
0 2 11 219.223 13.5125 220.358 13.158 219.823 13.5781 218.687 12.776 218.603 13.9512 219.266 14.0225 219.728 14.0775 219.592 13.644 218.608 13.4786 217.831 13.0362 221.092 13.8988
0 2 12 236.624 146.496 228.856 147.172 225.311 150.211 228.815 153.932 233.996 154.55 234.281 154.549 227.958 152.636 224.046 153.121 224.223 153.482 201.389 148.007 209.357 143.825
0 2 13 223.174 13.5215 224.044 13.0872 223.446 13.2634 222.578 12.5391 222.57 14.0003 223.038 13.9284 223.791 14.1727 223.797 13.6996 222.422 13.4346 221.645 12.9252 225.159 13.7967
0 2 14 325.648 359.839 305.048 355.718 293.241 363.58 301.287 376.666 316.872 383.76 318.335 381.672 304.182 374.851 293.022 372.003 294.3 374.544 265.31 366.125 258.861 354.847
0 2 15 224.953 13.9648 225.891 13.5019 225.398 13.604 224.562 13.0527 224.379 14.4489 225.067 14.6504 225.461 14.2707 225.394 14.2648 224.284 13.8949 223.128 13.349 226.971 14.3308
0 2 16 257.034 197.732 245.301 197.822 240.36 201.564 245.766 207.075 253.212 209.484 253.311 208.782 244.871 206.244 239.42 205.871 240.053 206.379 214.105 199.01 219.801 192.992
0 2 17 225.957 13.8044 226.395 13.4624 226.506 13.6901 225.582 13.1884 224.622 14.1369 225.396 14.3388 225.989 14.0723 226.134 14.0879 225.254 13.8604 224.024 13.1001 227.689 13.8186
0 2 18 328.287 358.626 307.385 354.807 295.803 362.37 304.213 375.485 319.637 382.714 320.365 379.829 306.547 373.573 296.548 370.372 297.319 373.323 267.137 364.921 261.379 353.78
0 2 19 226.897 13.4509 227.557 13.1613 226.93 13.5046 226.013 12.8841 225.62 13.8402 226.365 14.2254 227.01 14.1769 226.607 13.6545 225.809 13.4234 224.83 13.1643 228.452 13.888
0 2 20 318.114 359.246 297.661 355.407 286.007 362.506 293.91 375.844 309.568 383.667 310.339 380.753 296.806 374.159 286.83 371.017 287.432 374.181 257.829 365.796 250.995 353.66
0 2 21 213.586 13.6284 214.428 13.2298 213.861 13.4051 213.087 12.9844 212.524 14.1071 213.317 14.1665 214.128 14.1712 213.626 13.8716 212.64 13.5633 211.745 12.9081 215.663 14.0289
0 2 22 317.381 359.665 296.725 355.442 285.147 363.024 293.222 376.169 308.315 383.472 309.406 380.688 296.071 374.568 285.822 371.432 286.82 374.404 256.828 366.029 249.63 354.016
0 2 23 220.229 13.398 221.289 13.0608 220.576 13.7624 219.545 12.7456 219.473 14.1025 220.019 14.2214 220.399 14.1326 220.484 13.7459 219.528 13.382 218.704 12.9822 222.252 14.133
0 2 24 316.67 356.343 296.396 352.81 284.732 360.042 293.157 373.111 308.851 380.079 309.888 377.376 295.753 371.139 285.12 368.081 286.526 370.74 251.831 361.204 237.157 347.434
0 2 25 222.099 13.5343 222.815 13.2459 222.262 13.6821 221.555 13.0155 221.142 14.0999 221.486 14.3357 222.264 14.2012 222.286 13.9956 221.338 13.8226 220.353 13.3811 223.881 14.0575
0 2 26 317.45 357.895 297.146 353.778 285.811 361.248 293.72 374.723 309.417 381.973 310.145 379.026 296.398 372.874 285.911 369.612 286.946 372.409 257.259 363.906 250.996 352.491
0 2 27 226.444 13.9756 227.325 13.7707 226.763 13.9957 225.638 13.1899 225.744 14.7356 225.9 14.4731 226.914 14.6325 226.885 14.1053 225.202 13.9111 224.631 13.6301 228.42 14.2269
0 2 28 325.076 359.288 304.581 356.029 293.014 363.47 300.422 376.605 316.256 383.481 317.369 381.401 303.42 374.778 293.088 371.723 294.521 374.367 265.224 366.849 258.036 354.357
0 2 29 227.946 14.0691 228.829 13.6778 228.541 14.1853 227.466 13.3955 226.797 14.4929 227.719 14.7782 228.191 14.5367 228.137 14.2215 227.19 13.9768 225.972 13.155 229.649 14.4642
0 2 30 311.097 352.423 290.429 347.418 279.443 355.031 288.479 368.215 303.964 375.128 304.332 372.505 289.9 365.926 280.003 362.448 281.673 366.021 246.147 356.435 235.457 344.524
0 2 31 223.164 13.7606 223.738 13.3117 223.368 13.7086 222.427 13.0436 221.934 14.087 222.68 14.3724 223.158 14.2118 223.206 13.8911 222.129 13.7108 221.228 13.0648 224.897 14.0397
0 2 32 319.006 358.561 298.653 354.282 287.641 361.431 295.75 374.553 311.152 381.873 311.976 379.48 298.326 373.714 288.064 370.113 289.253 373.009 257.502 364.114 252.561 353.707
0 2 33 225.576 13.8527 226.25 13.4829 225.678 13.5938 225.258 12.9034 224.718 14.2254 225.564 14.3892 226.049 14.1892 225.738 13.9003 224.955 13.9358 223.963 13.2367 227.619 14.5653
0 2 34 314.719 354.686 294.384 350.971 283.298 358.066 291.315 370.566 306.807 377.589 307.714 374.98 293.853 368.898 283.838 365.555 284.927 368.885 253.85 359.659 248.503 348.876
0 2 35 229.113 14.5247 229.56 13.8444 229.285 14.2384 228.455 13.454 227.731 14.5672 228.895 14.8196 229.439 14.808 229.419 14.5647 228.26 14.1176 226.992 13.6807 231.155 14.7406
0 2 36 328.887 363.282 309.257 359.561 296.607 367.068 303.211 380.421 318.885 388.004 320.547 385.235 307.288 379.237 296.446 376.535 297.413 379.637 269.903 371.366 261.015 357.955
0 2 37 230.946 13.7744 231.931 13.3328 231.207 13.8855 230.416 13.1617 230.074 14.4785 230.687 14.4263 231.071 14.376 231.015 14.0255 230.018 13.7039 229.291 13.4005 233.135 14.596
0 2 38 323.857 358.513 302.187 355.004 290.722 362.173 298.309 375.211 314.056 382.358 315.557 379.749 302.072 373.89 291.911 371.177 292.386 373.955 263.017 365.33 255.641 352.533
0 2 39 226.331 14.0085 227.138 13.4784 226.579 13.7546 225.767 12.9529 225.428 14.2956 226.451 14.4795 227.017 14.4978 226.521 14.1967 225.58 14.0194 224.671 13.3555 228.6 14.8542
0 2 40 319.411 356.169 299.08 352.69 287.517 360.044 294.64 373.164 310.419 379.832 311.618 377.159 297.752 371.375 288.215 368.299 289.067 371.266 259.133 362.949 252.866 351.022
0 2 41 223.89 14.0732 224.409 13.3455 224.125 13.6205 223.444 13.1597 223.005 14.4492 223.577 14.457 223.915 14.1877 224.081 14.0314 223.123 13.8764 222.004 13.3898 226.066 14.4984
0 2 42 298.633 318.329 280.035 316.059 270.585 323.5 278.854 333.951 292.757 339.242 292.938 337.311 279.298 331.976 270.553 329.313 272.153 331.74 239.577 321.911 233.147 312.294
0 2 43 225.165 13.9912 226.012 13.5611 225.09 14.0831 224.16 13.2807 224.134 14.6413 224.809 14.6243 225.294 14.8837 225.244 14.1513 223.96 13.8303 223.3 13.5526 226.97 14.7236
0 2 44 325.869 354.276 305.003 350.36 294.098 357.872 302.645 370.691 317.591 377.563 318.203 374.551 304.175 368.635 293.882 365.435 295.78 368.232 263.368 359.391 252.55 347.816
0 2 45 233.397 14.1423 233.994 14.0602 233.199 13.9171 232.961 13.4206 232.169 14.6441 232.778 14.8738 233.822 14.6236 233.171 14.3125 232.433 14.3252 231.635 13.8143 235.053 14.5819
0 2 46 319.242 354.586 298.543 350.589 286.986 358.045 295.297 370.795 310.98 378.239 311.954 375.139 297.478 368.742 287.707 365.585 289.5 368.872 254.822 359.473 232.794 344.516
0 2 47 228.098 13.9303 229.035 13.7068 228.323 13.9274 227.443 13.1115 227.228 14.3944 228.062 14.3963 228.66 14.5792 228.211 14.231 226.995 13.922 226.192 13.4247 230.266 14.6864
0 2 48 322.34 356.631 301.826 352.399 290.533 359.544 298.717 372.242 314.292 379.643 314.971 377.529 300.356 370.97 290.604 367.201 291.926 370.528 260.685 362.02 255.332 351.883
0 2 49 227.151 14.3158 228.15 13.7278 227.638 13.9246 226.569 13.1949 226.101 14.8072 227.048 14.8386 227.775 14.8025 227.464 14.5488 226.181 13.787 225.031 13.4128 229.441 14.7839
0 2 50 320.586 353.863 299.726 350.05 288.882 357.127 297.021 369.87 312.872 376.93 313.477 374.287 298.795 368.079 289.142 365.055 290.524 368.069 258.694 359.233 253.707 348.736
0 2 51 225.106 14.3966 226.084 13.6889 225.562 14.0888 224.585 13.5025 224.286 14.8236 225.052 14.8382 225.527 14.7563 225.77 14.6673 224.503 14.4212 223.31 13.5043 227.419 14.9035
0 2 52 252.546 194.631 241.371 195.042 236.675 198.832 241.988 204.125 249.082 206.291 249.006 206.186 240.956 203.154 235.69 203.095 236.771 203.687 208.89 196.201 216.013 191.123
0 2 53 228.147 14.0697 228.897 13.8248 228.142 14.2269 227.104 13.4028 226.815 14.6711 227.642 14.7747 228.306 14.7118 228.387 14.2624 227.314 14.202 226.014 13.7018 229.862 14.7125
0 2 54 322.077 358.626 301.594 354.999 289.832 362.146 297.459 374.859 312.982 382.791 313.853 380.2 300.289 373.727 290.498 370.462 291.394 373.304 240.243 360.12 134.129 307.829
0 2 55 228.116 14.1985 228.89 13.5845 228.221 13.8923 227.345 13.4184 226.854 14.7715 227.58 14.8859 228.091 14.7123 228.044 14.3087 227.11 14.185 226.09 13.4019 230.013 14.7026
0 2 56 316.065 355.85 295.737 351.704 284.635 359.105 293.012 371.885 308.319 379.625 309.319 376.969 295.116 370.272 284.75 366.526 286.37 369.702 249.01 359.821 224.489 343.856
0 2 57 225.429 14.5477 226.584 14.2777 225.419 14.4146 225.132 13.7561 224.91 15.3439 225.13 15.2298 226.097 15.4582 225.722 14.8356 224.513 14.4634 223.394 14.3593 227.35 15.2441
0 2 58 316.778 353.781 296.569 349.868 285.416 356.739 293.4 369.317 308.275 376.685 309.554 374.732 295.841 367.903 285.931 364.534 286.885 367.394 249.016 357.831 229.652 342.78
0 2 59 221.284 14.5686 222.221 14.2987 221.682 14.4258 221.009 13.745 220.829 15.0589 221.242 15.3213 222.017 14.7981 222.126 14.8121 221.368 14.5354 219.757 14.0094 223.638 15.1767
0 2 60 225.443 14.9486 226.385 14.4361 225.715 14.8268 224.578 14.4458 224.105 15.7199 224.948 15.5569 225.808 15.8609 225.666 15.2697 224.326 14.7777 223.033 14.4677 227.03 15.6165
0 2 61 221.393 13.8538 222.162 13.4082 221.818 13.8046 220.623 13.228 220.399 14.4795 221.33 14.585 221.524 14.2731 221.606 14.2827 220.65 13.8221 219.227 13.2374 223.605 14.5617
0 2 62 246.87 194.666 235.845 194.993 231.305 198.673 236.957 204.181 244.104 206.389 243.418 206.296 234.981 203.106 230.009 203.172 230.945 203.223 201.244 195.658 210.089 190.785
0 2 63 224.106 14.3409 224.583 14.2399 223.947 14.2313 223.14 13.6141 222.784 14.9263 223.475 15.0345 224.187 14.6752 224.013 14.5609 223.022 14.3384 221.384 13.7839 225.621 14.9078
0 3 0 298.902 351.679 278.872 347.342 268.965 355.278 278.181 368.912 293.277 374.681 293.454 372.521 278.583 364.614 269.736 361.675 270.995 364.581 160.548 328.919 27.602 142.049
0 3 1 205.354 13.1483 206.121 13.228 205.352 13.652 204.67 12.8948 204.196 13.8005 204.626 13.8177 205.45 14.1551 205.345 13.4897 204.486 13.7017 204.537 13.493 203.222 14.2458
0 3 2 298.248 354.359 278.076 349.076 268.247 357.024 277.897 370.841 292.901 377.003 292.991 374.808 277.983 366.491 269.082 363.27 270.689 366.934 243.866 360.294 242.216 351.307
0 3 3 213.933 13.1982 214.699 12.9495 214.192 13.3327 213.327 12.7377 213.046 13.7399 213.837 13.8249 214.118 14.0069 214.288 13.6332 213.391 13.4889 213.193 13.3634 212.429 14.0212
0 3 4 305.947 359.643 285.214 354.451 275.055 362.059 283.623 375.896 299.116 382.552 299.972 380.583 284.83 372.505 275.229 369.225 276.813 372.724 225.645 359.487 118.696 299.001
0 3 5 212.567 13.4488 213.229 13.1739 212.804 13.5485 211.979 13.1161 211.288 13.9694 211.842 13.8624 212.498 14.2386 212.631 13.858 211.547 13.8387 211.764 13.5034 210.887 14.0666
0 3 6 299.464 352.781 279.105 347.949 269.119 356.357 278.354 368.984 293.946 375.599 293.897 373.402 278.476 365.9 270.22 361.922 271.852 365.116 247.392 359.745 243.589 350.174
0 3 7 214.434 13.3549 215.82 13.4186 215.077 13.704 213.913 13.0174 213.671 13.9919 214.18 13.8555 215.086 14.2634 214.84 13.7316 213.779 13.5942 214.022 13.3904 212.721 14.3964
0 3 8 297.477 354.272 277.1 349.328 266.683 357.087 275.687 370.764 291.116 377.477 291.787 374.641 277.124 367.057 267.83 363.772 268.952 367.437 248.113 361.96 242.439 351.608
0 3 9 207.421 13.8347 208.048 13.8592 207.702 13.9167 207.357 13.4497 206.605 14.4026 207.04 14.4201 207.607 14.4988 207.727 14.2555 206.902 14.2558 206.762 14.0227 205.814 14.6455
0 3 10 233.117 196.943 222.136 197.094 218.379 201.284 223.162 206.809 231.074 209.316 230.461 209.331 220.904 205.46 216.941 205.015 218.082 205.618 198.906 200.38 201.411 194.963
0 3 11 204.882 13.7753 205.438 13.3369 205.5 13.4909 204.518 13.1882 203.88 13.9809 204.632 14.1444 205.399 14.2718 205.364 14.1235 204.228 13.8146 204.159 13.3587 203.258 14.3303
0 3 12 227.119 194.737 215.989 194.5 211.778 198.067 217.224 204.215 224.985 206.502 224.64 206.741 215.395 202.475 211.08 202.499 211.643 202.942 194.92 197.87 195.208 192.077
0 3 13 211.904 13.6912 212.577 13.2748 212.35 13.5387 211.625 13.0223 211.002 14.1191 211.443 14.0209 212.238 14.1644 212.422 13.757 210.961 13.8694 211.216 13.4055 210.321 14.0179
0 3 14 307.282 355.872 286.895 351.217 276.852 358.585 286.354 372.31 301.612 378.929 302.377 376.783 286.303 368.548 277.328 365.255 279.043 368.416 256.899 363.636 251.489 353.347
0 3 15 210.834 13.7226 211.688 13.3164 211.395 13.6091 210.309 13.1399 209.833 14.1927 210.339 14.1855 210.998 14.3121 211.213 14.0571 209.874 13.8221 209.931 13.3581 209.198 14.5079
0 3 16 304.577 356.439 283.98 351.197 274.168 358.957 283.252 372.463 298.767 379.428 298.772 376.793 283.648 369.174 274.249 365.273 275.812 369.001 252.253 363.114 248.008 353.998
0 3 17 215.856 13.5919 216.837 13.3463 216.34 13.7248 215.368 13.1733 214.984 13.9663 215.81 14.0729 216.006 14.2558 216.161 13.928 215.354 13.6882 215.023 13.3049 213.776 14.5595
0 3 18 303.535 355.228 283.567 350.485 273.244 358.548 282.353 371.912 297.917 378.468 298.52 375.949 282.964 368.087 273.337 364.872 275.364 368.133 252.776 362.334 247.486 352.053
0 3 19 218.861 13.7298 219.676 13.6105 218.878 13.8071 218.185 13.1619 217.688 14.1954 218.18 14.2681 219.213 14.5543 219.338 14.2198 218.169 14.0295 218.101 13.9169 217.065 14.7578
0 3 20 216.426 148.599 207.612 149.406 204.555 152.033 207.954 155.571 212.934 156.926 212.865 157.1 207.143 154.91 203.842 155.137 204.411 155.867 192.517 150.523 189.716 144.612
0 3 21 219.365 13.7753 220.009 13.7546 219.538 13.9234 218.581 13.2361 218.314 14.197 219.063 14.3206 219.814 14.2575 219.846 14.1512 218.628 14.0143 218.459 13.8016 217.46 14.5267
0 3 22 308.257 353.489 288.688 350.216 277.402 358.858 286.392 371.512 302.344 377.95 302.676 375.198 287.097 367.35 279.302 366.315 295.748 372.747 257.133 363.724 236.962 347.732
0 3 23 219.448 13.9934 219.981 13.6123 219.621 13.7961 218.621 13.3872 218.275 14.4599 219.111 14.4902 219.873 14.651 219.345 14.1044 218.12 14.0569 218.807 13.9657 217.484 14.5251
0 3 24 310.415 358.799 290.057 354.477 278.932 361.878 287.358 374.788 303.226 382.655 304.107 379.696 289.168 372.35 279.576 369.086 281.263 372.558 262.199 367.478 250.997 354.984
0 3 25 210.344 13.8136 211.197 13.43 210.851 13.8579 209.827 13.4845 209.674 14.4694 210.127 14.2773 210.849 14.6023 210.654 14.1357 209.373 14.0158 209.986 13.7079 208.796 14.5096
0 3 26 311.844 362.311 291.452 357.763 279.863 365.509 288.383 379.182 304.289 386.28 304.759 383.823 290.401 376.346 280.392 373.436 282.79 376.738 264.525 371.685 250.425 358.318
0 3 27 202.691 14.0695 203.406 13.5399 203.371 13.9542 202.44 13.5415 202.104 14.4924 202.576 14.4233 203.165 14.5163 203.09 14.3473 201.842 14.1437 202.149 13.9025 201.08 14.52
0 3 28 313.411 360.792 293.416 356.403 281.702 364.659 290.212 377.869 306.583 384.82 307.664 381.967 292.555 374.56 282.129 372.213 284.274 375.883 138.522 323.189 11.862 74.9491
0 3 29 218.77 14.1438 219.776 13.7713 219.43 14.2231 218.565 13.7011 218.418 14.7507 218.679 14.5577 219.668 14.8106 219.608 14.2362 218.165 14.5557 218.638 14.0606 217.016 15.1267
0 3 30 302.597 358.512 282.427 354.523 271.308 362.353 279.896 375.254 295.956 382.562 296.394 379.976 281.567 372.549 271.334 368.982 273.363 373.122 255.697 368.062 245.024 354.86
0 3 31 228.36 14.031 229.579 13.7147 229.071 14.3776 227.87 13.4465 227.781 14.6815 228.351 14.6352 228.77 14.853 228.771 14.2743 227.414 14.0927 228.174 13.7216 226.555 14.953
0 3 32 308.128 357.962 287.769 353.766 276.354 361.329 284.792 374.713 300.229 381.817 301.146 378.736 286.732 371.794 277.064 369.27 278.757 372.604 257.922 366.598 249.677 353.977
0 3 33 219.059 14.3397 219.943 13.9948 219.568 14.4237 218.959 14.1618 218.176 14.9796 218.876 14.9203 219.734 15.1085 219.366 14.6591 218.486 14.6157 218.837 14.1889 217.449 14.9775
0 3 34 315.634 361.574 295.581 357.837 283.839 365.145 291.699 378.772 306.735 385.598 308.31 382.917 294.14 376.03 283.55 373.073 285.399 376.517 264.25 370.654 255.996 357.725
0 3 35 211.846 13.9794 212.666 13.7287 212.007 14.0284 211.106 13.4792 210.426 14.4986 211.234 14.5198 211.869 14.6943 211.903 14.1263 210.648 14.0943 210.689 13.5874 209.82 14.8374
0 3 36 312.619 359.689 292.827 356.003 280.705 363.709 288.339 377.267 304.087 384.434 305.162 381.566 291.547 374.914 281.332 372.183 282.065 375.189 261.224 368.477 253.287 355.724
0 3 37 209.862 14.1899 210.512 14.0414 209.893 14.221 208.988 13.655 208.43 14.6439 209.265 14.7373 209.965 14.7698 209.779 14.3549 208.752 14.2343 208.765 14.0166 207.628 14.7469
0 3 38 306.477 359.621 286.367 355.384 274.967 362.695 283.142 375.933 299.285 383.629 299.981 380.888 286.096 373.576 275.924 370.361 277.184 374.304 255.677 368.043 247.94 355.6
0 3 39 218.879 13.9458 219.68 13.813 219.223 14.5339 218.323 13.8339 217.864 14.5981 218.534 14.5661 219.069 14.8053 219.07 14.3999 218.357 14.5709 218.452 14.1104 216.993 15.074
0 3 40 311.851 358.399 291.833 354.684 279.872 361.803 287.677 375.699 303.158 382.463 304.962 379.821 290.834 372.822 280.434 369.857 280.972 372.969 258.305 366.384 244.889 352.111
0 3 41 214.014 14.0862 214.787 13.7145 214.343 14.3499 213.113 13.8407 212.624 14.8401 213.402 14.8715 213.893 14.8232 214.14 14.4067 213.034 14.2384 213.039 13.8063 212.152 15.23
0 3 42 309.865 357.47 289.906 354.104 278.153 361.709 285.984 374.899 301.306 381.599 302.651 379.224 288.869 372.056 278.706 369.472 280.012 372.432 255.637 365.529 236.589 349.626
0 3 43 218.689 14.2733 219.69 13.6769 219.368 14.1004 218.289 13.8362 217.785 14.6943 218.642 14.6368 219.064 14.9224 218.932 14.3573 217.911 14.232 218.124 13.8784 217.267 15.0141
0 3 44 307.184 358.267 287.268 354.312 275.929 361.176 284.006 374.768 299.068 381.606 300.538 379.242 286.802 371.98 276.668 369.072 277.572 371.802 253.289 365.346 231.372 349.363
0 3 45 213.152 14.5815 214.119 14.0691 213.898 14.3671 212.882 14.2482 211.954 15.1363 212.549 14.8087 213.538 15.2289 213.62 14.7405 212.115 14.6132 212.236 14.1611 211.52 15.0096
0 3 46 313.685 361.128 293.714 357.277 281.505 364.823 288.683 378.416 304.263 385.118 306.396 382.432 292.618 375.76 282.282 373.086 283.032 375.956 260.712 369.863 253.534 356.835
0 3 47 215.102 14.2213 215.95 14.0054 215.597 14.3331 214.707 13.6993 214.287 14.7034 214.806 14.7212 215.809 14.9992 215.833 14.5323 214.465 14.7 214.376 13.88 213.349 15.0743
0 3 48 234.661 198.535 222.915 198.697 218.473 202.57 222.69 208.18 230.735 210.404 231.519 210.646 221.943 207.258 217.155 206.587 218.029 207.664 199.35 201.372 200.091 194.022
0 3 49 206.328 14.3385 207.213 13.9222 206.553 14.4481 205.596 13.9061 205.499 15.0205 205.849 14.8689 206.398 15.1513 206.644 14.5909 205.303 14.4192 205.577 14.3026 204.695 15.169
0 3 50 307.529 358.919 287.746 354.81 276.257 361.415 284.221 375.12 299.609 382.656 301.125 380.041 286.902 372.56 276.912 369.764 277.821 372.735 255.89 366.836 248.292 354.74
0 3 51 207.373 14.2745 208.428 14.1121 207.868 14.5148 206.984 14.0628 206.233 14.8274 206.838 14.879 208.048 15.0756 207.794 14.8092 206.682 14.6708 206.779 14.2068 205.676 15.2737
0 3 52 304.724 358.529 284.193 354.23 273.618 361.784 281.846 375.295 297.627 382.686 298.435 379.457 284.272 372.305 274.362 368.947 275.502 372.871 251.47 366.374 246.098 354.856
0 3 53 212.741 14.2736 213.663 14.052 213.01 14.3906 212.115 13.9284 211.674 14.9413 212.339 14.706 213.087 14.9955 212.872 14.5407 211.771 14.4741 211.985 14.1591 211.301 15.4252
0 3 54 301.513 356.362 281.273 351.988 270.561 359.433 279.432 373.015 294.873 379.868 295.75 377.254 280.885 369.668 271.736 366.46 272.958 369.432 248.583 363.403 244.128 352.881
0 3 55 220.811 14.1374 221.492 13.6986 221.115 14.3448 220.13 13.7013 219.878 14.8241 220.8 14.6308 221.007 14.8031 220.899 14.3709 219.965 14.212 219.97 13.8545 219.069 15.0306
0 3 56 298.104 353.593 277.905 348.734 268.111 356.085 277.02 370.058 292.329 376.659 293.015 373.923 277.829 365.92 268.836 363.009 269.958 366.469 244.114 359.478 240.934 349.756
0 3 57 217.282 14.4409 217.928 14.4676 217.224 14.411 216.647 13.7439 216.021 14.9604 216.577 15.0698 217.321 15.1321 217.438 14.6295 216.248 14.5499 215.916 14.395 215.349 15.3933
0 3 58 306.366 357.633 286.508 353.514 275.766 360.162 283.6 373.967 298.899 381.182 299.659 378.523 285.665 371.221 276.032 368.041 277.456 371.114 258.154 366.574 339.265 375.099
0 3 59 208.253 14.4909 209.06 14.0647 208.95 14.6695 207.602 14.1849 207.216 15.0461 207.956 15.0215 208.764 15.0158 208.606 14.859 207.272 14.7557 207.356 14.2143 206.818 15.243
0 3 60 215.187 145.57 208.051 145.008 204.75 148.657 208.243 152.434 213.565 153.436 213.722 153.31 207.145 151.026 203.882 151.306 204.087 151.94 184.266 146.707 190.758 142.721
0 3 61 204.351 14.3086 205.446 13.9472 204.895 14.2585 204.067 13.8327 203.559 14.9099 204.161 14.704 205.095 15.141 204.909 14.576 203.512 14.6491 203.582 14.1161 202.862 15.379
0 3 62 305.079 357.171 285.129 352.933 274.294 360.297 282.731 373.496 298.279 380.733 298.863 378.018 284.391 370.087 275.253 366.942 276.908 370.773 248.2 363.309 245.769 353.101
0 3 63 210.421 14.971 211.085 14.5958 211.003 14.9521 209.803 14.4445 209.144 15.3769 210.066 15.4558 210.418 15.3914 210.472 15.1573 209.503 15.007 209.116 14.3454 208.525 15.5596
