0 0 0 219.595 50.3197 216.631 49.9066 215.069 50.9222 216.449 51.827 218.841 51.9467 219.097 51.4274 216.931 51.0515 214.882 51.8434 214.953 52.6005 210.624 51.7737 209.431 51.6529
0 0 1 210.969 3.20531 211.33 3.26575 211.254 3.23226 211.037 3.20775 211.026 3.2052 210.979 3.26719 211.147 3.07626 211.1 3.29333 210.888 3.29142 212.209 3.11148 211.345 3.32295
0 0 2 226.316 50.5754 223.493 49.9136 221.838 50.8991 223.018 52.0895 225.447 52.1776 225.845 51.6745 223.374 51.0192 221.33 52.0902 221.519 52.5674 217.295 52.1076 216.217 51.9355
0 0 3 219.754 3.85428 219.871 3.54885 219.763 3.43552 219.496 3.53129 219.482 3.59356 219.791 3.63061 219.785 3.59371 219.892 3.76276 219.6 3.56118 220.822 3.44765 220.48 3.77221
0 0 4 222.164 50.2683 219.601 49.8446 217.552 50.8758 218.965 51.8838 221.331 51.8302 221.611 51.5046 219.521 50.9519 217.422 51.8968 217.648 52.5255 214.672 51.907 214.077 51.6221
0 0 5 215.539 2.67479 215.768 2.73353 215.568 2.76972 215.445 2.63495 215.535 2.80692 215.436 2.75098 215.57 2.67714 215.541 2.83766 215.413 2.71596 216.756 2.65263 215.916 2.78549
0 0 6 218.706 51.1816 215.748 50.5216 214.427 51.6994 215.2 52.5139 217.344 52.8619 217.9 52.3893 215.632 52.0364 213.807 52.5788 214.072 53.4278 211.218 52.5623 210.852 52.3184
0 0 7 207.289 3.95063 207.387 3.9964 207.578 4.02118 207.083 3.90872 207.044 3.94564 207.257 3.99512 207.246 4.05456 207.218 3.96944 207.22 3.79547 208.491 3.92708 207.696 4.07205
0 0 8 224.004 51.0961 221.53 50.473 219.693 51.4987 220.885 52.6721 222.854 52.6746 223.433 52.3417 221.429 51.7212 219.104 52.5213 219.692 53.3055 216.901 52.4783 216.118 52.2589
0 0 9 208.719 3.37402 208.945 3.19061 209.047 3.1624 208.742 3.32557 208.577 3.36304 208.643 3.34807 208.658 3.3047 209.047 3.37176 208.726 3.30135 209.548 3.22765 209.344 3.24956
0 0 10 214.028 26.3735 212.319 26.0294 211.662 26.466 212.45 27.1122 213.531 27.0353 213.74 26.8916 212.209 26.46 211.578 27.0567 211.812 27.1423 210.076 26.9787 210.503 26.9348
0 0 11 215.393 2.72517 215.441 2.8115 215.371 2.75923 215.371 2.82973 215.224 2.93493 215.101 2.79585 215.276 2.95902 215.46 2.92274 215.422 2.82664 216.592 2.82091 215.857 2.78721
0 0 12 220.38 50.2381 217.487 49.8922 215.939 50.8743 217.198 51.7804 219.209 51.5925 219.743 51.524 217.614 50.9323 215.534 51.9231 215.829 52.5077 213.016 51.6208 212.239 51.4571
0 0 13 211.467 4.07418 211.509 4.21994 211.768 4.02445 211.694 3.93553 211.285 4.15401 211.59 4.00648 211.961 4.04938 211.598 4.15793 211.509 4.01994 213.014 3.89484 212.263 3.91686
0 0 14 223.62 50.459 220.463 50.2052 218.771 51.2892 219.983 52.2099 222.452 52.2792 222.966 51.5886 220.892 51.4116 218.763 52.1854 218.71 52.8927 216.596 52.0497 215.493 51.8304
0 0 15 208.688 3.61865 208.794 3.70669 208.559 3.61006 208.68 3.65727 208.545 3.49313 208.34 3.55927 208.822 3.66447 208.967 3.70836 208.86 3.98176 210 3.68782 209.001 3.42797
0 0 16 213.632 50.3812 210.505 50.0683 208.976 51.2414 210.461 51.9745 212.586 51.9787 212.997 51.6251 210.666 51.2772 208.824 52.1577 209.092 52.7538 206.22 52.0262 205.695 51.7032
0 0 17 209.383 2.74633 209.347 2.73104 209.203 2.63587 209.268 2.70151 209.177 2.90821 209.171 2.81172 209.224 2.58956 209.495 2.74189 209.265 2.80656 210.435 2.72723 209.904 2.67409
0 0 18 225.855 50.2539 222.716 49.9281 220.955 50.9161 222.542 51.9145 224.711 51.8079 225.121 51.6326 222.695 51.0192 220.647 52.0362 221.118 52.3953 218.599 51.8863 217.802 51.5912
0 0 19 212.779 3.15375 213.021 3.19101 212.818 3.19138 212.848 3.31525 212.9 3.34156 212.616 3.28855 212.856 3.25196 213.08 3.24771 212.725 3.36145 214.088 3.26194 213.565 3.26769
0 0 20 213.732 49.9434 210.781 49.5031 209.27 50.5743 210.561 51.431 212.724 51.6615 213.036 51.0634 210.961 50.5911 209.054 51.5415 209.165 52.2819 206.915 51.4907 206.256 51.1727
0 0 21 217.514 2.96409 217.614 2.87246 217.309 2.88193 217.478 2.96741 217.419 2.87009 217.379 2.94166 217.495 2.85482 217.492 3.05449 217.479 2.94984 218.599 2.92441 218.15 3.07985
0 0 22 216.961 50.466 214.284 49.9731 212.549 50.9806 213.887 51.9856 216.239 52.0151 216.594 51.5442 214.541 51.0154 212.45 52.0321 212.356 52.5549 210.236 51.981 209.477 51.7864
0 0 23 215.786 3.101 215.788 3.16782 215.385 3.09496 215.325 3.00223 215.546 3.03807 215.632 3.01406 215.708 3.06149 215.591 3.00428 215.462 2.95306 216.872 2.94034 216.079 3.03887
0 0 24 217.37 50.5793 214.391 50.0833 212.916 51.26 214.084 52.016 216.486 52.3028 216.969 51.7187 214.679 51.2851 212.74 52.1345 212.635 52.8351 210.83 52.0868 209.954 51.9189
0 0 25 217.268 4.05292 217.434 4.2002 217.122 3.98411 217.267 4.31691 216.957 4.12882 216.774 3.95587 217.139 4.17345 217.291 4.08538 217.155 4.07025 218.207 4.10489 217.41 3.96004
0 0 26 216.627 44.9669 213.804 44.7204 212.659 45.6122 213.862 46.5365 215.813 46.5241 216.356 46.1248 214.105 45.8042 212.362 46.4822 212.752 46.8424 211.077 46.4878 210.155 46.2909
0 0 27 216.399 3.58996 216.223 3.4046 216.236 3.65079 216.161 3.62644 216.004 3.55893 216.101 3.53169 216.335 3.49668 216.392 3.6672 216.177 3.53407 217.551 3.44839 216.788 3.5918
0 0 28 214.851 50.4443 212.253 49.8153 210.548 50.7726 211.929 51.5737 213.984 51.9548 214.098 51.5887 212.114 51.042 210.121 51.7874 210.297 52.4636 208.6 51.7403 207.295 51.5585
0 0 29 217.591 4.24096 217.833 4.26112 217.716 4.23572 217.683 4.43875 217.85 4.48392 217.315 4.32825 217.557 4.13264 217.907 4.39071 217.345 4.44612 218.834 4.304 218.129 4.23466
0 0 30 229.577 50.1319 226.87 49.5686 225.116 50.6971 226.282 51.7235 228.834 51.7516 229.072 51.3397 226.783 50.9297 224.708 51.6135 225.093 52.277 223.321 51.8219 221.466 51.6524
0 0 31 217.823 3.53011 217.778 3.69523 217.552 3.59685 217.422 3.48252 217.298 3.64818 217.245 3.58455 217.424 3.84425 217.455 3.81182 217.564 3.58719 219.091 3.74389 217.977 3.64039
0 0 32 215.891 49.5136 213.178 49.1761 211.543 50.117 212.756 50.9354 215.314 50.9215 215.429 50.8309 213.095 50.1936 211.342 51.123 211.387 51.5952 177.836 50.0431 40.226 36.401
0 0 33 220.229 4.11832 219.951 3.88955 220.138 3.96875 220.009 3.93864 219.761 3.92223 220.033 4.01795 220.2 3.86445 220.298 4.22152 219.898 3.99294 220.954 3.86832 220.49 4.09486
0 0 34 218.292 49.7482 215.079 49.4076 213.402 50.5293 214.936 51.4478 216.908 51.4769 217.355 51.0104 214.974 50.4909 213.05 51.5635 213.38 51.9775 211.723 51.5216 209.092 51.0754
0 0 35 211.616 3.40067 211.643 3.46865 211.49 3.38466 211.743 3.40014 211.353 3.51403 211.534 3.48695 211.889 3.45263 211.563 3.53044 211.739 3.49527 212.892 3.40446 212.166 3.31488
0 0 36 216.428 49.6557 213.432 49.1736 212.122 50.0956 213.458 50.8067 215.702 51.1292 215.81 50.7041 213.586 50.392 211.673 51.0203 211.858 51.7371 210.3 51.0797 207.175 50.771
0 0 37 209.723 3.2961 210.108 3.16612 210.056 3.1621 209.928 3.41098 209.739 3.3342 209.658 3.09015 210.07 3.3724 210.088 3.38648 209.751 3.2874 211.129 3.18973 210.556 3.22783
0 0 38 218.057 50.0805 215.107 49.5922 213.667 50.6234 215.254 51.3777 217.629 51.7231 217.613 51.0622 215.203 50.8489 213.198 51.4759 213.459 52.3224 211.411 51.5466 210.358 51.2943
0 0 39 218.208 3.61811 218.15 3.76025 217.94 3.76197 217.761 3.8283 218.127 3.87335 218.082 3.61819 217.879 3.71246 218.108 3.7932 217.989 3.72195 219.244 3.76782 218.746 3.71396
0 0 40 213.438 49.501 210.726 48.9921 209.068 50.0163 210.497 51.0236 212.87 50.8814 213.039 50.6565 210.63 50.1414 208.6 51.1267 209.013 51.5956 206.485 50.8925 205.792 50.8239
0 0 41 212.15 3.19116 212.121 2.91451 212.221 2.8594 211.982 3.10543 211.781 3.0697 212.136 2.96572 212.118 3.01365 212.269 3.12452 212.146 3.10462 213.206 2.89406 212.753 3.07538
0 0 42 212.106 49.6686 209.422 49.1369 208.073 50.1982 209.308 50.9592 211.706 50.9463 211.844 50.905 209.219 50.2353 207.543 51.0791 208.128 51.6962 204.449 51.0018 202.056 50.8792
0 0 43 216.622 3.81905 216.84 3.48632 216.393 3.63793 216.278 3.72917 216.253 3.70796 216.32 3.76877 216.503 3.67886 216.762 3.61211 216.448 3.66706 217.603 3.71771 217.287 3.90546
0 0 44 224.23 50.8438 221.119 50.3742 219.566 51.6371 220.626 52.0728 223.415 52.26 223.686 51.982 221.139 51.7062 219.557 52.2832 219.963 52.8339 215.542 52.1135 213.447 51.9684
0 0 45 207.854 3.39863 207.974 3.4213 207.68 3.56702 207.941 3.4458 208.046 3.6962 207.834 3.58503 207.892 3.43458 207.858 3.69078 207.882 3.62906 209.226 3.46481 208.562 3.54375
0 0 46 217.872 19.1722 216.848 18.8958 216.435 19.1688 217.153 19.7755 217.595 19.741 217.693 19.3637 216.936 19.2587 216.271 19.648 216.492 19.8293 215.457 19.5131 215.602 19.3896
0 0 47 218.311 3.49718 218.551 3.25659 218.415 3.36166 218.149 3.44772 218.213 3.5068 218.515 3.43362 218.494 3.55246 218.415 3.52658 218.168 3.33793 219.537 3.27057 219.009 3.4967
0 0 48 216.543 50.0107 213.532 49.5872 211.995 50.6044 213.634 51.4886 215.678 51.6237 216.114 51.2814 213.553 50.5925 211.442 51.6462 212.218 52.2109 179.484 50.6892 43.017 37.332
0 0 49 210.423 3.3761 210.61 3.34782 210.447 3.37271 210.188 3.30313 210.387 3.4283 210.194 3.31909 210.728 3.43803 210.687 3.50072 210.111 3.5021 211.659 3.50182 211.052 3.53006
0 0 50 215.071 26.1791 213.621 25.8452 213.162 26.2123 214.046 26.6549 215.128 26.6939 215.119 26.4561 213.759 26.1807 213.036 26.6485 213.117 26.846 211.646 26.6358 211.267 26.531
0 0 51 215.086 3.19791 215.536 3.47688 215.151 3.47249 214.952 3.39318 215.037 3.59689 214.964 3.34316 215.509 3.54146 215.257 3.4841 215.061 3.43705 216.45 3.47757 215.763 3.6588
0 0 52 213.525 49.2804 210.561 48.8212 209.095 49.7276 210.379 50.6355 212.546 50.7435 212.947 50.435 210.474 49.8603 208.546 50.8561 208.657 51.2342 206.552 50.7734 206.541 50.5639
0 0 53 213.504 2.81709 213.714 2.7078 213.457 2.75539 213.327 2.7181 213.481 2.7294 213.493 2.75898 213.677 2.82395 213.71 2.91923 213.438 2.85064 214.815 2.68566 214.124 2.82995
0 0 54 213.77 49.9001 210.374 49.4964 208.884 50.6703 210.281 51.4313 212.686 51.6583 213.024 51.101 210.559 50.6764 208.673 51.565 208.895 52.2121 205.806 51.5152 204.504 51.2413
0 0 55 213.452 3.57878 213.545 3.4589 213.077 3.6118 213.258 3.73302 213.071 3.61303 213.14 3.66229 213.562 3.60751 213.21 3.7202 213.381 3.61909 214.54 3.54914 213.756 3.63737
0 0 56 207.585 26.2455 206.303 25.7555 205.722 26.3494 206.424 26.6513 207.706 27.0012 207.447 26.5794 206.339 26.3991 205.756 26.6373 205.701 27.037 204.144 26.6995 204.707 26.6954
0 0 57 212.959 3.59323 213.161 3.31528 213.048 3.26032 212.759 3.41217 212.904 3.40129 213.063 3.38837 213.146 3.44103 213.244 3.70087 212.787 3.57262 214.045 3.34649 213.961 3.58936
0 0 58 219.113 50.8786 216.497 50.2558 214.661 51.4204 215.566 52.505 218.013 52.2984 218.517 52.1659 216.283 51.3926 214.464 52.372 214.639 52.9899 205.792 52.0639 193.942 51.5118
0 0 59 214.223 3.16121 214.406 3.01913 213.945 3.06365 213.812 3.04642 213.891 3.21016 214.185 3.09787 214.373 3.21183 214.17 3.2198 214.086 2.91729 215.141 3.0231 214.608 3.21346
0 0 60 216.601 49.6671 213.671 49.155 212.061 50.3482 213.268 51.0708 215.433 51.4115 215.78 50.8404 213.638 50.3473 211.925 51.2958 211.936 51.8124 104.224 44.8812 4 0
0 0 61 217.478 3.41109 217.74 3.35952 217.347 3.46101 217.308 3.57059 217.203 3.48192 217.542 3.34189 217.625 3.51289 217.346 3.4702 217.473 3.33366 218.675 3.38753 218.192 3.59682
0 0 62 222.13 50.2781 219.215 49.82 217.648 51.0508 219.062 51.7888 221.346 51.9711 221.408 51.5063 219.102 51.0666 217.464 51.9147 217.815 52.5301 212.165 51.7826 209.377 51.4644
0 0 63 207.207 3.25732 207.377 3.15925 207.169 3.1123 207.04 3.24444 206.86 3.20037 207.175 3.15601 207.256 3.25307 207.057 3.30178 207.076 3.17871 208.17 3.14406 207.635 3.29117
0 1 0 230.836 54.6087 227.824 54.1817 226.103 55.0235 227.499 56.0646 230.138 56.2213 230.323 55.7627 228.019 55.2714 225.921 56.3598 225.702 56.8354 216.778 55.8696 211.223 55.5176
0 1 1 233.263 3.79656 233.423 3.73953 233.049 4.00931 233.257 3.80854 233.317 3.68897 233.103 3.84791 233.555 4.00911 233.214 3.91717 233.259 3.94258 234.07 3.67738 233.339 3.82074
0 1 2 234.439 55.7913 231.304 55.47 229.797 56.31 230.993 57.7042 233.225 57.4496 233.771 57.0082 231.665 56.5295 229.694 57.7667 229.379 58.2212 120.881 51.0313 4 0
0 1 3 223.149 3.29375 223.037 3.24278 223.21 3.36213 222.858 3.21867 222.878 3.32643 223.063 3.30621 223.104 3.26607 223.472 3.2926 223.084 3.26664 223.559 3.15825 223.246 3.2606
0 1 4 231.187 54.34 228.156 53.8305 226.479 55.123 227.333 56.0426 230.187 56.006 230.821 55.4637 228.007 55.0692 226.09 56.0793 226.015 56.7057 218.015 55.772 222.61 55.6444
0 1 5 231.571 4.21627 231.753 4.07063 231.46 4.32971 231.659 4.36013 231.527 4.30387 231.587 4.4428 231.743 4.38006 231.479 4.25177 231.879 4.38182 232.322 4.25774 231.612 4.13974
0 1 6 232.457 54.238 229.305 53.8414 227.712 55.0139 228.801 55.8948 231.373 55.8975 231.574 55.5928 229.285 55.0609 227.663 56.0613 227.715 56.7304 220.11 55.6967 216.771 55.3157
0 1 7 230.402 4.70345 230.439 4.35503 230.947 4.28978 230.576 4.38933 230.494 4.59238 230.48 4.33031 230.594 4.38898 230.796 4.47799 230.613 4.47138 231.556 4.44982 231.08 4.26493
0 1 8 229.325 55.3665 226.422 54.6818 224.315 56.0863 225.37 56.9737 228.137 57.3172 228.373 56.574 226.401 56.1311 224.285 57.1897 223.896 57.8614 219.218 56.9404 218.902 56.4526
0 1 9 226.016 2.78635 226.069 2.50923 225.911 2.73917 225.566 2.66038 225.61 2.67393 225.886 2.64632 226.018 2.75856 226.081 2.73248 225.941 2.6305 226.674 2.59031 226.346 2.75251
0 1 10 237.599 54.5769 234.573 54.1994 232.63 55.3704 234.356 56.3365 236.957 56.2567 237.089 55.8239 234.822 55.3934 232.562 56.4893 232.78 57.0025 227.09 56.1673 225.714 55.8998
0 1 11 238.52 3.97084 238.406 3.95464 238.582 4.0806 238.269 4.09642 238.603 4.25081 238.667 3.99476 238.329 3.93253 238.645 4.16617 238.381 4.21614 239.201 4.13964 239.169 3.87511
0 1 12 236.594 53.9309 233.627 53.387 231.639 54.5498 233.019 55.4625 235.717 55.7072 236.031 54.9734 233.874 54.6651 231.565 55.5981 231.435 56.2049 225.611 55.5565 221.647 55.2538
0 1 13 240.083 4.24995 240.029 4.24101 239.886 4.52935 240.001 4.23828 240.236 4.6072 239.897 4.45044 240.017 4.23777 240.368 4.28096 240.185 4.51007 240.929 4.33289 240.362 4.18748
0 1 14 227.204 55.2437 224.109 54.5929 222.354 55.8672 223.126 57.0486 225.775 57.0176 226.685 56.4861 224.25 56.0475 222.008 57.1059 221.983 57.7649 216.978 56.606 216.653 56.3717
0 1 15 227.643 3.42951 227.807 3.3187 227.795 3.40896 227.248 3.19257 227.503 3.49886 227.547 3.3929 227.626 3.40061 227.898 3.26674 227.321 3.2134 228.14 3.20506 227.946 3.22073
0 1 16 226.254 21.2217 225.2 20.9606 224.818 21.1894 225.469 21.6179 226.083 21.5848 226.21 21.6086 225.104 21.3481 224.329 21.7176 224.609 21.6373 221.727 21.3541 222.657 21.409
0 1 17 236.788 4.32748 237.238 4.35699 236.752 4.39824 236.419 4.0328 236.884 4.29285 236.515 4.21613 237.039 4.27522 237.016 4.18184 236.462 4.03417 237.526 4.16597 236.8 4.28882
0 1 18 235.948 55.4533 232.923 54.8592 231.459 55.9522 232.518 56.9105 234.995 57.1081 235.347 56.5424 232.951 56.3556 230.773 57.0795 230.671 57.6762 225.686 56.8038 225.531 56.5826
0 1 19 225.459 3.37495 225.598 3.36428 225.598 3.57077 225.46 3.57776 225.221 3.42318 225.236 3.32721 225.562 3.43514 225.489 3.40762 225.252 3.34701 225.926 3.25492 225.514 3.40996
0 1 20 227.747 55.3784 224.939 54.9498 222.848 56.211 224.014 57.3586 226.694 56.9532 227.206 56.6212 225.007 56.2519 222.522 57.3424 222.737 58.0495 216.65 56.8347 217.092 56.6233
0 1 21 230.137 3.58305 229.873 3.40013 230.157 3.67782 230.044 3.53611 229.729 3.53009 230.045 3.55401 230.054 3.54416 230.084 3.55513 230.068 3.48215 230.662 3.37369 230.25 3.39875
0 1 22 234.417 28.5709 232.92 28.1493 232.307 28.7533 232.725 29.5322 234.026 29.3511 234.303 29.0238 232.987 28.8596 232.211 29.364 232.294 29.3393 228.53 29.1383 229.558 29.1611
0 1 23 227.454 3.89922 227.206 3.8925 227.058 3.93251 226.989 3.97654 226.824 3.84175 227.246 3.83529 227.366 3.96964 227.395 3.88806 227.312 3.99733 227.953 3.95965 227.55 4.00219
0 1 24 229.53 54.9977 226.329 54.5521 224.464 55.6492 226.031 56.9837 228.385 56.8614 228.855 56.1767 226.858 55.8888 224.28 56.9601 224.451 57.6073 219.555 56.7024 218.9 56.2888
0 1 25 228.894 3.5297 228.971 3.21623 229.084 3.57337 228.706 3.39316 228.991 3.60596 228.839 3.39928 229.015 3.37502 229.2 3.46554 228.808 3.55965 229.834 3.58252 229.226 3.54611
0 1 26 226.566 28.6842 225.186 28.3664 224.266 28.7217 225.004 29.1443 226.464 29.2149 226.363 29.2052 225.044 28.7687 224.167 29.2936 224.195 29.3021 220.283 29.0498 221.387 29.1197
0 1 27 225.66 3.62993 225.709 3.6691 225.455 3.6832 225.603 3.50391 225.609 3.55783 225.499 3.55725 226.03 3.57479 225.779 3.5446 225.76 3.62442 226.445 3.51951 225.76 3.63846
0 1 28 228.608 55.05 225.451 54.4781 223.658 55.7327 225.008 56.808 227.694 56.7908 228.267 56.2004 225.546 55.6845 223.35 56.9589 223.581 57.4716 218.167 56.6966 218.142 56.4208
0 1 29 225.98 3.61878 226.164 3.50558 225.814 3.70424 225.646 3.35361 225.878 3.64899 225.867 3.49332 225.93 3.51669 226.07 3.52464 225.822 3.44533 226.469 3.60847 226.153 3.69616
0 1 30 236.863 54.745 233.728 54.3928 231.981 55.5817 233.53 56.4191 236.122 56.4741 236.175 56.0334 233.9 55.6824 231.793 56.6573 231.883 57.1556 226.623 56.3361 226.404 56.1527
0 1 31 241.263 3.94637 240.894 3.97728 240.967 3.95676 240.824 3.94399 240.499 3.91535 240.792 3.98506 240.87 4.01287 240.894 4.01407 240.879 3.88128 241.68 3.97613 241.383 3.82836
0 1 32 225.087 55.1643 221.884 54.8522 220.187 55.7732 221.403 56.9933 223.87 56.6575 224.168 56.2892 221.908 55.9681 219.752 57.1802 219.415 57.5925 214.271 56.5842 213.831 56.1965
0 1 33 226.701 4.11942 226.531 4.0683 226.329 4.02973 226.444 4.05745 226.411 4.07751 226.341 3.87978 226.495 4.09878 226.504 4.01472 226.355 3.92186 227.037 3.9972 226.461 4.01279
0 1 34 234.279 20.7837 233.291 20.6946 232.713 21.0186 233.094 21.2676 234.273 20.9845 234.104 21.1238 233.102 20.9011 232.645 21.2906 232.496 21.1325 229.692 21.0071 230.399 21.0395
0 1 35 232.057 3.2796 232.305 2.95702 232.167 3.42361 231.7 3.17364 231.678 3.10263 232.029 3.1623 232.223 3.23686 232.094 3.26821 232.01 2.94922 232.817 2.96134 232.348 3.19701
0 1 36 231.916 55.6438 228.445 55.1819 226.459 56.4067 227.736 57.3327 230.423 57.3718 230.9 56.7823 228.512 56.5502 226.128 57.5812 226.039 58.2454 221.386 57.3048 220.973 56.861
0 1 37 227.749 3.09935 227.755 2.93513 227.598 3.15379 227.441 3.02498 227.599 3.1743 227.606 3.09657 227.652 3.378 227.593 3.25351 227.32 3.12787 228.461 3.04672 228.049 3.19509
0 1 38 239.005 54.1848 235.426 54.0453 233.714 55.007 235.567 56.0352 237.926 55.8776 238.176 55.3976 235.788 55.2002 233.54 56.221 233.77 56.6248 228.346 55.8642 228.243 55.5115
0 1 39 220.029 3.15026 220.026 2.75269 220.111 3.07972 219.841 3.03739 219.892 3.0575 220.092 3.01024 220.139 3.0828 220.06 3.02728 219.884 2.93812 220.685 2.79817 220.177 3.04888
0 1 40 225.965 54.8171 222.755 54.387 220.923 55.3663 222.421 56.5272 225.101 56.4384 225.514 55.7901 223.217 55.4939 220.837 56.7154 220.79 57.1852 215.641 56.2904 215.501 56.0654
0 1 41 219.614 4.49856 219.838 4.47703 219.683 4.59309 219.423 4.42064 219.501 4.63897 219.394 4.52181 219.354 4.55178 219.45 4.54329 219.227 4.43322 219.965 4.48595 219.768 4.48511
0 1 42 227.051 54.2326 223.847 53.8151 221.929 55.144 223.365 55.9699 226.161 56.0253 226.325 55.411 224.15 55.0208 222.187 56.0519 222.066 56.7827 215.475 55.7293 213.552 55.5307
0 1 43 235.262 4.35033 235.491 4.55213 235.367 4.62432 235.515 4.39383 235.346 4.76364 235.068 4.56983 235.402 4.51336 235.386 4.52758 235.296 4.62886 236.331 4.36938 235.86 4.54339
0 1 44 224.855 55.053 222.218 54.2931 220.107 55.458 221.153 56.7116 223.918 56.5479 224.337 56.3245 221.836 55.7212 219.494 56.7535 219.647 57.3662 215.145 56.4588 214.567 56.1477
0 1 45 230.875 3.14792 230.783 2.96309 230.581 3.11536 230.641 2.97122 230.639 3.1589 230.843 3.00971 230.963 3.3247 230.646 3.12645 230.54 3.02893 231.398 3.08052 230.989 3.19451
0 1 46 230.945 54.9835 227.681 54.4746 226.272 55.7134 227.272 56.541 230.093 56.5831 230.491 55.9989 228.066 55.727 226.113 56.8022 225.634 57.2184 220.604 56.2932 220.452 56.1292
0 1 47 228.886 4.39716 228.674 4.17345 228.742 4.28946 228.448 4.43388 228.141 4.30013 228.767 4.26974 228.779 4.29071 228.591 4.30624 228.564 4.3405 229.596 4.32051 229.315 4.46114
0 1 48 227.994 55.7798 224.987 55.1751 222.926 56.4561 223.859 57.2641 226.862 57.4092 227.219 57.0685 224.839 56.629 222.878 57.4527 222.551 58.128 217.977 57.1609 217.146 56.8144
0 1 49 223.046 2.96072 222.754 2.91196 222.652 2.89498 222.599 2.85836 222.39 2.92436 222.73 2.85151 222.839 2.93957 222.866 2.93122 222.618 2.81923 223.164 2.82827 223.07 2.97071
0 1 50 230.001 54.9644 226.839 54.3448 224.909 55.6825 225.983 56.855 228.602 56.7267 229.102 55.9441 226.962 55.9339 224.621 56.8182 224.7 57.5766 220.228 56.5184 219.14 56.1045
0 1 51 227.972 3.62067 228.331 3.48101 228.225 3.71408 227.929 3.60499 228.297 4.01607 228.074 3.68653 228.203 3.6663 228.353 3.77152 227.886 3.61345 229 3.50742 228.408 3.70129
0 1 52 242.09 55.7204 238.833 55.2737 236.803 56.4454 238.47 57.6792 240.6 57.4874 241.309 57.0098 239.263 56.6229 236.474 57.6122 236.959 58.1825 231.632 57.2322 231.204 57.131
0 1 53 237.961 3.67444 237.907 3.59977 237.827 3.81249 237.654 3.72348 237.918 3.96778 237.975 3.67483 238.01 3.82281 238.232 3.71782 237.977 3.69303 238.671 3.70064 238.273 3.66912
0 1 54 234.217 55.1635 231.124 54.5707 229.257 55.9253 230.462 57.0431 233.035 56.8039 233.528 56.3463 231.123 56.1779 228.734 56.9315 229.094 57.6797 224.01 56.6267 223.464 56.4546
0 1 55 233.333 3.23421 233.507 3.0796 233.217 3.45194 233.074 3.16805 233.204 3.22341 233.16 3.21192 233.718 3.51119 233.474 3.29656 233.181 3.1784 234.311 3.18501 233.666 3.32512
0 1 56 222.652 53.9658 219.749 53.4104 217.814 54.5342 219.289 55.8114 221.877 55.587 222.065 55.1947 219.731 54.6904 217.525 55.9015 217.9 56.4275 211.582 55.3942 209.733 55.1988
0 1 57 219.241 3.98484 219.205 3.81798 218.955 4.27212 219.047 3.88417 219.329 3.84353 218.989 3.9037 219.295 3.94385 219.3 3.97668 219.143 3.96668 220.089 4.05353 219.591 3.90637
0 1 58 235.376 55.4749 232.321 54.8256 230.282 56.065 231.751 57.2028 234.177 57.0108 234.55 56.6601 232.412 56.3995 229.943 57.2139 230.291 57.9663 225.263 56.9396 224.719 56.7148
0 1 59 230.77 4.30176 230.923 4.30384 230.652 4.43135 230.207 4.02643 230.553 4.41873 230.245 4.43023 230.523 4.35792 230.987 3.9941 230.458 4.25138 231.358 4.27853 230.89 4.12431
0 1 60 227.611 28.7933 225.59 28.3123 225.354 28.8714 225.82 29.6208 227.098 29.2254 227.361 28.9449 225.998 29.0422 225.086 29.4729 224.834 29.3567 221.138 29.0832 222.653 29.065
0 1 61 241.218 3.08358 240.948 3.0606 240.949 3.32662 240.694 3.22496 240.464 3.19636 240.955 3.10821 241.133 3.2161 240.951 3.17405 240.88 3.08895 241.597 3.03555 241.227 3.12337
0 1 62 233.738 54.6814 230.334 54.1922 228.478 55.6905 229.856 56.5925 232.574 56.2423 232.943 55.779 230.439 55.8126 228.309 56.4997 228.536 57.3768 223.11 56.2725 222.905 55.9289
0 1 63 216.583 2.65389 216.456 2.57683 216.405 2.71016 216.254 2.5447 216.248 2.77101 216.305 2.6612 216.41 2.73165 216.607 2.81506 216.498 2.502 216.918 2.50744 216.665 2.60092
0 2 0 225.304 53.561 222.124 53.407 220.389 54.6677 221.832 55.4092 224.356 55.4573 224.769 54.6772 222.439 54.7288 220.049 55.8192 219.807 56.2557 108.28 48.8176 4 0
0 2 1 229.16 4.34263 229.299 4.51305 229.304 4.35242 228.924 4.21595 229.036 4.48784 229.163 4.3244 229.277 4.49069 229.389 4.31853 228.708 4.1599 229.725 4.32798 229.198 4.30683
0 2 2 219.393 54.3264 216.42 53.8487 214.742 55.1467 216.136 56.2212 218.522 56.1184 218.726 55.4804 216.358 55.3264 214.296 56.52 214.328 57.0708 207.269 55.8859 206.575 55.4258
0 2 3 231.278 3.54326 231.23 3.38099 231.163 3.42906 230.853 3.58572 231.02 3.53576 231.529 3.54445 231.401 3.60807 231.265 3.47113 230.979 3.4445 231.547 3.5148 231.475 3.46805
0 2 4 220.576 53.7137 217.278 53.3798 216.02 54.6288 217.291 55.532 219.579 55.441 219.992 54.8206 217.23 54.858 215.343 55.9009 215.213 56.3542 206.273 55.1718 206.884 54.8536
0 2 5 228.783 3.28267 228.854 3.14876 228.893 3.218 228.634 3.22367 228.331 3.16693 228.773 3.23071 228.911 3.1596 228.922 3.28754 228.681 3.21267 228.954 3.18243 228.821 3.29104
0 2 6 218.942 53.9724 215.948 53.5389 214.17 54.919 215.735 55.5137 218.141 55.704 218.518 55.1768 215.985 54.8584 213.966 55.9894 214.022 56.4703 207.812 55.4698 208.674 55.0791
0 2 7 222.755 3.33961 223.118 3.22925 222.996 3.31964 222.729 3.46519 222.547 3.40526 222.953 3.39629 223.301 3.37645 222.911 3.36141 222.807 3.34929 223.528 3.09244 222.917 3.35024
0 2 8 219.01 54.3932 215.878 54.0352 214.054 55.2031 215.56 56.2173 217.772 56.0431 218.316 55.4587 216.087 55.2678 213.544 56.525 213.726 57.1239 208.009 55.8874 208.411 55.4315
0 2 9 221.3 3.57799 221.593 3.40284 221.619 3.46812 221.106 3.64428 221.126 3.54544 221.382 3.45399 221.577 3.67098 221.425 3.52426 221.096 3.50582 222.069 3.40062 221.826 3.61216
0 2 10 223.991 54.4879 220.961 54.1637 219.415 55.4714 220.803 56.1157 223.25 56.2106 223.786 55.7867 221.206 55.3766 219.282 56.6346 219.005 56.9855 212.874 55.9477 213.821 55.6727
0 2 11 216.606 3.36463 216.753 3.05254 216.724 3.3636 216.473 3.37035 216.39 3.24652 216.671 3.39305 216.788 3.33182 216.68 3.33011 216.781 3.2688 217.346 3.2041 216.808 3.31468
0 2 12 208.851 20.2813 207.805 20.1482 207.305 20.7202 207.792 20.6563 208.671 20.7028 208.693 20.7988 207.506 20.6833 207.128 20.8992 207.142 20.7837 203.9 20.6075 205.14 20.5955
0 2 13 230.362 3.5865 230.373 3.57126 230.322 3.83149 230.023 3.83386 230.03 3.68064 230.392 3.62579 230.265 3.82424 230.109 3.74688 230.14 3.60644 230.856 3.48587 230.323 3.75988
0 2 14 217.31 54.4234 214.133 54.0965 212.855 55.2868 214.035 56.1792 216.366 56.1574 216.838 55.4699 214.435 55.4855 212.318 56.5203 212.085 57.1597 206.791 55.8459 207.154 55.5154
0 2 15 223.182 3.53339 223.17 3.73538 223.051 3.61143 223.363 3.48357 222.867 3.70477 223.002 3.65623 223.316 3.58471 222.97 3.67248 222.999 3.5557 223.688 3.56913 223.327 3.60306
0 2 16 219.513 28.5963 217.736 28.426 217.32 28.9735 218.212 29.0182 219.363 29.1161 219.28 29.0702 217.72 28.9978 217.266 29.4927 216.963 29.2412 212.938 29.0394 214.363 28.905
0 2 17 220.324 3.37328 220.104 3.50331 219.866 3.28512 219.988 3.39144 219.897 3.52823 220.148 3.50715 220.334 3.52597 220.104 3.31801 219.793 3.21685 220.4 3.45398 220.152 3.46827
0 2 18 222.528 53.8304 219.413 53.3798 217.888 54.7481 219.17 55.7789 221.621 55.6528 222.11 55.0481 219.399 54.7808 217.424 56.1932 217.342 56.4224 211.941 55.4701 212.408 55.0656
0 2 19 221.57 3.59209 221.413 3.63902 221.288 3.50272 221.105 3.65212 221.114 3.57617 221.438 3.57941 221.483 3.77779 221.266 3.57621 220.8 3.73497 221.643 3.6589 221.514 3.47186
0 2 20 219.045 54.6346 215.913 54.1886 214.462 55.3963 215.806 56.3341 217.945 56.2585 218.773 55.6686 216.07 55.4884 213.921 56.7938 214.037 57.0941 208.032 56.0484 208.641 55.5791
0 2 21 224.327 3.4592 224.637 3.49532 224.434 3.57766 224.342 3.53964 224.277 3.53359 224.254 3.36771 224.484 3.5165 224.323 3.49266 223.993 3.40249 224.877 3.45049 224.503 3.57771
0 2 22 218.077 54.4665 215.242 54.0549 213.451 55.433 214.682 56.2331 217.142 56.1046 217.677 55.5524 215.405 55.5497 212.977 56.5362 212.923 57.1873 207.516 55.9195 207.424 55.5506
0 2 23 224.415 4.37547 224.244 4.51912 223.95 4.30482 224.394 4.49697 224.037 4.49974 224.196 4.3492 224.489 4.5226 224.321 4.36829 223.941 4.26586 224.68 4.5993 224.511 4.58147
0 2 24 221.033 54.0398 217.851 53.7041 216.401 55.0355 217.957 55.9016 220.387 55.6569 220.737 55.1286 217.937 55.1121 215.629 56.2357 215.922 56.6418 209.147 55.5945 208.733 55.1089
0 2 25 225.223 2.76248 225.146 2.79905 225.11 2.90653 225.182 2.82363 225.242 2.84595 225.124 2.87169 225.144 2.71501 225.309 2.78236 224.974 2.7834 225.696 2.74292 225.343 2.83149
0 2 26 223.89 54.2672 220.546 53.9386 219.272 55.2287 220.718 55.96 223.048 55.8373 223.472 55.4802 220.585 55.3909 218.539 56.4511 218.668 56.7882 213.153 55.8037 213.47 55.399
0 2 27 222.605 3.87982 222.731 4.02078 222.362 3.83757 222.446 3.94754 222.461 4.13019 222.397 3.97233 223.011 4.3182 222.79 4.05905 222.082 3.65886 223.102 4.03653 222.606 4.01581
0 2 28 222.524 55.0302 219.496 54.7794 218.26 55.7692 219.354 56.7546 221.905 56.5611 222.434 56.0999 219.819 56.0173 217.625 57.0685 217.155 57.427 211.991 56.3965 212.465 56.0905
0 2 29 224.39 2.8277 224.354 2.73582 224.618 2.92097 224.219 2.9365 224.133 2.81519 224.465 2.91972 224.271 2.82269 224.374 2.91138 224.187 2.74882 224.847 2.61182 224.525 2.88884
0 2 30 225.264 53.5601 222.102 53.3717 220.532 54.4618 222.478 55.3844 224.735 55.3169 224.734 54.7148 222.497 54.6242 220.247 55.7002 220.493 56.2681 213.797 55.1958 213.605 54.8075
0 2 31 222.886 3.80092 222.775 3.7165 222.596 3.79931 222.623 3.88984 222.371 3.97484 222.628 3.77619 223.004 3.89101 222.768 3.90668 222.349 3.73379 223.405 3.88471 222.772 3.95449
0 2 32 214.948 54.509 212.002 54.164 210.387 55.3393 212.107 56.288 214.507 56.3385 214.587 55.5159 212.397 55.535 210.075 56.633 209.87 57.2028 204.401 55.9881 204.879 55.5481
0 2 33 224.504 2.85272 224.701 2.85195 224.455 2.99866 224.41 2.88754 224.587 2.90627 224.344 2.91267 224.547 2.87572 224.74 2.80435 224.266 2.80308 225.303 2.69948 224.641 2.9496
0 2 34 218.403 53.6483 215.295 53.4588 213.718 54.6638 215.457 55.2047 217.792 55.2956 217.66 54.815 215.293 54.6506 213.386 55.846 213.258 56.2813 207.671 55.1598 207.967 54.6285
0 2 35 218.737 3.04989 218.649 2.92024 218.812 2.95714 218.585 3.08168 218.644 3.15012 218.919 3.16393 218.863 2.99437 218.848 2.87626 218.53 2.97743 219.376 2.8849 218.783 3.09159
0 2 36 217.123 54.6701 214.186 54.3118 212.369 55.5266 213.553 56.4554 215.952 56.4042 216.456 55.7291 214.232 55.7306 211.878 56.802 211.656 57.4021 206.847 56.1321 206.507 55.5124
0 2 37 219.675 2.69618 219.597 2.66169 219.655 2.8082 219.473 2.80522 219.57 2.91669 219.767 2.73692 219.747 2.85919 219.739 2.73695 219.438 2.7089 220.43 2.7238 219.86 2.83838
0 2 38 216.305 54.8021 213.043 54.3145 211.163 55.6071 212.779 56.3771 215.356 56.4344 215.56 55.9401 213.062 55.6795 211.069 56.9779 211.046 57.2867 205.488 56.1081 205.661 55.5826
0 2 39 222.413 2.76088 222.455 2.71256 222.297 2.77899 221.987 2.77828 221.967 2.77271 222.213 2.77734 222.329 2.80584 222.37 2.7337 222.132 2.62575 222.682 2.57932 222.349 2.85538
0 2 40 221.394 53.9088 218.255 53.5976 216.635 54.886 218.073 55.6141 220.355 55.6763 220.679 54.8868 218.451 55.1147 216.185 56.007 216.292 56.6887 210.806 55.3643 210.834 55.001
0 2 41 219.788 3.468 219.555 3.4195 219.424 3.34578 219.708 3.39098 219.371 3.49533 219.702 3.47666 219.75 3.48418 219.534 3.42357 219.469 3.41688 220.134 3.47161 219.691 3.58211
0 2 42 224.971 47.9361 221.996 47.7763 220.784 48.8196 222.368 49.6297 224.184 49.6655 224.654 49.0553 222.211 48.9929 220.306 49.9762 220.651 50.0706 214.569 49.5606 214.883 49.261
0 2 43 218.164 3.54388 218.317 3.52399 218.083 3.5043 218.197 3.68323 218.005 3.62422 217.911 3.39103 218.313 3.54303 218.237 3.53282 217.901 3.435 218.425 3.48287 218.148 3.58777
0 2 44 218.381 53.4829 214.982 53.295 213.571 54.628 214.808 55.3858 217.404 55.2577 217.849 54.7195 215.369 54.6762 213.491 55.7126 213.261 56.2459 207.297 55.0267 207.05 54.8279
0 2 45 221.791 3.05701 221.943 2.89202 221.926 3.03587 221.586 3.10074 221.689 3.16801 221.98 3.08182 221.914 3.09913 221.901 3.05241 221.626 2.89657 222.395 2.91221 222.068 3.19177
0 2 46 220.34 53.8521 216.799 53.4344 215.528 54.6802 216.936 55.493 219.408 55.6772 220.096 54.731 217.143 54.8298 214.988 55.9035 214.928 56.3935 208.588 55.3617 206.824 54.9812
0 2 47 225.25 4.44404 225.035 4.6921 225.461 4.539 225.439 4.21809 225.01 4.41791 225.245 4.47627 225.406 4.21487 225.315 4.39861 225.022 4.33146 225.624 4.28119 225.432 4.22911
0 2 48 223.529 54.0348 220.294 53.5288 218.679 54.9022 220.09 55.4878 222.661 55.8466 222.974 55.0117 220.355 54.921 218.268 55.9546 218.275 56.5978 212.562 55.6169 213.323 55.262
0 2 49 214.386 2.59442 214.57 2.60751 214.424 2.66312 214.121 2.53897 214.225 2.62228 214.251 2.65141 214.445 2.59171 214.599 2.61882 214.163 2.48283 214.854 2.38887 214.313 2.73149
0 2 50 222.515 53.8638 219.442 53.3478 218.006 54.7775 219.265 55.332 221.847 55.5549 222.252 54.6956 219.525 54.8371 217.423 55.6962 217.281 56.3941 211.545 55.2811 212.304 54.9809
0 2 51 219.263 3.38612 219.34 3.27817 219.493 3.43248 219.185 3.53338 218.9 3.31119 219.139 3.37219 219.314 3.42657 219.307 3.53026 219.082 3.2844 219.512 3.13717 219.402 3.398
0 2 52 213.903 28.5691 212.425 28.2718 211.798 28.6692 212.853 28.9783 213.8 29.2863 213.548 28.7679 212.66 28.9643 211.657 29.3195 211.411 29.3514 207.545 28.9584 208.913 28.7966
0 2 53 219.076 4.58085 218.871 4.73945 218.882 4.63746 218.402 4.47442 218.333 4.57866 218.801 4.56349 218.578 4.54642 218.852 4.41 218.418 4.32334 218.808 4.54149 218.697 4.59948
0 2 54 224.553 54.6591 221.117 54.3674 219.741 55.8314 221 56.4524 223.379 56.6348 224.056 55.5945 221.617 55.938 219.494 56.8139 219.12 57.4975 207.978 56.0854 188.065 54.9452
0 2 55 217.036 2.6273 216.976 2.49548 216.994 2.61763 216.815 2.76781 216.576 2.77096 216.974 2.89885 217.051 2.66541 216.924 2.68295 216.868 2.58391 217.428 2.42792 216.988 2.74806
0 2 56 224.504 53.6359 221.381 53.2448 219.871 54.4469 221.714 55.1612 223.696 55.3113 224.19 54.5993 221.677 54.6799 219.131 55.6652 219.304 56.095 212.328 55.104 209.695 54.6234
0 2 57 221.791 3.5153 221.552 3.5377 221.646 3.45234 221.562 3.42756 221.344 3.54283 221.406 3.56078 221.672 3.53503 221.968 3.48468 221.695 3.50485 221.955 3.37979 221.71 3.48194
0 2 58 222.429 53.5645 219.362 53.1752 217.943 54.3012 219.33 55.086 221.552 55.3647 222.035 54.5839 219.764 54.4835 217.557 55.5744 217.358 56.1112 210.192 55.0519 209.222 54.6065
0 2 59 216.935 4.39531 216.93 4.58553 216.924 4.4412 217.037 4.51061 216.462 4.7145 216.912 4.58915 217.544 4.71466 217.097 4.66407 216.794 4.3446 217.534 4.43654 217.118 4.50223
0 2 60 220.638 3.1488 220.78 3.02615 220.437 3.14961 220.243 3.24868 220.377 3.20014 220.604 3.27646 220.747 3.19139 220.434 3.0802 220.304 3.05083 220.992 3.10418 220.594 3.29411
0 2 61 224.054 3.52095 224.265 3.64565 224.374 3.57297 223.68 3.5555 224.036 3.68873 224.079 3.51778 223.985 3.58759 224.245 3.60291 223.957 3.4277 224.642 3.438 224.19 3.75844
0 2 62 218.057 28.1661 216.705 27.7647 216.354 28.3899 217.014 28.6536 218.065 28.8085 218.157 28.3797 216.703 28.55 215.999 28.9036 216.003 28.8027 211.623 28.5598 213.379 28.5178
0 2 63 221.464 3.78638 221.491 3.66414 221.496 3.61884 221.276 3.84237 221.159 3.77965 221.568 3.91553 221.708 3.76759 221.501 3.67505 221.471 3.91933 222.121 3.58613 221.476 3.67524
0 3 0 222.31 53.7785 219.123 53.5841 217.944 54.714 219.696 55.4401 222.118 55.4726 221.992 55.079 219.206 54.8061 217.501 55.8322 217.592 56.4663 185.148 54.5228 100.514 47.9015
0 3 1 234.241 3.01478 234.331 2.9318 234.213 3.00027 234.187 3.14707 233.946 3.05141 234.218 3.10395 234.369 3.01145 234.207 3.02062 234.11 2.95092 234.802 3.07356 234.077 3.22569
0 3 2 218.848 53.8827 215.612 53.6539 214.304 54.8652 215.997 55.7584 218.478 55.6436 218.695 54.8812 215.89 54.8882 213.859 55.8824 213.958 56.7517 208.836 55.5746 209.991 55.2253
0 3 3 224.713 3.4561 224.556 3.41685 224.603 3.5899 224.276 3.60858 224.176 3.7538 224.58 3.5838 224.655 3.55049 224.678 3.65709 224.441 3.64507 225.478 3.72552 224.571 3.71039
0 3 4 223.283 55.1246 219.704 54.975 218.814 56.1702 220.302 56.8092 222.781 56.689 223.011 56.238 220.097 56.0635 218.555 57.1763 218.364 57.8915 206.115 56.5771 183.192 55.1286
0 3 5 224.398 2.81204 224.437 2.7608 224.46 2.86433 224.269 2.79404 224.384 2.90698 224.445 2.87523 224.321 2.87541 224.305 2.9062 224.092 2.94237 225.06 2.90214 224.234 2.78123
0 3 6 222.309 54.0255 219.487 53.8145 218.04 55.0672 219.562 55.7712 222.337 55.7004 222.206 55.305 219.38 54.9693 217.662 55.9923 217.566 56.7109 212.979 55.712 213.372 55.3753
0 3 7 215.98 2.82234 215.994 2.80106 216.093 2.87443 215.866 2.9712 215.743 2.93274 215.732 2.90657 215.953 2.9368 216.205 2.90946 215.771 2.97868 216.671 2.93441 215.933 2.85
0 3 8 221.239 54.2369 217.868 53.8942 216.744 55.1922 218.347 56.163 220.807 56.0445 221.103 55.3453 218.289 55.3514 216.232 56.2279 216.594 57.1704 212.502 55.8541 212.528 55.5212
0 3 9 228.232 4.17734 228.359 4.13523 228.351 4.01968 228.203 4.07772 228.224 4.35635 228.45 4.23456 228.667 4.6883 228.391 4.35134 227.926 4.01155 229.406 4.30362 228.266 4.3092
0 3 10 219.85 28.4389 218.544 28.1583 217.949 28.7578 218.79 29.0473 220.218 29.0878 219.995 28.904 218.413 28.8797 217.681 28.9693 217.627 29.374 215.022 29.1172 215.572 29.0842
0 3 11 228.838 3.11123 229.164 3.34591 228.99 3.20404 228.811 3.17069 228.94 3.31397 228.942 3.30494 228.96 3.19005 229.014 3.22177 228.953 3.07876 229.54 3.15379 228.471 3.41865
0 3 12 215.821 28.5536 214.558 28.4375 213.704 28.9587 214.796 29.2882 215.884 29.0277 216.145 29.0622 214.636 28.7397 213.552 29.2579 213.57 29.3307 210.839 29.0826 210.983 29.1062
0 3 13 220.668 4.67822 221.042 4.39389 221.242 4.32821 220.649 4.60563 220.589 4.69149 220.526 4.40288 221.02 4.48482 221.101 4.46708 220.606 4.65411 221.932 4.55515 220.593 4.47408
0 3 14 210.878 53.9602 207.633 53.6019 206.567 54.8728 208.16 55.5817 210.728 55.6725 210.845 54.913 207.764 54.7928 206.204 55.8809 206.054 56.6083 201.979 55.5955 202.269 55.0722
0 3 15 222.396 3.63279 222.561 3.68487 222.491 3.59443 222.233 3.72756 222.371 3.57314 222.374 3.64501 222.365 3.69916 222.604 3.79199 222.07 3.88086 223.076 3.79239 222.485 3.64798
0 3 16 219.748 54.8499 216.742 54.4721 215.184 55.6345 217.027 56.3771 219.28 56.6103 219.151 55.772 216.725 55.6953 214.585 56.6998 214.561 57.5529 209.991 56.4108 210.38 55.954
0 3 17 236.112 3.27039 236.329 3.13317 236.122 3.38897 236.127 3.22287 236.112 3.43649 236.049 3.30009 236.278 3.42618 236.183 3.34059 236.042 3.28394 237.14 3.44941 235.897 3.35267
0 3 18 217.064 54.3594 213.664 54.1436 212.287 55.6199 213.995 56.3536 216.546 56.1478 216.842 55.3435 214.05 55.4435 211.89 56.4571 212.248 57.3407 207.773 56.0493 207.75 55.5653
0 3 19 218.42 2.86349 218.641 2.936 218.481 2.96372 218.369 2.93783 218.099 2.90709 218.264 3.07511 218.44 3.02662 218.521 2.92977 218.366 2.87229 219.057 2.90271 218.292 3.09592
0 3 20 215.669 21.2057 214.414 21.0731 214.287 21.8007 214.581 21.5284 215.746 21.7872 215.767 21.6967 214.56 21.5782 214.493 21.8097 214.169 21.8232 212.499 21.4721 212.191 21.5047
0 3 21 221.906 4.32194 222.347 4.6704 222.062 4.40411 221.544 3.97719 221.889 4.35875 221.951 4.33043 221.907 4.27579 222.035 4.33841 221.558 4.19817 222.552 4.31964 221.662 4.15834
0 3 22 221.139 54.5816 217.772 54.3161 216.467 55.6135 217.882 56.6079 220.087 56.3775 220.697 55.9576 217.777 55.5604 216.019 56.8404 218.13 57.5546 210.962 56.2576 209.185 55.6529
0 3 23 224.484 3.88893 224.869 3.80813 224.483 4.00321 224.247 3.90205 224.504 3.89178 224.727 4.09786 224.875 3.96477 224.557 3.81821 224.599 3.92533 225.5 3.85642 224.094 3.9229
0 3 24 227.376 55.6603 223.89 55.3493 222.907 56.3767 224.207 57.3879 226.427 57.2736 227.103 56.6831 224.373 56.5952 222.389 57.6723 222.002 58.2952 218.312 57.1608 217.714 56.7075
0 3 25 225.899 2.88319 226.1 2.87889 226.092 3.00359 225.788 2.98882 225.836 3.08206 225.869 3.09739 225.911 3.0075 226.293 3.07752 225.934 2.892 226.846 2.86989 225.823 3.03573
0 3 26 210.868 55.1305 207.635 54.8322 206.171 55.9829 207.926 56.8317 210.291 56.7771 210.417 56.2367 207.838 55.9422 205.961 57.1992 205.799 57.7846 202.232 56.6834 201.004 56.0087
0 3 27 226.159 3.13396 226.567 3.13425 226.132 3.39538 226.221 3.31363 226.296 3.24197 226.166 3.30854 226.549 3.28445 226.368 3.1979 226.334 3.33953 227.393 3.16679 225.868 3.37795
0 3 28 221.48 54.9402 218.362 54.4637 216.796 55.8406 218.278 56.7001 220.856 56.7892 221.293 56.1206 218.324 55.8537 216.184 56.9378 216.269 57.7505 171.534 55.0146 34.895 38.6125
0 3 29 222.217 3.50769 222.174 3.58744 222.327 3.69514 222.102 3.71478 222.094 3.72789 222.025 3.5786 222.01 3.68428 222.216 3.70909 221.884 3.70709 222.996 3.81733 222.065 3.55904
0 3 30 218.686 54.8367 215.406 54.4261 213.998 55.8473 215.702 56.5156 218.182 56.8186 218.259 55.9369 215.538 55.7514 213.6 56.76 213.86 57.5881 210.381 56.5425 209.518 55.8975
0 3 31 221.556 3.85031 221.793 3.86473 221.889 3.92895 221.552 3.92674 221.275 3.69829 221.569 3.81618 221.889 3.7036 221.755 3.84226 221.252 3.72565 222.259 3.82752 221.29 3.92096
0 3 32 216.382 54.8902 212.701 54.5448 211.084 55.9873 212.611 56.8852 215.371 56.5674 215.9 55.9808 212.896 55.9838 210.734 56.9963 211.076 57.8321 207.3 56.4336 206.731 56.061
0 3 33 222.462 3.82368 222.671 3.83337 222.415 3.73266 222.401 3.82102 222.396 3.95616 222.361 3.83701 222.794 4.17751 222.416 3.96471 221.852 3.73123 223.467 3.96849 222.142 3.91559
0 3 34 217.906 55.1264 214.736 54.7223 212.814 56.0551 214.195 57.0685 216.767 56.8774 217.407 56.271 214.681 55.9474 212.429 57.1627 212.526 58.0316 208.778 56.6832 208.203 56.1035
0 3 35 217.836 2.80055 218.044 2.76515 217.931 2.98232 217.72 2.97516 217.506 3.12281 217.808 3.05207 218.112 2.94677 217.74 3.00706 217.731 2.89597 218.856 2.85994 217.458 3.0552
0 3 36 222.474 55.4593 219.661 54.9805 218.398 56.0078 219.37 57.1404 221.789 57.0774 222.355 56.6626 219.549 56.3415 217.556 57.3584 217.311 58.0342 213.711 56.7541 213.573 56.4665
0 3 37 218.351 3.20964 218.732 3.2976 218.41 3.31782 218.264 3.25673 218.26 3.28 218.383 3.24874 218.446 3.37951 218.239 3.42226 218.14 3.27298 219.414 3.21755 218.128 3.6312
0 3 38 212.946 54.2805 209.939 53.914 208.596 55.1205 209.732 55.9542 212.344 55.9692 212.788 55.3312 210.178 55.1907 208.106 56.1274 207.856 56.983 203.924 55.6148 203.652 55.2358
0 3 39 224.586 2.64208 224.864 2.65245 224.911 2.74865 224.783 2.99465 224.61 2.8597 224.532 2.56378 224.878 2.78803 224.857 2.758 224.518 2.69809 225.701 2.65247 224.409 2.66453
0 3 40 221.666 54.769 218.75 54.4795 216.859 55.6644 218.159 56.4593 221.084 56.4734 221.14 55.9434 218.539 55.7941 216.486 56.7069 216.046 57.5465 212.066 56.2229 210.809 55.6785
0 3 41 217.251 3.46929 217.549 3.37959 217.278 3.48808 217.049 3.45291 217.173 3.36795 217.251 3.48741 217.351 3.47474 217.404 3.38006 217.155 3.45731 218.29 3.47274 217.291 3.86631
0 3 42 220.707 54.8503 217.583 54.4785 215.85 55.6967 217.165 56.4754 219.802 56.5788 220.199 56.0431 217.511 55.6981 215.416 56.7923 215.181 57.5014 210.627 56.2812 208.844 55.7256
0 3 43 224.124 4.01007 224.164 4.01361 224.04 4.09077 224 4.08999 223.639 3.98631 224.019 4.1273 224.357 4.18396 224.132 4.19411 223.688 3.99908 224.654 4.02396 223.992 4.01944
0 3 44 222.602 54.996 219.44 54.6955 217.817 55.9785 219.239 56.7181 221.842 56.7209 222.113 56.2993 219.301 55.8691 217.537 57.0918 217.321 57.6143 212.344 56.561 210.019 55.9175
0 3 45 223.816 3.98248 224.321 3.94943 224.227 3.92829 223.912 4.09832 223.736 3.86165 223.865 3.9475 224.186 4.09334 224.158 3.99638 224.125 4.29597 225.048 3.88635 223.553 3.82586
0 3 46 220.63 54.9963 217.172 54.6715 215.424 55.9061 216.713 56.7645 219.332 57.0081 219.959 55.9977 217.294 55.9295 215.238 57.1643 214.549 57.6995 210.97 56.8572 211.097 56.1429
0 3 47 222.363 4.14309 222.34 4.19218 222.67 4.30245 222.398 4.25789 221.966 4.22147 222.175 4.22308 222.664 4.08743 222.725 4.33098 222.176 4.2658 223.168 4.07305 222.183 4.21444
0 3 48 218.28 28.9045 217.118 28.6128 216.121 29.3488 216.807 30.0098 218.174 29.6156 218.292 29.5024 217.109 29.3763 215.894 29.7484 215.964 29.9707 213.548 29.5877 213.463 29.3655
0 3 49 220.479 3.00725 220.587 2.87931 220.49 3.10385 220.315 3.06036 220.085 3.06199 220.209 3.16122 220.388 3.12593 220.592 2.89992 220.308 3.09728 221.259 3.09741 220.37 3.19486
0 3 50 216.916 54.7189 213.987 54.3692 212.491 55.3151 214.137 56.2888 216.462 56.2959 216.548 55.8202 214.216 55.5139 212.088 56.6188 211.848 57.3042 207.831 56.0638 207.589 55.5286
0 3 51 228.63 4.48298 228.89 4.58823 228.653 4.69112 228.809 4.63967 228.894 4.42276 228.701 4.4964 229.23 4.61314 229.126 4.48867 228.611 4.57664 229.693 4.47043 228.554 4.56783
0 3 52 216.369 55.1353 213.258 54.8335 211.735 55.7365 213.555 56.6032 215.808 56.8975 215.87 56.1387 213.571 56.0467 211.388 56.9523 211.125 57.7687 206.876 56.5205 207.077 56.0445
0 3 53 225.751 3.84044 225.764 3.67917 226.086 3.70251 225.465 3.80063 225.561 3.88719 225.726 3.73563 225.537 3.80561 226.009 3.72303 225.634 3.77678 226.696 3.86285 225.731 3.83571
0 3 54 219.423 54.9416 216.235 54.4979 214.956 55.7292 216.324 56.8109 218.659 56.6758 219.171 55.9682 216.278 55.8491 214.275 56.9635 214.459 57.7145 209.974 56.5513 210.378 56.1114
0 3 55 228.653 4.62305 228.475 4.65396 228.29 4.62903 228.424 4.68105 228.239 4.56967 228.208 4.70454 228.473 4.63544 228.795 4.77273 228.375 4.64568 228.95 4.49839 228.345 4.76487
0 3 56 218.073 54.1535 214.987 53.588 213.599 55.2235 214.696 55.8054 217.464 56.0477 217.91 55.1219 215.049 54.9573 213.373 56.0494 213.222 56.8907 208.044 55.6857 208.994 55.4183
0 3 57 220.5 3.66579 220.639 3.5226 220.735 3.5655 220.483 3.56226 220.561 3.81474 220.631 3.56551 220.676 3.75966 220.698 3.67189 220.375 3.69248 221.717 3.73402 220.753 3.68673
0 3 58 222.035 54.6848 219.204 54.2275 217.713 55.6465 218.889 56.2396 221.878 56.5162 221.793 55.6487 219.243 55.6927 217.453 56.4889 216.987 57.437 214.565 56.3916 228.602 56.3465
0 3 59 216.808 4.1753 216.955 4.09939 216.983 4.30334 217.029 4.3754 217.143 4.3484 217.007 4.37527 217.169 4.21218 216.975 4.15552 216.952 4.30415 217.993 4.30546 216.694 4.23419
0 3 60 219.59 20.6956 218.237 20.4893 218.061 20.9664 218.916 21.2802 219.437 21.2759 219.551 20.9772 218.575 20.9949 217.958 21.2904 218.031 21.4235 215.564 21.0935 216.387 21.0457
0 3 61 224.786 3.58025 224.837 3.58028 224.729 3.67145 224.29 3.6072 224.31 3.75977 224.8 3.81445 224.871 3.66747 224.8 3.86523 224.55 3.63669 225.325 3.4856 224.485 3.79101
0 3 62 212.878 55.0481 209.995 54.5768 208.493 55.8767 209.902 56.6409 212.518 56.7882 212.739 55.9766 210.124 55.8135 208.24 56.8325 208.072 57.7305 202.682 56.3969 203.836 55.9283
0 3 63 233.574 3.67594 233.609 3.54854 233.504 3.73738 233.541 3.53162 233.597 3.57639 233.755 3.66128 233.889 3.68357 233.742 3.57595 233.38 3.53236 234.381 3.60858 233.388 3.6872
