layer posid   cid   s_u   s_v     u     v   ski  chan ctype         x         y
    1     4     6     0     0    -3     7     1    58     3   -68.212    -5.626
    1     3     7     0     0    -4     7     1    58     3   -68.212     5.626
    1     4    16     0     0    -1     6     1    50     2   -58.467   -22.504
    1     0    17     0     0    -2     6     1    53     0   -58.467   -11.252
    1     0    18     0     0    -3     6     1    54     0   -58.467    -0.000
    1     0    19     0     0    -4     6     1    59     0   -58.467    11.252
    1     3    20     0     0    -5     6     1    61     2   -58.467    22.504
    1     4    26     0     0     1     5     1    45     2   -48.723   -39.382
    1     0    27     0     0     0     5     1    46     0   -48.723   -28.130
    1     0    28     0     0    -1     5     1    48     0   -48.723   -16.878
    1     0    29     0     0    -2     5     1    52     0   -48.723    -5.626
    1     0    30     0     0    -3     5     1    55     0   -48.723     5.626
    1     0    31     0     0    -4     5     1    60     0   -48.723    16.878
    1     0    32     0     0    -5     5     1     1     0   -48.723    28.130
    1     3    33     0     0    -6     5     1     4     2   -48.723    39.382
    1     4    36     0     0     3     4     1    38     3   -38.978   -56.260
    1     0    37     0     0     2     4     1    39     0   -38.978   -45.008
    1     0    38     0     0     1     4     1    41     0   -38.978   -33.756
    1     0    39     0     0     0     4     1    44     0   -38.978   -22.504
    1     0    40     0     0    -1     4     1    47     0   -38.978   -11.252
    1     0    41     0     0    -2     4     1    51     0   -38.978    -0.000
    1     0    42     0     0    -3     4     1    56     0   -38.978    11.252
    1     0    43     0     0    -4     4     1    62     0   -38.978    22.504
    1     0    44     0     0    -5     4     1     3     0   -38.978    33.756
    1     0    45     0     0    -6     4     1     5     0   -38.978    45.008
    1     3    46     0     0    -7     4     1     7     3   -38.978    56.260
    1     5    47     0     0     4     3     1    38     3   -29.234   -61.886
    1     0    48     0     0     3     3     1    34     0   -29.234   -50.634
    1     0    49     0     0     2     3     1    36     0   -29.234   -39.382
    1     0    50     0     0     1     3     1    37     0   -29.234   -28.130
    1     0    51     0     0     0     3     1    40     0   -29.234   -16.878
    1     0    52     0     0    -1     3     1    43     0   -29.234    -5.626
    1     0    53     0     0    -2     3     1    49     0   -29.234     5.626
    1     0    54     0     0    -3     3     1    57     0   -29.234    16.878
    1     0    55     0     0    -4     3     1     2     0   -29.234    28.130
    1     0    56     0     0    -5     3     1     6     0   -29.234    39.382
    1     0    57     0     0    -6     3     1     8     0   -29.234    50.634
    1     2    58     0     0    -7     3     1     7     3   -29.234    61.886
    1     0    59     0     0     4     2     1    29     0   -19.489   -56.260
    1     0    60     0     0     3     2     1    30     0   -19.489   -45.008
    1     0    61     0     0     2     2     1    31     0   -19.489   -33.756
    1     0    62     0     0     1     2     1    32     0   -19.489   -22.504
    1     0    63     0     0     0     2     1    33     0   -19.489   -11.252
    1     0    64     0     0    -1     2     1    35     4   -19.489    -0.000
    1     0    65     0     0    -2     2     1    42     0   -19.489    11.252
    1     0    66     0     0    -3     2     1    63     0   -19.489    22.504
    1     0    67     0     0    -4     2     1     9     0   -19.489    33.756
    1     0    68     0     0    -5     2     1    10     0   -19.489    45.008
    1     0    69     0     0    -6     2     1    11     0   -19.489    56.260
    1     5    70     0     0     5     1     1    28     2    -9.745   -61.886
    1     0    71     0     0     4     1     1    27     0    -9.745   -50.634
    1     0    72     0     0     3     1     1    26     0    -9.745   -39.382
    1     0    73     0     0     2     1     1    25     0    -9.745   -28.130
    1     0    74     0     0     1     1     1    24     0    -9.745   -16.878
    1     0    75     0     0     0     1     1    23     0    -9.745    -5.626
    1     0    76     0     0    -1     1     1    22     0    -9.745     5.626
    1     0    77     0     0    -2     1     1    20     0    -9.745    16.878
    1     0    78     0     0    -3     1     1    16     0    -9.745    28.130
    1     0    79     0     0    -4     1     1    13     0    -9.745    39.382
    1     0    80     0     0    -5     1     1    12     5    -9.745    50.634
    1     2    81     0     0    -6     1     1    12     5    -9.745    61.886
    1     0    82     0     0     5     0     2    56     0    -0.000   -56.260
    1     0    83     0     0     4     0     2    57     0    -0.000   -45.008
    1     0    84     0     0     3     0     2    59     0    -0.000   -33.756
    1     0    85     0     0     2     0     2    60     0    -0.000   -22.504
    1     0    86     0     0     1     0     2    62     0    -0.000   -11.252
    1     0    87     0     0     0     0     1    21     0    -0.000    -0.000
    1     0    88     0     0    -1     0     1    19     0     0.000    11.252
    1     0    89     0     0    -2     0     1    18     0     0.000    22.504
    1     0    90     0     0    -3     0     1    17     0     0.000    33.756
    1     0    91     0     0    -4     0     1    15     0     0.000    45.008
    1     0    92     0     0    -5     0     1    14     0     0.000    56.260
    1     5    93     0     0     6    -1     2    52     2     9.745   -61.886
    1     0    94     0     0     5    -1     2    53     0     9.745   -50.634
    1     0    95     0     0     4    -1     2    55     0     9.745   -39.382
    1     0    96     0     0     3    -1     2    58     0     9.745   -28.130
    1     0    97     0     0     2    -1     2    61     0     9.745   -16.878
    1     0    98     0     0     1    -1     2     1     0     9.745    -5.626
    1     0    99     0     0     0    -1     2     2     0     9.745     5.626
    1     0   100     0     0    -1    -1     2     3     0     9.745    16.878
    1     0   101     0     0    -2    -1     2     5     0     9.745    28.130
    1     0   102     0     0    -3    -1     2     6     0     9.745    39.382
    1     0   103     0     0    -4    -1     2     7     0     9.745    50.634
    1     2   104     0     0    -5    -1     2     9     2     9.745    61.886
    1     0   105     0     0     6    -2     2    49     0    19.489   -56.260
    1     0   106     0     0     5    -2     2    50     0    19.489   -45.008
    1     0   107     0     0     4    -2     2    51     0    19.489   -33.756
    1     0   108     0     0     3    -2     2    54     0    19.489   -22.504
    1     0   109     0     0     2    -2     2    63     0    19.489   -11.252
    1     0   110     0     0     1    -2     2     4     0    19.489     0.000
    1     0   111     0     0     0    -2     2     8     0    19.489    11.252
    1     0   112     0     0    -1    -2     2    10     0    19.489    22.504
    1     0   113     0     0    -2    -2     2    11     0    19.489    33.756
    1     0   114     0     0    -3    -2     2    12     0    19.489    45.008
    1     0   115     0     0    -4    -2     2    13     0    19.489    56.260
    1     5   116     0     0     7    -3     2    48     3    29.234   -61.886
    1     0   117     0     0     6    -3     2    47     0    29.234   -50.634
    1     0   118     0     0     5    -3     2    46     0    29.234   -39.382
    1     0   119     0     0     4    -3     2    45     0    29.234   -28.130
    1     0   120     0     0     3    -3     2    41     0    29.234   -16.878
    1     0   121     0     0     2    -3     2    27     0    29.234    -5.626
    1     0   122     0     0     1    -3     2    20     0    29.234     5.626
    1     0   123     0     0     0    -3     2    18     0    29.234    16.878
    1     0   124     0     0    -1    -3     2    17     0    29.234    28.130
    1     0   125     0     0    -2    -3     2    16     0    29.234    39.382
    1     0   126     0     0    -3    -3     2    15     0    29.234    50.634
    1     2   127     0     0    -4    -3     2    14     3    29.234    61.886
    1     6   128     0     0     7    -4     2    48     3    38.978   -56.260
    1     0   129     0     0     6    -4     2    44     0    38.978   -45.008
    1     0   130     0     0     5    -4     2    43     0    38.978   -33.756
    1     0   131     0     0     4    -4     2    40     0    38.978   -22.504
    1     0   132     0     0     3    -4     2    35     0    38.978   -11.252
    1     0   133     0     0     2    -4     2    29     4    38.978     0.000
    1     0   134     0     0     1    -4     2    25     0    38.978    11.252
    1     0   135     0     0     0    -4     2    22     0    38.978    22.504
    1     0   136     0     0    -1    -4     2    21     0    38.978    33.756
    1     0   137     0     0    -2    -4     2    19     0    38.978    45.008
    1     1   138     0     0    -3    -4     2    14     3    38.978    56.260
    1     6   141     0     0     6    -5     2    42     2    48.723   -39.382
    1     0   142     0     0     5    -5     2    39     0    48.723   -28.130
    1     0   143     0     0     4    -5     2    37     0    48.723   -16.878
    1     0   144     0     0     3    -5     2    34     0    48.723    -5.626
    1     0   145     0     0     2    -5     2    30     0    48.723     5.626
    1     0   146     0     0     1    -5     2    26     0    48.723    16.878
    1     0   147     0     0     0    -5     2    24     0    48.723    28.130
    1     1   148     0     0    -1    -5     2    23     2    48.723    39.382
    1     6   154     0     0     5    -6     2    38     2    58.467   -22.504
    1     0   155     0     0     4    -6     2    36     0    58.467   -11.252
    1     0   156     0     0     3    -6     2    33     0    58.467     0.000
    1     0   157     0     0     2    -6     2    31     0    58.467    11.252
    1     1   158     0     0     1    -6     2    28     2    58.467    22.504
    1     6   167     0     0     4    -7     2    32     3    68.212    -5.626
    1     1   168     0     0     3    -7     2    32     3    68.212     5.626
    2     4     6     0     0    -3     7     4    32     3   -68.212    -5.626
    2     3     7     0     0    -4     7     4    32     0   -68.212     5.626
    2     4    16     0     0    -1     6     4    38     2   -58.467   -22.504
    2     0    17     0     0    -2     6     4    36     0   -58.467   -11.252
    2     0    18     0     0    -3     6     4    33     0   -58.467    -0.000
    2     0    19     0     0    -4     6     4    31     0   -58.467    11.252
    2     3    20     0     0    -5     6     4    28     0   -58.467    22.504
    2     4    26     0     0     1     5     4    42     0   -48.723   -39.382
    2     0    27     0     0     0     5     4    39     2   -48.723   -28.130
    2     0    28     0     0    -1     5     4    37     0   -48.723   -16.878
    2     0    29     0     0    -2     5     4    34     0   -48.723    -5.626
    2     0    30     0     0    -3     5     4    30     4   -48.723     5.626
    2     0    31     0     0    -4     5     4    26     0   -48.723    16.878
    2     0    32     0     0    -5     5     4    24     2   -48.723    28.130
    2     3    33     0     0    -6     5     4    23     0   -48.723    39.382
    2     4    36     0     0     3     4     4    48     0   -38.978   -56.260
    2     0    37     0     0     2     4     4    44     0   -38.978   -45.008
    2     0    38     0     0     1     4     4    43     2   -38.978   -33.756
    2     0    39     0     0     0     4     4    40     0   -38.978   -22.504
    2     0    40     0     0    -1     4     4    35     0   -38.978   -11.252
    2     0    41     0     0    -2     4     4    29     2   -38.978    -0.000
    2     0    42     0     0    -3     4     4    25     0   -38.978    11.252
    2     0    43     0     0    -4     4     4    22     0   -38.978    22.504
    2     0    44     0     0    -5     4     4    21     0   -38.978    33.756
    2     0    45     0     0    -6     4     4    19     0   -38.978    45.008
    2     3    46     0     0    -7     4     4    14     0   -38.978    56.260
    2     5    47     0     0     4     3     4    48     3   -29.234   -61.886
    2     0    48     0     0     3     3     4    47     0   -29.234   -50.634
    2     0    49     0     0     2     3     4    46     0   -29.234   -39.382
    2     0    50     0     0     1     3     4    45     0   -29.234   -28.130
    2     0    51     0     0     0     3     4    41     0   -29.234   -16.878
    2     0    52     0     0    -1     3     4    27     0   -29.234    -5.626
    2     0    53     0     0    -2     3     4    20     0   -29.234     5.626
    2     0    54     0     0    -3     3     4    18     0   -29.234    16.878
    2     0    55     0     0    -4     3     4    17     0   -29.234    28.130
    2     0    56     0     0    -5     3     4    16     0   -29.234    39.382
    2     0    57     0     0    -6     3     4    15     3   -29.234    50.634
    2     2    58     0     0    -7     3     4    14     0   -29.234    61.886
    2     0    59     0     0     4     2     4    49     0   -19.489   -56.260
    2     0    60     0     0     3     2     4    50     0   -19.489   -45.008
    2     0    61     0     0     2     2     4    51     0   -19.489   -33.756
    2     0    62     0     0     1     2     4    54     0   -19.489   -22.504
    2     0    63     0     0     0     2     4    63     0   -19.489   -11.252
    2     0    64     0     0    -1     2     4     4     0   -19.489    -0.000
    2     0    65     0     0    -2     2     4     8     0   -19.489    11.252
    2     0    66     0     0    -3     2     4    10     2   -19.489    22.504
    2     0    67     0     0    -4     2     4    11     0   -19.489    33.756
    2     0    68     0     0    -5     2     4    12     0   -19.489    45.008
    2     0    69     0     0    -6     2     4    13     0   -19.489    56.260
    2     5    70     0     0     5     1     4    52     2    -9.745   -61.886
    2     0    71     0     0     4     1     4    53     0    -9.745   -50.634
    2     0    72     0     0     3     1     4    55     0    -9.745   -39.382
    2     0    73     0     0     2     1     4    58     0    -9.745   -28.130
    2     0    74     0     0     1     1     4    61     0    -9.745   -16.878
    2     0    75     0     0     0     1     4     1     0    -9.745    -5.626
    2     0    76     0     0    -1     1     4     2     0    -9.745     5.626
    2     0    77     0     0    -2     1     4     3     0    -9.745    16.878
    2     0    78     0     0    -3     1     4     5     0    -9.745    28.130
    2     0    79     0     0    -4     1     4     6     0    -9.745    39.382
    2     0    80     0     0    -5     1     4     7     0    -9.745    50.634
    2     2    81     0     0    -6     1     4     9     0    -9.745    61.886
    2     0    82     0     0     5     0     4    56     0    -0.000   -56.260
    2     0    83     0     0     4     0     4    57     0    -0.000   -45.008
    2     0    84     0     0     3     0     4    59     0    -0.000   -33.756
    2     0    85     0     0     2     0     4    60     0    -0.000   -22.504
    2     0    86     0     0     1     0     4    62     0    -0.000   -11.252
    2     0    87     0     0     0     0     3    21     0    -0.000    -0.000
    2     0    88     0     0    -1     0     3    19     0     0.000    11.252
    2     0    89     0     0    -2     0     3    18     0     0.000    22.504
    2     0    90     0     0    -3     0     3    17     0     0.000    33.756
    2     0    91     0     0    -4     0     3    15     0     0.000    45.008
    2     0    92     0     0    -5     0     3    14     0     0.000    56.260
    2     5    93     0     0     6    -1     3    28     2     9.745   -61.886
    2     0    94     0     0     5    -1     3    27     0     9.745   -50.634
    2     0    95     0     0     4    -1     3    26     0     9.745   -39.382
    2     0    96     0     0     3    -1     3    25     0     9.745   -28.130
    2     0    97     0     0     2    -1     3    24     0     9.745   -16.878
    2     0    98     0     0     1    -1     3    23     0     9.745    -5.626
    2     0    99     0     0     0    -1     3    22     0     9.745     5.626
    2     0   100     0     0    -1    -1     3    20     0     9.745    16.878
    2     0   101     0     0    -2    -1     3    16     0     9.745    28.130
    2     0   102     0     0    -3    -1     3    13     0     9.745    39.382
    2     0   103     0     0    -4    -1     3    12     5     9.745    50.634
    2     2   104     0     0    -5    -1     3    12     5     9.745    61.886
    2     0   105     0     0     6    -2     3    29     0    19.489   -56.260
    2     0   106     0     0     5    -2     3    30     0    19.489   -45.008
    2     0   107     0     0     4    -2     3    31     0    19.489   -33.756
    2     0   108     0     0     3    -2     3    32     0    19.489   -22.504
    2     0   109     0     0     2    -2     3    33     0    19.489   -11.252
    2     0   110     0     0     1    -2     3    35     4    19.489     0.000
    2     0   111     0     0     0    -2     3    42     0    19.489    11.252
    2     0   112     0     0    -1    -2     3    63     0    19.489    22.504
    2     0   113     0     0    -2    -2     3     9     0    19.489    33.756
    2     0   114     0     0    -3    -2     3    10     0    19.489    45.008
    2     0   115     0     0    -4    -2     3    11     0    19.489    56.260
    2     5   116     0     0     7    -3     3    38     3    29.234   -61.886
    2     0   117     0     0     6    -3     3    34     0    29.234   -50.634
    2     0   118     0     0     5    -3     3    36     0    29.234   -39.382
    2     0   119     0     0     4    -3     3    37     0    29.234   -28.130
    2     0   120     0     0     3    -3     3    40     0    29.234   -16.878
    2     0   121     0     0     2    -3     3    43     0    29.234    -5.626
    2     0   122     0     0     1    -3     3    49     0    29.234     5.626
    2     0   123     0     0     0    -3     3    57     0    29.234    16.878
    2     0   124     0     0    -1    -3     3     2     0    29.234    28.130
    2     0   125     0     0    -2    -3     3     6     0    29.234    39.382
    2     0   126     0     0    -3    -3     3     8     0    29.234    50.634
    2     2   127     0     0    -4    -3     3     7     3    29.234    61.886
    2     6   128     0     0     7    -4     3    38     3    38.978   -56.260
    2     0   129     0     0     6    -4     3    39     0    38.978   -45.008
    2     0   130     0     0     5    -4     3    41     0    38.978   -33.756
    2     0   131     0     0     4    -4     3    44     0    38.978   -22.504
    2     0   132     0     0     3    -4     3    47     0    38.978   -11.252
    2     0   133     0     0     2    -4     3    51     0    38.978     0.000
    2     0   134     0     0     1    -4     3    56     0    38.978    11.252
    2     0   135     0     0     0    -4     3    62     0    38.978    22.504
    2     0   136     0     0    -1    -4     3     3     0    38.978    33.756
    2     0   137     0     0    -2    -4     3     5     0    38.978    45.008
    2     1   138     0     0    -3    -4     3     7     3    38.978    56.260
    2     6   141     0     0     6    -5     3    45     2    48.723   -39.382
    2     0   142     0     0     5    -5     3    46     0    48.723   -28.130
    2     0   143     0     0     4    -5     3    48     0    48.723   -16.878
    2     0   144     0     0     3    -5     3    52     0    48.723    -5.626
    2     0   145     0     0     2    -5     3    55     0    48.723     5.626
    2     0   146     0     0     1    -5     3    60     0    48.723    16.878
    2     0   147     0     0     0    -5     3     1     0    48.723    28.130
    2     1   148     0     0    -1    -5     3     4     2    48.723    39.382
    2     6   154     0     0     5    -6     3    50     2    58.467   -22.504
    2     0   155     0     0     4    -6     3    53     0    58.467   -11.252
    2     0   156     0     0     3    -6     3    54     0    58.467     0.000
    2     0   157     0     0     2    -6     3    59     0    58.467    11.252
    2     1   158     0     0     1    -6     3    61     2    58.467    22.504
    2     6   167     0     0     4    -7     3    58     3    68.212    -5.626
    2     1   168     0     0     3    -7     3    58     3    68.212     5.626
    3     4     6     0     0    -3     7     5    58     3   -68.212    -5.626
    3     3     7     0     0    -4     7     5    58     3   -68.212     5.626
    3     4    16     0     0    -1     6     5    50     2   -58.467   -22.504
    3     0    17     0     0    -2     6     5    53     0   -58.467   -11.252
    3     0    18     0     0    -3     6     5    54     0   -58.467    -0.000
    3     0    19     0     0    -4     6     5    59     0   -58.467    11.252
    3     3    20     0     0    -5     6     5    61     2   -58.467    22.504
    3     4    26     0     0     1     5     5    45     2   -48.723   -39.382
    3     0    27     0     0     0     5     5    46     0   -48.723   -28.130
    3     0    28     0     0    -1     5     5    48     0   -48.723   -16.878
    3     0    29     0     0    -2     5     5    52     0   -48.723    -5.626
    3     0    30     0     0    -3     5     5    55     0   -48.723     5.626
    3     0    31     0     0    -4     5     5    60     0   -48.723    16.878
    3     0    32     0     0    -5     5     5     1     0   -48.723    28.130
    3     3    33     0     0    -6     5     5     4     2   -48.723    39.382
    3     4    36     0     0     3     4     5    38     3   -38.978   -56.260
    3     0    37     0     0     2     4     5    39     0   -38.978   -45.008
    3     0    38     0     0     1     4     5    41     0   -38.978   -33.756
    3     0    39     0     0     0     4     5    44     0   -38.978   -22.504
    3     0    40     0     0    -1     4     5    47     0   -38.978   -11.252
    3     0    41     0     0    -2     4     5    51     0   -38.978    -0.000
    3     0    42     0     0    -3     4     5    56     0   -38.978    11.252
    3     0    43     0     0    -4     4     5    62     0   -38.978    22.504
    3     0    44     0     0    -5     4     5     3     0   -38.978    33.756
    3     0    45     0     0    -6     4     5     5     0   -38.978    45.008
    3     3    46     0     0    -7     4     5     7     3   -38.978    56.260
    3     5    47     0     0     4     3     5    38     3   -29.234   -61.886
    3     0    48     0     0     3     3     5    34     0   -29.234   -50.634
    3     0    49     0     0     2     3     5    36     0   -29.234   -39.382
    3     0    50     0     0     1     3     5    37     0   -29.234   -28.130
    3     0    51     0     0     0     3     5    40     0   -29.234   -16.878
    3     0    52     0     0    -1     3     5    43     0   -29.234    -5.626
    3     0    53     0     0    -2     3     5    49     0   -29.234     5.626
    3     0    54     0     0    -3     3     5    57     0   -29.234    16.878
    3     0    55     0     0    -4     3     5     2     0   -29.234    28.130
    3     0    56     0     0    -5     3     5     6     0   -29.234    39.382
    3     0    57     0     0    -6     3     5     8     0   -29.234    50.634
    3     2    58     0     0    -7     3     5     7     3   -29.234    61.886
    3     0    59     0     0     4     2     5    29     0   -19.489   -56.260
    3     0    60     0     0     3     2     5    30     0   -19.489   -45.008
    3     0    61     0     0     2     2     5    31     0   -19.489   -33.756
    3     0    62     0     0     1     2     5    32     0   -19.489   -22.504
    3     0    63     0     0     0     2     5    33     0   -19.489   -11.252
    3     0    64     0     0    -1     2     5    35     4   -19.489    -0.000
    3     0    65     0     0    -2     2     5    42     0   -19.489    11.252
    3     0    66     0     0    -3     2     5    63     0   -19.489    22.504
    3     0    67     0     0    -4     2     5     9     0   -19.489    33.756
    3     0    68     0     0    -5     2     5    10     0   -19.489    45.008
    3     0    69     0     0    -6     2     5    11     0   -19.489    56.260
    3     5    70     0     0     5     1     5    28     2    -9.745   -61.886
    3     0    71     0     0     4     1     5    27     0    -9.745   -50.634
    3     0    72     0     0     3     1     5    26     0    -9.745   -39.382
    3     0    73     0     0     2     1     5    25     0    -9.745   -28.130
    3     0    74     0     0     1     1     5    24     0    -9.745   -16.878
    3     0    75     0     0     0     1     5    23     0    -9.745    -5.626
    3     0    76     0     0    -1     1     5    22     0    -9.745     5.626
    3     0    77     0     0    -2     1     5    20     0    -9.745    16.878
    3     0    78     0     0    -3     1     5    16     0    -9.745    28.130
    3     0    79     0     0    -4     1     5    13     0    -9.745    39.382
    3     0    80     0     0    -5     1     5    12     5    -9.745    50.634
    3     2    81     0     0    -6     1     5    12     5    -9.745    61.886
    3     0    82     0     0     5     0     6    56     0    -0.000   -56.260
    3     0    83     0     0     4     0     6    57     0    -0.000   -45.008
    3     0    84     0     0     3     0     6    59     0    -0.000   -33.756
    3     0    85     0     0     2     0     6    60     0    -0.000   -22.504
    3     0    86     0     0     1     0     6    62     0    -0.000   -11.252
    3     0    87     0     0     0     0     5    21     0    -0.000    -0.000
    3     0    88     0     0    -1     0     5    19     0     0.000    11.252
    3     0    89     0     0    -2     0     5    18     0     0.000    22.504
    3     0    90     0     0    -3     0     5    17     0     0.000    33.756
    3     0    91     0     0    -4     0     5    15     0     0.000    45.008
    3     0    92     0     0    -5     0     5    14     0     0.000    56.260
    3     5    93     0     0     6    -1     6    52     2     9.745   -61.886
    3     0    94     0     0     5    -1     6    53     0     9.745   -50.634
    3     0    95     0     0     4    -1     6    55     0     9.745   -39.382
    3     0    96     0     0     3    -1     6    58     0     9.745   -28.130
    3     0    97     0     0     2    -1     6    61     0     9.745   -16.878
    3     0    98     0     0     1    -1     6     1     0     9.745    -5.626
    3     0    99     0     0     0    -1     6     2     0     9.745     5.626
    3     0   100     0     0    -1    -1     6     3     0     9.745    16.878
    3     0   101     0     0    -2    -1     6     5     0     9.745    28.130
    3     0   102     0     0    -3    -1     6     6     0     9.745    39.382
    3     0   103     0     0    -4    -1     6     7     0     9.745    50.634
    3     2   104     0     0    -5    -1     6     9     2     9.745    61.886
    3     0   105     0     0     6    -2     6    49     0    19.489   -56.260
    3     0   106     0     0     5    -2     6    50     0    19.489   -45.008
    3     0   107     0     0     4    -2     6    51     0    19.489   -33.756
    3     0   108     0     0     3    -2     6    54     0    19.489   -22.504
    3     0   109     0     0     2    -2     6    63     0    19.489   -11.252
    3     0   110     0     0     1    -2     6     4     0    19.489     0.000
    3     0   111     0     0     0    -2     6     8     0    19.489    11.252
    3     0   112     0     0    -1    -2     6    10     0    19.489    22.504
    3     0   113     0     0    -2    -2     6    11     0    19.489    33.756
    3     0   114     0     0    -3    -2     6    12     0    19.489    45.008
    3     0   115     0     0    -4    -2     6    13     0    19.489    56.260
    3     5   116     0     0     7    -3     6    48     3    29.234   -61.886
    3     0   117     0     0     6    -3     6    47     0    29.234   -50.634
    3     0   118     0     0     5    -3     6    46     0    29.234   -39.382
    3     0   119     0     0     4    -3     6    45     0    29.234   -28.130
    3     0   120     0     0     3    -3     6    41     0    29.234   -16.878
    3     0   121     0     0     2    -3     6    27     0    29.234    -5.626
    3     0   122     0     0     1    -3     6    20     0    29.234     5.626
    3     0   123     0     0     0    -3     6    18     0    29.234    16.878
    3     0   124     0     0    -1    -3     6    17     0    29.234    28.130
    3     0   125     0     0    -2    -3     6    16     0    29.234    39.382
    3     0   126     0     0    -3    -3     6    15     0    29.234    50.634
    3     2   127     0     0    -4    -3     6    14     3    29.234    61.886
    3     6   128     0     0     7    -4     6    48     3    38.978   -56.260
    3     0   129     0     0     6    -4     6    44     0    38.978   -45.008
    3     0   130     0     0     5    -4     6    43     0    38.978   -33.756
    3     0   131     0     0     4    -4     6    40     0    38.978   -22.504
    3     0   132     0     0     3    -4     6    35     0    38.978   -11.252
    3     0   133     0     0     2    -4     6    29     4    38.978     0.000
    3     0   134     0     0     1    -4     6    25     0    38.978    11.252
    3     0   135     0     0     0    -4     6    22     0    38.978    22.504
    3     0   136     0     0    -1    -4     6    21     0    38.978    33.756
    3     0   137     0     0    -2    -4     6    19     0    38.978    45.008
    3     1   138     0     0    -3    -4     6    14     3    38.978    56.260
    3     6   141     0     0     6    -5     6    42     2    48.723   -39.382
    3     0   142     0     0     5    -5     6    39     0    48.723   -28.130
    3     0   143     0     0     4    -5     6    37     0    48.723   -16.878
    3     0   144     0     0     3    -5     6    34     0    48.723    -5.626
    3     0   145     0     0     2    -5     6    30     0    48.723     5.626
    3     0   146     0     0     1    -5     6    26     0    48.723    16.878
    3     0   147     0     0     0    -5     6    24     0    48.723    28.130
    3     1   148     0     0    -1    -5     6    23     2    48.723    39.382
    3     6   154     0     0     5    -6     6    38     2    58.467   -22.504
    3     0   155     0     0     4    -6     6    36     0    58.467   -11.252
    3     0   156     0     0     3    -6     6    33     0    58.467     0.000
    3     0   157     0     0     2    -6     6    31     0    58.467    11.252
    3     1   158     0     0     1    -6     6    28     2    58.467    22.504
    3     6   167     0     0     4    -7     6    32     3    68.212    -5.626
    3     1   168     0     0     3    -7     6    32     3    68.212     5.626
    4     4     6     0     0    -3     7     8    32     3   -68.212    -5.626
    4     3     7     0     0    -4     7     8    32     0   -68.212     5.626
    4     4    16     0     0    -1     6     8    38     2   -58.467   -22.504
    4     0    17     0     0    -2     6     8    36     0   -58.467   -11.252
    4     0    18     0     0    -3     6     8    33     0   -58.467    -0.000
    4     0    19     0     0    -4     6     8    31     0   -58.467    11.252
    4     3    20     0     0    -5     6     8    28     0   -58.467    22.504
    4     4    26     0     0     1     5     8    42     0   -48.723   -39.382
    4     0    27     0     0     0     5     8    39     2   -48.723   -28.130
    4     0    28     0     0    -1     5     8    37     0   -48.723   -16.878
    4     0    29     0     0    -2     5     8    34     0   -48.723    -5.626
    4     0    30     0     0    -3     5     8    30     4   -48.723     5.626
    4     0    31     0     0    -4     5     8    26     0   -48.723    16.878
    4     0    32     0     0    -5     5     8    24     2   -48.723    28.130
    4     3    33     0     0    -6     5     8    23     0   -48.723    39.382
    4     4    36     0     0     3     4     8    48     0   -38.978   -56.260
    4     0    37     0     0     2     4     8    44     0   -38.978   -45.008
    4     0    38     0     0     1     4     8    43     2   -38.978   -33.756
    4     0    39     0     0     0     4     8    40     0   -38.978   -22.504
    4     0    40     0     0    -1     4     8    35     0   -38.978   -11.252
    4     0    41     0     0    -2     4     8    29     2   -38.978    -0.000
    4     0    42     0     0    -3     4     8    25     0   -38.978    11.252
    4     0    43     0     0    -4     4     8    22     0   -38.978    22.504
    4     0    44     0     0    -5     4     8    21     0   -38.978    33.756
    4     0    45     0     0    -6     4     8    19     0   -38.978    45.008
    4     3    46     0     0    -7     4     8    14     0   -38.978    56.260
    4     5    47     0     0     4     3     8    48     3   -29.234   -61.886
    4     0    48     0     0     3     3     8    47     0   -29.234   -50.634
    4     0    49     0     0     2     3     8    46     0   -29.234   -39.382
    4     0    50     0     0     1     3     8    45     0   -29.234   -28.130
    4     0    51     0     0     0     3     8    41     0   -29.234   -16.878
    4     0    52     0     0    -1     3     8    27     0   -29.234    -5.626
    4     0    53     0     0    -2     3     8    20     0   -29.234     5.626
    4     0    54     0     0    -3     3     8    18     0   -29.234    16.878
    4     0    55     0     0    -4     3     8    17     0   -29.234    28.130
    4     0    56     0     0    -5     3     8    16     0   -29.234    39.382
    4     0    57     0     0    -6     3     8    15     3   -29.234    50.634
    4     2    58     0     0    -7     3     8    14     0   -29.234    61.886
    4     0    59     0     0     4     2     8    49     0   -19.489   -56.260
    4     0    60     0     0     3     2     8    50     0   -19.489   -45.008
    4     0    61     0     0     2     2     8    51     0   -19.489   -33.756
    4     0    62     0     0     1     2     8    54     0   -19.489   -22.504
    4     0    63     0     0     0     2     8    63     0   -19.489   -11.252
    4     0    64     0     0    -1     2     8     4     0   -19.489    -0.000
    4     0    65     0     0    -2     2     8     8     0   -19.489    11.252
    4     0    66     0     0    -3     2     8    10     2   -19.489    22.504
    4     0    67     0     0    -4     2     8    11     0   -19.489    33.756
    4     0    68     0     0    -5     2     8    12     0   -19.489    45.008
    4     0    69     0     0    -6     2     8    13     0   -19.489    56.260
    4     5    70     0     0     5     1     8    52     2    -9.745   -61.886
    4     0    71     0     0     4     1     8    53     0    -9.745   -50.634
    4     0    72     0     0     3     1     8    55     0    -9.745   -39.382
    4     0    73     0     0     2     1     8    58     0    -9.745   -28.130
    4     0    74     0     0     1     1     8    61     0    -9.745   -16.878
    4     0    75     0     0     0     1     8     1     0    -9.745    -5.626
    4     0    76     0     0    -1     1     8     2     0    -9.745     5.626
    4     0    77     0     0    -2     1     8     3     0    -9.745    16.878
    4     0    78     0     0    -3     1     8     5     0    -9.745    28.130
    4     0    79     0     0    -4     1     8     6     0    -9.745    39.382
    4     0    80     0     0    -5     1     8     7     0    -9.745    50.634
    4     2    81     0     0    -6     1     8     9     0    -9.745    61.886
    4     0    82     0     0     5     0     8    56     0    -0.000   -56.260
    4     0    83     0     0     4     0     8    57     0    -0.000   -45.008
    4     0    84     0     0     3     0     8    59     0    -0.000   -33.756
    4     0    85     0     0     2     0     8    60     0    -0.000   -22.504
    4     0    86     0     0     1     0     8    62     0    -0.000   -11.252
    4     0    87     0     0     0     0     7    21     0    -0.000    -0.000
    4     0    88     0     0    -1     0     7    19     0     0.000    11.252
    4     0    89     0     0    -2     0     7    18     0     0.000    22.504
    4     0    90     0     0    -3     0     7    17     0     0.000    33.756
    4     0    91     0     0    -4     0     7    15     0     0.000    45.008
    4     0    92     0     0    -5     0     7    14     0     0.000    56.260
    4     5    93     0     0     6    -1     7    28     2     9.745   -61.886
    4     0    94     0     0     5    -1     7    27     0     9.745   -50.634
    4     0    95     0     0     4    -1     7    26     0     9.745   -39.382
    4     0    96     0     0     3    -1     7    25     0     9.745   -28.130
    4     0    97     0     0     2    -1     7    24     0     9.745   -16.878
    4     0    98     0     0     1    -1     7    23     0     9.745    -5.626
    4     0    99     0     0     0    -1     7    22     0     9.745     5.626
    4     0   100     0     0    -1    -1     7    20     0     9.745    16.878
    4     0   101     0     0    -2    -1     7    16     0     9.745    28.130
    4     0   102     0     0    -3    -1     7    13     0     9.745    39.382
    4     0   103     0     0    -4    -1     7    12     5     9.745    50.634
    4     2   104     0     0    -5    -1     7    12     5     9.745    61.886
    4     0   105     0     0     6    -2     7    29     0    19.489   -56.260
    4     0   106     0     0     5    -2     7    30     0    19.489   -45.008
    4     0   107     0     0     4    -2     7    31     0    19.489   -33.756
    4     0   108     0     0     3    -2     7    32     0    19.489   -22.504
    4     0   109     0     0     2    -2     7    33     0    19.489   -11.252
    4     0   110     0     0     1    -2     7    35     4    19.489     0.000
    4     0   111     0     0     0    -2     7    42     0    19.489    11.252
    4     0   112     0     0    -1    -2     7    63     0    19.489    22.504
    4     0   113     0     0    -2    -2     7     9     0    19.489    33.756
    4     0   114     0     0    -3    -2     7    10     0    19.489    45.008
    4     0   115     0     0    -4    -2     7    11     0    19.489    56.260
    4     5   116     0     0     7    -3     7    38     3    29.234   -61.886
    4     0   117     0     0     6    -3     7    34     0    29.234   -50.634
    4     0   118     0     0     5    -3     7    36     0    29.234   -39.382
    4     0   119     0     0     4    -3     7    37     0    29.234   -28.130
    4     0   120     0     0     3    -3     7    40     0    29.234   -16.878
    4     0   121     0     0     2    -3     7    43     0    29.234    -5.626
    4     0   122     0     0     1    -3     7    49     0    29.234     5.626
    4     0   123     0     0     0    -3     7    57     0    29.234    16.878
    4     0   124     0     0    -1    -3     7     2     0    29.234    28.130
    4     0   125     0     0    -2    -3     7     6     0    29.234    39.382
    4     0   126     0     0    -3    -3     7     8     0    29.234    50.634
    4     2   127     0     0    -4    -3     7     7     3    29.234    61.886
    4     6   128     0     0     7    -4     7    38     3    38.978   -56.260
    4     0   129     0     0     6    -4     7    39     0    38.978   -45.008
    4     0   130     0     0     5    -4     7    41     0    38.978   -33.756
    4     0   131     0     0     4    -4     7    44     0    38.978   -22.504
    4     0   132     0     0     3    -4     7    47     0    38.978   -11.252
    4     0   133     0     0     2    -4     7    51     0    38.978     0.000
    4     0   134     0     0     1    -4     7    56     0    38.978    11.252
    4     0   135     0     0     0    -4     7    62     0    38.978    22.504
    4     0   136     0     0    -1    -4     7     3     0    38.978    33.756
    4     0   137     0     0    -2    -4     7     5     0    38.978    45.008
    4     1   138     0     0    -3    -4     7     7     3    38.978    56.260
    4     6   141     0     0     6    -5     7    45     2    48.723   -39.382
    4     0   142     0     0     5    -5     7    46     0    48.723   -28.130
    4     0   143     0     0     4    -5     7    48     0    48.723   -16.878
    4     0   144     0     0     3    -5     7    52     0    48.723    -5.626
    4     0   145     0     0     2    -5     7    55     0    48.723     5.626
    4     0   146     0     0     1    -5     7    60     0    48.723    16.878
    4     0   147     0     0     0    -5     7     1     0    48.723    28.130
    4     1   148     0     0    -1    -5     7     4     2    48.723    39.382
    4     6   154     0     0     5    -6     7    50     2    58.467   -22.504
    4     0   155     0     0     4    -6     7    53     0    58.467   -11.252
    4     0   156     0     0     3    -6     7    54     0    58.467     0.000
    4     0   157     0     0     2    -6     7    59     0    58.467    11.252
    4     1   158     0     0     1    -6     7    61     2    58.467    22.504
    4     6   167     0     0     4    -7     7    58     3    68.212    -5.626
    4     1   168     0     0     3    -7     7    58     3    68.212     5.626
