SCHEME_CODE 0
# CODE  LAYER SENSOR_IX SENSOR_IV  IX  IV TYPE  VALUE
 0 1 0 0 3 -7  0 0.74559
 0 1 0 0 4 -7  0 0
 0 1 0 0 1 -6  0 0.741633
 0 1 0 0 2 -6  0 0.87468
 0 1 0 0 3 -6  0 0.876126
 0 1 0 0 4 -6  0 0.834164
 0 1 0 0 5 -6  0 0.726838
 0 1 0 0 -1 -5  0 0.724154
 0 1 0 0 0 -5  0 0.81667
 0 1 0 0 1 -5  0 0.876563
 0 1 0 0 2 -5  0 0.874989
 0 1 0 0 3 -5  0 0.845312
 0 1 0 0 4 -5  0 0.821427
 0 1 0 0 5 -5  0 0.810717
 0 1 0 0 6 -5  0 0.721681
 0 1 0 0 -3 -4  0 0
 0 1 0 0 -2 -4  0 0.795116
 0 1 0 0 -1 -4  0 0.849943
 0 1 0 0 0 -4  0 0.861454
 0 1 0 0 1 -4  0 0.894577
 0 1 0 0 2 -4  0 2.21908
 0 1 0 0 3 -4  0 0.814258
 0 1 0 0 4 -4  0 0.795369
 0 1 0 0 5 -4  0 0.797754
 0 1 0 0 6 -4  0 0.838814
 0 1 0 0 7 -4  0 0.783005
 0 1 0 0 -4 -3  0 0.756467
 0 1 0 0 -3 -3  0 0.835144
 0 1 0 0 -2 -3  0 0.835784
 0 1 0 0 -1 -3  0 0.864041
 0 1 0 0 0 -3  0 0.895778
 0 1 0 0 1 -3  0 0.882205
 0 1 0 0 2 -3  0 0.842296
 0 1 0 0 3 -3  0 0.820322
 0 1 0 0 4 -3  0 0.812827
 0 1 0 0 5 -3  0 0.858286
 0 1 0 0 6 -3  0 0.871247
 0 1 0 0 7 -3  0 0
 0 1 0 0 -4 -2  0 0.828516
 0 1 0 0 -3 -2  0 0.7992
 0 1 0 0 -2 -2  0 0.82566
 0 1 0 0 -1 -2  0 0.817192
 0 1 0 0 0 -2  0 0.89426
 0 1 0 0 1 -2  0 0.84084
 0 1 0 0 2 -2  0 0.798135
 0 1 0 0 3 -2  0 0.820406
 0 1 0 0 4 -2  0 0.806174
 0 1 0 0 5 -2  0 0.806462
 0 1 0 0 6 -2  0 0.798811
 0 1 0 0 -5 -1  0 0.782477
 0 1 0 0 -4 -1  0 0.860616
 0 1 0 0 -3 -1  0 0.816234
 0 1 0 0 -2 -1  0 0.868402
 0 1 0 0 -1 -1  0 0.895344
 0 1 0 0 0 -1  0 0.912069
 0 1 0 0 1 -1  0 0.860089
 0 1 0 0 2 -1  0 0.86094
 0 1 0 0 3 -1  0 0.86301
 0 1 0 0 4 -1  0 0.853392
 0 1 0 0 5 -1  0 0.853
 0 1 0 0 6 -1  0 0.722538
 0 1 0 0 -5 0  0 0.820684
 0 1 0 0 -4 0  0 0.828211
 0 1 0 0 -3 0  0 0.836407
 0 1 0 0 -2 0  0 0.864756
 0 1 0 0 -1 0  0 0.826686
 0 1 0 0 0 0  0 0.854643
 0 1 0 0 1 0  0 0.852077
 0 1 0 0 2 0  0 0.885642
 0 1 0 0 3 0  0 0.845281
 0 1 0 0 4 0  0 0.86537
 0 1 0 0 5 0  0 0.836477
 0 1 0 0 -6 1  0 0.918466
 0 1 0 0 -5 1  0 0
 0 1 0 0 -4 1  0 0.844609
 0 1 0 0 -3 1  0 0.81601
 0 1 0 0 -2 1  0 0.825464
 0 1 0 0 -1 1  0 0.874197
 0 1 0 0 0 1  0 0.883175
 0 1 0 0 1 1  0 0.876953
 0 1 0 0 2 1  0 0.876509
 0 1 0 0 3 1  0 0.875261
 0 1 0 0 4 1  0 0.848774
 0 1 0 0 5 1  0 0.729711
 0 1 0 0 -6 2  0 0.821112
 0 1 0 0 -5 2  0 0.793162
 0 1 0 0 -4 2  0 0.82358
 0 1 0 0 -3 2  0 0.845052
 0 1 0 0 -2 2  0 0.85153
 0 1 0 0 -1 2  0 1.90231
 0 1 0 0 0 2  0 0.88503
 0 1 0 0 1 2  0 0.85608
 0 1 0 0 2 2  0 0.82727
 0 1 0 0 3 2  0 0.862805
 0 1 0 0 4 2  0 1.66203
 0 1 0 0 -7 3  0 0.762941
 0 1 0 0 -6 3  0 0.860402
 0 1 0 0 -5 3  0 0.81818
 0 1 0 0 -4 3  0 0.819791
 0 1 0 0 -3 3  0 0.835171
 0 1 0 0 -2 3  0 0.869677
 0 1 0 0 -1 3  0 0.863438
 0 1 0 0 0 3  0 0.834061
 0 1 0 0 1 3  0 0.860566
 0 1 0 0 2 3  0 0.85821
 0 1 0 0 3 3  0 0.877186
 0 1 0 0 4 3  0 0.769499
 0 1 0 0 -7 4  0 0
 0 1 0 0 -6 4  0 0.831579
 0 1 0 0 -5 4  0 0.764791
 0 1 0 0 -4 4  0 0.845812
 0 1 0 0 -3 4  0 0.856732
 0 1 0 0 -2 4  0 0.87991
 0 1 0 0 -1 4  0 0.850778
 0 1 0 0 0 4  0 0.867599
 0 1 0 0 1 4  0 0.847619
 0 1 0 0 2 4  0 0.805103
 0 1 0 0 3 4  0 0
 0 1 0 0 -6 5  0 0.726343
 0 1 0 0 -5 5  0 0.841946
 0 1 0 0 -4 5  0 0.857495
 0 1 0 0 -3 5  0 0.883001
 0 1 0 0 -2 5  0 0.86488
 0 1 0 0 -1 5  0 0.854102
 0 1 0 0 0 5  0 0.858621
 0 1 0 0 1 5  0 0.731186
 0 1 0 0 -5 6  0 0.742623
 0 1 0 0 -4 6  0 0.851929
 0 1 0 0 -3 6  0 0.837635
 0 1 0 0 -2 6  0 0.878899
 0 1 0 0 -1 6  0 0.73764
 0 1 0 0 -4 7  0 0.750654
 0 1 0 0 -3 7  0 0
