SCHEME_CODE 0
# CODE  LAYER SENSOR_IX SENSOR_IV  IX  IV TYPE  VALUE
 0 1 0 0 3 -7  0 221.936 0.74559
 0 1 0 0 4 -7  0 0 0
 0 1 0 0 1 -6  0 233.245 0.741633
 0 1 0 0 2 -6  0 233.337 0.87468
 0 1 0 0 3 -6  0 229.285 0.876126
 0 1 0 0 4 -6  0 229.39 0.834164
 0 1 0 0 5 -6  0 234.113 0.726838
 0 1 0 0 -1 -5  0 227.809 0.724154
 0 1 0 0 0 -5  0 234.455 0.81667
 0 1 0 0 1 -5  0 237.079 0.876563
 0 1 0 0 2 -5  0 227.195 0.874989
 0 1 0 0 3 -5  0 230.224 0.845312
 0 1 0 0 4 -5  0 231.689 0.821427
 0 1 0 0 5 -5  0 232.366 0.810717
 0 1 0 0 6 -5  0 233.947 0.721681
 0 1 0 0 -3 -4  0 0 0
 0 1 0 0 -2 -4  0 227.709 0.795116
 0 1 0 0 -1 -4  0 230.128 0.849943
 0 1 0 0 0 -4  0 236.089 0.861454
 0 1 0 0 1 -4  0 237.322 0.894577
 0 1 0 0 2 -4  0 230.621 2.21908
 0 1 0 0 3 -4  0 229.364 0.814258
 0 1 0 0 4 -4  0 233.486 0.795369
 0 1 0 0 5 -4  0 227.877 0.797754
 0 1 0 0 6 -4  0 227.377 0.838814
 0 1 0 0 7 -4  0 234.374 0.783005
 0 1 0 0 -4 -3  0 230.245 0.756467
 0 1 0 0 -3 -3  0 235.77 0.835144
 0 1 0 0 -2 -3  0 232.556 0.835784
 0 1 0 0 -1 -3  0 232.121 0.864041
 0 1 0 0 0 -3  0 233.724 0.895778
 0 1 0 0 1 -3  0 228.506 0.882205
 0 1 0 0 2 -3  0 236.503 0.842296
 0 1 0 0 3 -3  0 230.172 0.820322
 0 1 0 0 4 -3  0 222.345 0.812827
 0 1 0 0 5 -3  0 227.487 0.858286
 0 1 0 0 6 -3  0 227.141 0.871247
 0 1 0 0 7 -3  0 0 0
 0 1 0 0 -4 -2  0 230.024 0.828516
 0 1 0 0 -3 -2  0 236.726 0.7992
 0 1 0 0 -2 -2  0 233.856 0.82566
 0 1 0 0 -1 -2  0 228.98 0.817192
 0 1 0 0 0 -2  0 231.84 0.89426
 0 1 0 0 1 -2  0 233.283 0.84084
 0 1 0 0 2 -2  0 231.889 0.798135
 0 1 0 0 3 -2  0 228.135 0.820406
 0 1 0 0 4 -2  0 231.905 0.806174
 0 1 0 0 5 -2  0 230.796 0.806462
 0 1 0 0 6 -2  0 245.524 0.798811
 0 1 0 0 -5 -1  0 233.355 0.782477
 0 1 0 0 -4 -1  0 228.782 0.860616
 0 1 0 0 -3 -1  0 232.238 0.816234
 0 1 0 0 -2 -1  0 235.826 0.868402
 0 1 0 0 -1 -1  0 236.957 0.895344
 0 1 0 0 0 -1  0 237.487 0.912069
 0 1 0 0 1 -1  0 225.43 0.860089
 0 1 0 0 2 -1  0 235.073 0.86094
 0 1 0 0 3 -1  0 234.741 0.86301
 0 1 0 0 4 -1  0 220.207 0.853392
 0 1 0 0 5 -1  0 227.237 0.853
 0 1 0 0 6 -1  0 226.811 0.722538
 0 1 0 0 -5 0  0 240.626 0.820684
 0 1 0 0 -4 0  0 241.826 0.828211
 0 1 0 0 -3 0  0 241.266 0.836407
 0 1 0 0 -2 0  0 247.734 0.864756
 0 1 0 0 -1 0  0 236.812 0.826686
 0 1 0 0 0 0  0 236.493 0.854643
 0 1 0 0 1 0  0 228.05 0.852077
 0 1 0 0 2 0  0 234.093 0.885642
 0 1 0 0 3 0  0 228.71 0.845281
 0 1 0 0 4 0  0 237.466 0.86537
 0 1 0 0 5 0  0 231.681 0.836477
 0 1 0 0 -6 1  0 241.408 0.918466
 0 1 0 0 -5 1  0 0 0
 0 1 0 0 -4 1  0 239.934 0.844609
 0 1 0 0 -3 1  0 239.081 0.81601
 0 1 0 0 -2 1  0 257.748 0.825464
 0 1 0 0 -1 1  0 248.28 0.874197
 0 1 0 0 0 1  0 245.733 0.883175
 0 1 0 0 1 1  0 241.106 0.876953
 0 1 0 0 2 1  0 241.472 0.876509
 0 1 0 0 3 1  0 234.812 0.875261
 0 1 0 0 4 1  0 241.039 0.848774
 0 1 0 0 5 1  0 242.82 0.729711
 0 1 0 0 -6 2  0 242.406 0.821112
 0 1 0 0 -5 2  0 243.77 0.793162
 0 1 0 0 -4 2  0 242.678 0.82358
 0 1 0 0 -3 2  0 239.838 0.845052
 0 1 0 0 -2 2  0 243.293 0.85153
 0 1 0 0 -1 2  0 243.891 1.90231
 0 1 0 0 0 2  0 238.608 0.88503
 0 1 0 0 1 2  0 239.591 0.85608
 0 1 0 0 2 2  0 245.226 0.82727
 0 1 0 0 3 2  0 240.229 0.862805
 0 1 0 0 4 2  0 239.576 1.66203
 0 1 0 0 -7 3  0 234.056 0.762941
 0 1 0 0 -6 3  0 232.951 0.860402
 0 1 0 0 -5 3  0 240.379 0.81818
 0 1 0 0 -4 3  0 239.624 0.819791
 0 1 0 0 -3 3  0 233.859 0.835171
 0 1 0 0 -2 3  0 236.503 0.869677
 0 1 0 0 -1 3  0 243.323 0.863438
 0 1 0 0 0 3  0 236.581 0.834061
 0 1 0 0 1 3  0 234.012 0.860566
 0 1 0 0 2 3  0 236.894 0.85821
 0 1 0 0 3 3  0 242.925 0.877186
 0 1 0 0 4 3  0 239.792 0.769499
 0 1 0 0 -7 4  0 0 0
 0 1 0 0 -6 4  0 239.133 0.831579
 0 1 0 0 -5 4  0 245.028 0.764791
 0 1 0 0 -4 4  0 248.267 0.845812
 0 1 0 0 -3 4  0 237.945 0.856732
 0 1 0 0 -2 4  0 240.947 0.87991
 0 1 0 0 -1 4  0 242.666 0.850778
 0 1 0 0 0 4  0 236.927 0.867599
 0 1 0 0 1 4  0 242.78 0.847619
 0 1 0 0 2 4  0 242.749 0.805103
 0 1 0 0 3 4  0 0 0
 0 1 0 0 -6 5  0 244.584 0.726343
 0 1 0 0 -5 5  0 243.652 0.841946
 0 1 0 0 -4 5  0 240.083 0.857495
 0 1 0 0 -3 5  0 240.863 0.883001
 0 1 0 0 -2 5  0 240.365 0.86488
 0 1 0 0 -1 5  0 238.501 0.854102
 0 1 0 0 0 5  0 244.896 0.858621
 0 1 0 0 1 5  0 239.119 0.731186
 0 1 0 0 -5 6  0 240.572 0.742623
 0 1 0 0 -4 6  0 245.868 0.851929
 0 1 0 0 -3 6  0 243.087 0.837635
 0 1 0 0 -2 6  0 239.965 0.878899
 0 1 0 0 -1 6  0 241.384 0.73764
 0 1 0 0 -4 7  0 237.478 0.750654
 0 1 0 0 -3 7  0 0 0
