SCHEME_CODE 0
# CODE  LAYER SENSOR_IX SENSOR_IV  IX  IV TYPE  VALUE
 0 1 0 0 3 -7  0 2.82708
 0 1 0 0 4 -7  0 0
 0 1 0 0 1 -6  0 2.2674
 0 1 0 0 2 -6  0 5.01265
 0 1 0 0 3 -6  0 4.9337
 0 1 0 0 4 -6  0 4.41538
 0 1 0 0 5 -6  0 2.06664
 0 1 0 0 -1 -5  0 2.28906
 0 1 0 0 0 -5  0 4.41414
 0 1 0 0 1 -5  0 5.34256
 0 1 0 0 2 -5  0 5.14618
 0 1 0 0 3 -5  0 4.55782
 0 1 0 0 4 -5  0 3.90843
 0 1 0 0 5 -5  0 3.88769
 0 1 0 0 6 -5  0 2.19136
 0 1 0 0 -3 -4  0 0
 0 1 0 0 -2 -4  0 3.47643
 0 1 0 0 -1 -4  0 4.56498
 0 1 0 0 0 -4  0 5.06468
 0 1 0 0 1 -4  0 5.06686
 0 1 0 0 2 -4  0 1.2904
 0 1 0 0 3 -4  0 3.84628
 0 1 0 0 4 -4  0 3.60805
 0 1 0 0 5 -4  0 3.82105
 0 1 0 0 6 -4  0 4.21065
 0 1 0 0 7 -4  0 2.84768
 0 1 0 0 -4 -3  0 2.91564
 0 1 0 0 -3 -3  0 4.28904
 0 1 0 0 -2 -3  0 4.42542
 0 1 0 0 -1 -3  0 4.90008
 0 1 0 0 0 -3  0 5.34607
 0 1 0 0 1 -3  0 5.33138
 0 1 0 0 2 -3  0 4.57358
 0 1 0 0 3 -3  0 3.82119
 0 1 0 0 4 -3  0 3.62287
 0 1 0 0 5 -3  0 4.55971
 0 1 0 0 6 -3  0 4.53658
 0 1 0 0 7 -3  0 0
 0 1 0 0 -4 -2  0 4.2877
 0 1 0 0 -3 -2  0 4.09469
 0 1 0 0 -2 -2  0 4.68295
 0 1 0 0 -1 -2  0 4.26042
 0 1 0 0 0 -2  0 5.14087
 0 1 0 0 1 -2  0 4.9427
 0 1 0 0 2 -2  0 3.96915
 0 1 0 0 3 -2  0 4.15045
 0 1 0 0 4 -2  0 4.03865
 0 1 0 0 5 -2  0 4.15634
 0 1 0 0 6 -2  0 3.91678
 0 1 0 0 -5 -1  0 2.08502
 0 1 0 0 -4 -1  0 4.14178
 0 1 0 0 -3 -1  0 4.31319
 0 1 0 0 -2 -1  0 5.16744
 0 1 0 0 -1 -1  0 5.48823
 0 1 0 0 0 -1  0 5.22968
 0 1 0 0 1 -1  0 4.96217
 0 1 0 0 2 -1  0 4.67219
 0 1 0 0 3 -1  0 4.77934
 0 1 0 0 4 -1  0 4.82869
 0 1 0 0 5 -1  0 4.30848
 0 1 0 0 6 -1  0 2.15295
 0 1 0 0 -5 0  0 4.25923
 0 1 0 0 -4 0  0 4.1476
 0 1 0 0 -3 0  0 4.05412
 0 1 0 0 -2 0  0 4.3467
 0 1 0 0 -1 0  0 4.40871
 0 1 0 0 0 0  0 4.38017
 0 1 0 0 1 0  0 4.80231
 0 1 0 0 2 0  0 5.02494
 0 1 0 0 3 0  0 4.70166
 0 1 0 0 4 0  0 5.08605
 0 1 0 0 5 0  0 4.65565
 0 1 0 0 -6 1  0 5.2121
 0 1 0 0 -5 1  0 0
 0 1 0 0 -4 1  0 4.00542
 0 1 0 0 -3 1  0 3.97764
 0 1 0 0 -2 1  0 4.15828
 0 1 0 0 -1 1  0 4.63148
 0 1 0 0 0 1  0 4.65896
 0 1 0 0 1 1  0 5.17755
 0 1 0 0 2 1  0 5.00922
 0 1 0 0 3 1  0 5.05471
 0 1 0 0 4 1  0 4.67989
 0 1 0 0 5 1  0 2.19372
 0 1 0 0 -6 2  0 3.99005
 0 1 0 0 -5 2  0 4.02113
 0 1 0 0 -4 2  0 3.55566
 0 1 0 0 -3 2  0 3.83637
 0 1 0 0 -2 2  0 4.31385
 0 1 0 0 -1 2  0 1.32334
 0 1 0 0 0 2  0 4.60035
 0 1 0 0 1 2  0 3.86803
 0 1 0 0 2 2  0 4.30301
 0 1 0 0 3 2  0 4.50455
 0 1 0 0 4 2  0 4.46944
 0 1 0 0 -7 3  0 2.80411
 0 1 0 0 -6 3  0 4.40743
 0 1 0 0 -5 3  0 4.04432
 0 1 0 0 -4 3  0 3.33719
 0 1 0 0 -3 3  0 4.05271
 0 1 0 0 -2 3  0 4.66412
 0 1 0 0 -1 3  0 4.79232
 0 1 0 0 0 3  0 4.195
 0 1 0 0 1 3  0 4.50893
 0 1 0 0 2 3  0 4.67944
 0 1 0 0 3 3  0 4.782
 0 1 0 0 4 3  0 2.92494
 0 1 0 0 -7 4  0 0
 0 1 0 0 -6 4  0 4.16647
 0 1 0 0 -5 4  0 4.14751
 0 1 0 0 -4 4  0 4.19397
 0 1 0 0 -3 4  0 4.54176
 0 1 0 0 -2 4  0 5.01275
 0 1 0 0 -1 4  0 4.83187
 0 1 0 0 0 4  0 4.45778
 0 1 0 0 1 4  0 4.23501
 0 1 0 0 2 4  0 3.48276
 0 1 0 0 3 4  0 0
 0 1 0 0 -6 5  0 2.10072
 0 1 0 0 -5 5  0 4.32032
 0 1 0 0 -4 5  0 4.23462
 0 1 0 0 -3 5  0 5.07327
 0 1 0 0 -2 5  0 4.69966
 0 1 0 0 -1 5  0 4.55285
 0 1 0 0 0 5  0 4.65385
 0 1 0 0 1 5  0 2.2514
 0 1 0 0 -5 6  0 2.06229
 0 1 0 0 -4 6  0 4.44231
 0 1 0 0 -3 6  0 4.80393
 0 1 0 0 -2 6  0 4.65304
 0 1 0 0 -1 6  0 2.17918
 0 1 0 0 -4 7  0 2.68615
 0 1 0 0 -3 7  0 0
