Layer     dE     X0 Lambda
    1  10.058  1.048  1.068
    2   9.600  1.035  1.009
    3   9.600  1.035  1.009
    4   9.600  1.035  1.009
    5   9.600  1.035  1.009
    6   9.600  1.035  1.009
    7   9.600  1.035  1.009
    8   9.600  1.035  1.009
    9   9.600  1.035  1.009
   10   9.600  1.035  1.009
   11   9.600  1.035  1.009
   12   9.600  1.035  1.009
   13   9.600  1.035  1.009
   14   9.600  1.035  1.009
   15  11.109  1.127  1.180
   16  11.109  1.127  1.180
   17   9.600  1.035  1.009
   18   9.600  1.035  1.009
   19  11.109  1.127  1.180
   20  11.109  1.127  1.180
   21   9.600  1.035  1.009
   22   9.600  1.035  1.009
   23  10.354  1.081  1.094
   24  10.354  1.081  1.095
   25   9.600  1.035  1.009
   26   9.600  1.035  1.009
   27   9.600  1.035  1.009
   28   6.595  0.549  0.725
  Sum 273.795 28.974 28.882
