Layer      dE     X0 Lambda
    1  10.058  0.972  0.999
    2   9.600  0.960  0.943
    3   9.600  0.960  0.943
    4   9.600  0.960  0.943
    5   9.600  0.960  0.943
    6   9.600  0.960  0.943
    7   9.600  0.960  0.943
    8   9.600  0.960  0.943
    9   9.600  0.960  0.943
   10   9.600  0.960  0.943
   11   9.600  0.960  0.943
   12   9.600  0.960  0.943
   13   9.600  0.960  0.943
   14   9.600  0.960  0.943
   15   9.600  0.960  0.943
   16   9.600  0.960  0.943
   17   9.600  0.960  0.943
   18   9.600  0.960  0.943
   19   9.600  0.960  0.943
   20   9.600  0.960  0.943
   21  11.109  1.045  1.103
   22  11.109  1.045  1.103
   23  11.109  1.045  1.103
   24  11.109  1.045  1.103
   25  10.744  1.097  1.052
   26  10.744  1.097  1.052
   27  10.901  1.116  1.067
  Sum 269.280 26.695 26.507
